subject	roi_set	roi	condition	condition_label	key_column	key_value	word_label	pair_id	reliability
sub-01	meta_metaphor	meta_L_AG	yy	YY	word_label	yy_28	yy_28	28	0.06410015657286086
sub-01	meta_metaphor	meta_L_AG	yy	YY	word_label	yy_36	yy_36	36	0.24255036909040487
sub-01	meta_metaphor	meta_L_AG	yy	YY	word_label	yy_33	yy_33	33	-0.0816719684112632
sub-01	meta_metaphor	meta_L_AG	yy	YY	word_label	yy_23	yy_23	23	0.3452733884308693
sub-01	meta_metaphor	meta_L_AG	yy	YY	word_label	yy_8	yy_8	8	0.6918469273835113
sub-01	meta_metaphor	meta_L_AG	yy	YY	word_label	yy_11	yy_11	11	-0.1339729333596018
sub-01	meta_metaphor	meta_L_AG	yy	YY	word_label	yy_1	yy_1	1	0.15771682101053908
sub-01	meta_metaphor	meta_L_AG	yy	YY	word_label	yy_14	yy_14	14	-0.32449683111952976
sub-01	meta_metaphor	meta_L_AG	yy	YY	word_label	yy_3	yy_3	3	0.4659793632803062
sub-01	meta_metaphor	meta_L_AG	yy	YY	word_label	yy_38	yy_38	38	0.24234883991341408
sub-01	meta_metaphor	meta_L_AG	yy	YY	word_label	yy_5	yy_5	5	0.08067162853407273
sub-01	meta_metaphor	meta_L_AG	yy	YY	word_label	yy_35	yy_35	35	0.07544805529401857
sub-01	meta_metaphor	meta_L_AG	yy	YY	word_label	yy_15	yy_15	15	0.19764406000911014
sub-01	meta_metaphor	meta_L_AG	yy	YY	word_label	yy_13	yy_13	13	0.11929599181283586
sub-01	meta_metaphor	meta_L_AG	yy	YY	word_label	yy_9	yy_9	9	-0.44836899881785547
sub-01	meta_metaphor	meta_L_AG	yy	YY	word_label	yy_27	yy_27	27	0.4512633243296701
sub-01	meta_metaphor	meta_L_AG	yy	YY	word_label	yy_32	yy_32	32	0.060822622721336844
sub-01	meta_metaphor	meta_L_AG	yy	YY	word_label	yy_29	yy_29	29	0.20153740041307017
sub-01	meta_metaphor	meta_L_AG	yy	YY	word_label	yy_24	yy_24	24	-0.2415932591125899
sub-01	meta_metaphor	meta_L_AG	yy	YY	word_label	yy_39	yy_39	39	0.21251565000480546
sub-01	meta_metaphor	meta_L_AG	yy	YY	word_label	yy_4	yy_4	4	0.4389605662001041
sub-01	meta_metaphor	meta_L_AG	yy	YY	word_label	yy_6	yy_6	6	0.48017324102982173
sub-01	meta_metaphor	meta_L_AG	yy	YY	word_label	yy_10	yy_10	10	-0.5084700291745945
sub-01	meta_metaphor	meta_L_AG	yy	YY	word_label	yy_26	yy_26	26	0.5774273036595471
sub-01	meta_metaphor	meta_L_AG	yy	YY	word_label	yy_7	yy_7	7	0.021678204189738853
sub-01	meta_metaphor	meta_L_AG	yy	YY	word_label	yy_16	yy_16	16	-0.03840453349035852
sub-01	meta_metaphor	meta_L_AG	yy	YY	word_label	yy_37	yy_37	37	0.2512372700766505
sub-01	meta_metaphor	meta_L_AG	yy	YY	word_label	yy_21	yy_21	21	0.09864858269273649
sub-01	meta_metaphor	meta_L_AG	yy	YY	word_label	yy_18	yy_18	18	0.6502382470404063
sub-01	meta_metaphor	meta_L_AG	yy	YY	word_label	yy_19	yy_19	19	0.2718305821309767
sub-01	meta_metaphor	meta_L_AG	yy	YY	word_label	yy_17	yy_17	17	0.23101798529162462
sub-01	meta_metaphor	meta_L_AG	yy	YY	word_label	yy_40	yy_40	40	-0.31694051520069966
sub-01	meta_metaphor	meta_L_AG	yy	YY	word_label	yy_22	yy_22	22	-0.4283008744244461
sub-01	meta_metaphor	meta_L_AG	yy	YY	word_label	yy_2	yy_2	2	0.40291376562453207
sub-01	meta_metaphor	meta_L_AG	yy	YY	word_label	yy_12	yy_12	12	0.17883972662375827
sub-01	meta_metaphor	meta_L_AG	kj	KJ	word_label	kj_37	kj_37	37	0.0041168664971113645
sub-01	meta_metaphor	meta_L_AG	kj	KJ	word_label	kj_12	kj_12	12	-0.08703134465311567
sub-01	meta_metaphor	meta_L_AG	kj	KJ	word_label	kj_9	kj_9	9	0.4682854117529754
sub-01	meta_metaphor	meta_L_AG	kj	KJ	word_label	kj_36	kj_36	36	-0.07542362909474165
sub-01	meta_metaphor	meta_L_AG	kj	KJ	word_label	kj_38	kj_38	38	-0.22680126868465894
sub-01	meta_metaphor	meta_L_AG	kj	KJ	word_label	kj_1	kj_1	1	0.19537909027819966
sub-01	meta_metaphor	meta_L_AG	kj	KJ	word_label	kj_29	kj_29	29	0.23812271205532878
sub-01	meta_metaphor	meta_L_AG	kj	KJ	word_label	kj_26	kj_26	26	0.178233250560005
sub-01	meta_metaphor	meta_L_AG	kj	KJ	word_label	kj_16	kj_16	16	-0.3101740634924943
sub-01	meta_metaphor	meta_L_AG	kj	KJ	word_label	kj_19	kj_19	19	-0.5949268554217657
sub-01	meta_metaphor	meta_L_AG	kj	KJ	word_label	kj_20	kj_20	20	0.3895983840395862
sub-01	meta_metaphor	meta_L_AG	kj	KJ	word_label	kj_7	kj_7	7	-0.21959451362385088
sub-01	meta_metaphor	meta_L_AG	kj	KJ	word_label	kj_30	kj_30	30	-0.36180408708593464
sub-01	meta_metaphor	meta_L_AG	kj	KJ	word_label	kj_24	kj_24	24	-0.14535683927500007
sub-01	meta_metaphor	meta_L_AG	kj	KJ	word_label	kj_17	kj_17	17	0.4313693233650324
sub-01	meta_metaphor	meta_L_AG	kj	KJ	word_label	kj_6	kj_6	6	-0.4586795026705521
sub-01	meta_metaphor	meta_L_AG	kj	KJ	word_label	kj_39	kj_39	39	0.3500182990703784
sub-01	meta_metaphor	meta_L_AG	kj	KJ	word_label	kj_31	kj_31	31	-0.7390180043871749
sub-01	meta_metaphor	meta_L_AG	kj	KJ	word_label	kj_27	kj_27	27	-0.28197784737717335
sub-01	meta_metaphor	meta_L_AG	kj	KJ	word_label	kj_10	kj_10	10	-0.47935024217690725
sub-01	meta_metaphor	meta_L_AG	kj	KJ	word_label	kj_25	kj_25	25	0.45728133382588715
sub-01	meta_metaphor	meta_L_AG	kj	KJ	word_label	kj_11	kj_11	11	-0.5743862071215826
sub-01	meta_metaphor	meta_L_AG	kj	KJ	word_label	kj_21	kj_21	21	0.23264286048643332
sub-01	meta_metaphor	meta_L_AG	kj	KJ	word_label	kj_3	kj_3	3	-0.12170452424847128
sub-01	meta_metaphor	meta_L_AG	kj	KJ	word_label	kj_22	kj_22	22	-0.21774454335358745
sub-01	meta_metaphor	meta_L_AG	kj	KJ	word_label	kj_28	kj_28	28	0.5635013575734705
sub-01	meta_metaphor	meta_L_AG	kj	KJ	word_label	kj_15	kj_15	15	0.1223195527161535
sub-01	meta_metaphor	meta_L_AG	kj	KJ	word_label	kj_23	kj_23	23	-0.24953725846759311
sub-01	meta_metaphor	meta_L_AG	kj	KJ	word_label	kj_34	kj_34	34	0.32796619052051257
sub-01	meta_metaphor	meta_L_AG	kj	KJ	word_label	kj_5	kj_5	5	-0.07460883944362943
sub-01	meta_metaphor	meta_L_AG	kj	KJ	word_label	kj_13	kj_13	13	-0.319863087768554
sub-01	meta_metaphor	meta_L_AG	kj	KJ	word_label	kj_2	kj_2	2	-0.7693147413002108
sub-01	meta_metaphor	meta_L_AG	kj	KJ	word_label	kj_14	kj_14	14	-0.35005419848872965
sub-01	meta_metaphor	meta_L_AG	kj	KJ	word_label	kj_8	kj_8	8	0.67953462408068
sub-01	meta_metaphor	meta_L_AG	kj	KJ	word_label	kj_33	kj_33	33	-0.22149386650548852
sub-01	meta_metaphor	meta_L_IFG	yy	YY	word_label	yy_28	yy_28	28	0.04837175421222496
sub-01	meta_metaphor	meta_L_IFG	yy	YY	word_label	yy_36	yy_36	36	-0.3384896789708784
sub-01	meta_metaphor	meta_L_IFG	yy	YY	word_label	yy_33	yy_33	33	0.6096391627526789
sub-01	meta_metaphor	meta_L_IFG	yy	YY	word_label	yy_23	yy_23	23	0.14244469030917475
sub-01	meta_metaphor	meta_L_IFG	yy	YY	word_label	yy_8	yy_8	8	-0.008308447441092225
sub-01	meta_metaphor	meta_L_IFG	yy	YY	word_label	yy_11	yy_11	11	0.23170105234776625
sub-01	meta_metaphor	meta_L_IFG	yy	YY	word_label	yy_1	yy_1	1	0.06795944521863675
sub-01	meta_metaphor	meta_L_IFG	yy	YY	word_label	yy_14	yy_14	14	-4.9910574843726e-05
sub-01	meta_metaphor	meta_L_IFG	yy	YY	word_label	yy_3	yy_3	3	0.23802114016709133
sub-01	meta_metaphor	meta_L_IFG	yy	YY	word_label	yy_38	yy_38	38	0.01813045136403229
sub-01	meta_metaphor	meta_L_IFG	yy	YY	word_label	yy_5	yy_5	5	0.35019432185552074
sub-01	meta_metaphor	meta_L_IFG	yy	YY	word_label	yy_35	yy_35	35	0.19791425704375373
sub-01	meta_metaphor	meta_L_IFG	yy	YY	word_label	yy_15	yy_15	15	0.19954962808805898
sub-01	meta_metaphor	meta_L_IFG	yy	YY	word_label	yy_13	yy_13	13	0.010287311062667661
sub-01	meta_metaphor	meta_L_IFG	yy	YY	word_label	yy_9	yy_9	9	0.403087352230541
sub-01	meta_metaphor	meta_L_IFG	yy	YY	word_label	yy_27	yy_27	27	0.08335515844144908
sub-01	meta_metaphor	meta_L_IFG	yy	YY	word_label	yy_32	yy_32	32	0.3192336316223795
sub-01	meta_metaphor	meta_L_IFG	yy	YY	word_label	yy_29	yy_29	29	0.19055920110130467
sub-01	meta_metaphor	meta_L_IFG	yy	YY	word_label	yy_24	yy_24	24	0.4607488019801693
sub-01	meta_metaphor	meta_L_IFG	yy	YY	word_label	yy_39	yy_39	39	0.19731222791291464
sub-01	meta_metaphor	meta_L_IFG	yy	YY	word_label	yy_4	yy_4	4	-0.0811157312928521
sub-01	meta_metaphor	meta_L_IFG	yy	YY	word_label	yy_6	yy_6	6	0.12922512643348744
sub-01	meta_metaphor	meta_L_IFG	yy	YY	word_label	yy_10	yy_10	10	0.20912129549086583
sub-01	meta_metaphor	meta_L_IFG	yy	YY	word_label	yy_26	yy_26	26	0.25771274795690136
sub-01	meta_metaphor	meta_L_IFG	yy	YY	word_label	yy_7	yy_7	7	0.4241674565007155
sub-01	meta_metaphor	meta_L_IFG	yy	YY	word_label	yy_16	yy_16	16	0.04062440812774852
sub-01	meta_metaphor	meta_L_IFG	yy	YY	word_label	yy_37	yy_37	37	-0.12357707090763337
sub-01	meta_metaphor	meta_L_IFG	yy	YY	word_label	yy_21	yy_21	21	0.273534477415678
sub-01	meta_metaphor	meta_L_IFG	yy	YY	word_label	yy_18	yy_18	18	0.3355590666679574
sub-01	meta_metaphor	meta_L_IFG	yy	YY	word_label	yy_19	yy_19	19	-0.1463647833793802
sub-01	meta_metaphor	meta_L_IFG	yy	YY	word_label	yy_17	yy_17	17	0.1642938442718326
sub-01	meta_metaphor	meta_L_IFG	yy	YY	word_label	yy_40	yy_40	40	0.573380603368691
sub-01	meta_metaphor	meta_L_IFG	yy	YY	word_label	yy_22	yy_22	22	0.48972089714664874
sub-01	meta_metaphor	meta_L_IFG	yy	YY	word_label	yy_2	yy_2	2	0.3667346348580177
sub-01	meta_metaphor	meta_L_IFG	yy	YY	word_label	yy_12	yy_12	12	0.3894917664763562
sub-01	meta_metaphor	meta_L_IFG	kj	KJ	word_label	kj_37	kj_37	37	0.15773494716823142
sub-01	meta_metaphor	meta_L_IFG	kj	KJ	word_label	kj_12	kj_12	12	-0.15910406329565693
sub-01	meta_metaphor	meta_L_IFG	kj	KJ	word_label	kj_9	kj_9	9	0.33857290334583917
sub-01	meta_metaphor	meta_L_IFG	kj	KJ	word_label	kj_36	kj_36	36	-0.07151418857351122
sub-01	meta_metaphor	meta_L_IFG	kj	KJ	word_label	kj_38	kj_38	38	0.20918893811939598
sub-01	meta_metaphor	meta_L_IFG	kj	KJ	word_label	kj_1	kj_1	1	-0.05304180419094743
sub-01	meta_metaphor	meta_L_IFG	kj	KJ	word_label	kj_29	kj_29	29	0.12456412539667776
sub-01	meta_metaphor	meta_L_IFG	kj	KJ	word_label	kj_26	kj_26	26	-0.000242870550942848
sub-01	meta_metaphor	meta_L_IFG	kj	KJ	word_label	kj_16	kj_16	16	-0.2589827076552568
sub-01	meta_metaphor	meta_L_IFG	kj	KJ	word_label	kj_19	kj_19	19	0.17939517897049068
sub-01	meta_metaphor	meta_L_IFG	kj	KJ	word_label	kj_20	kj_20	20	0.20515513484404246
sub-01	meta_metaphor	meta_L_IFG	kj	KJ	word_label	kj_7	kj_7	7	0.1083729472057899
sub-01	meta_metaphor	meta_L_IFG	kj	KJ	word_label	kj_30	kj_30	30	0.04711806502805826
sub-01	meta_metaphor	meta_L_IFG	kj	KJ	word_label	kj_24	kj_24	24	0.05992198518654288
sub-01	meta_metaphor	meta_L_IFG	kj	KJ	word_label	kj_17	kj_17	17	0.4618516143175828
sub-01	meta_metaphor	meta_L_IFG	kj	KJ	word_label	kj_6	kj_6	6	0.26133056208554756
sub-01	meta_metaphor	meta_L_IFG	kj	KJ	word_label	kj_39	kj_39	39	0.2952348386485883
sub-01	meta_metaphor	meta_L_IFG	kj	KJ	word_label	kj_31	kj_31	31	-0.1713854135920442
sub-01	meta_metaphor	meta_L_IFG	kj	KJ	word_label	kj_27	kj_27	27	0.06438671085324275
sub-01	meta_metaphor	meta_L_IFG	kj	KJ	word_label	kj_10	kj_10	10	-0.2142625194908866
sub-01	meta_metaphor	meta_L_IFG	kj	KJ	word_label	kj_25	kj_25	25	0.05433566799745742
sub-01	meta_metaphor	meta_L_IFG	kj	KJ	word_label	kj_11	kj_11	11	-0.1735697333989985
sub-01	meta_metaphor	meta_L_IFG	kj	KJ	word_label	kj_21	kj_21	21	0.014400467946517507
sub-01	meta_metaphor	meta_L_IFG	kj	KJ	word_label	kj_3	kj_3	3	-0.021561116280508795
sub-01	meta_metaphor	meta_L_IFG	kj	KJ	word_label	kj_22	kj_22	22	0.0025798733216110827
sub-01	meta_metaphor	meta_L_IFG	kj	KJ	word_label	kj_28	kj_28	28	-0.06403631798854546
sub-01	meta_metaphor	meta_L_IFG	kj	KJ	word_label	kj_15	kj_15	15	0.23632764597209702
sub-01	meta_metaphor	meta_L_IFG	kj	KJ	word_label	kj_23	kj_23	23	-0.18555295755876866
sub-01	meta_metaphor	meta_L_IFG	kj	KJ	word_label	kj_34	kj_34	34	0.23551855867017404
sub-01	meta_metaphor	meta_L_IFG	kj	KJ	word_label	kj_5	kj_5	5	0.1694366453483506
sub-01	meta_metaphor	meta_L_IFG	kj	KJ	word_label	kj_13	kj_13	13	0.2716553483004281
sub-01	meta_metaphor	meta_L_IFG	kj	KJ	word_label	kj_2	kj_2	2	-0.20762313993885098
sub-01	meta_metaphor	meta_L_IFG	kj	KJ	word_label	kj_14	kj_14	14	0.38416503415344055
sub-01	meta_metaphor	meta_L_IFG	kj	KJ	word_label	kj_8	kj_8	8	0.019018483362562656
sub-01	meta_metaphor	meta_L_IFG	kj	KJ	word_label	kj_33	kj_33	33	0.06479623048303197
sub-01	meta_metaphor	meta_L_pMTG_pSTS	yy	YY	word_label	yy_28	yy_28	28	-0.29574758314864336
sub-01	meta_metaphor	meta_L_pMTG_pSTS	yy	YY	word_label	yy_36	yy_36	36	-0.06655449343398834
sub-01	meta_metaphor	meta_L_pMTG_pSTS	yy	YY	word_label	yy_33	yy_33	33	0.22439485945642745
sub-01	meta_metaphor	meta_L_pMTG_pSTS	yy	YY	word_label	yy_23	yy_23	23	0.3008750487795212
sub-01	meta_metaphor	meta_L_pMTG_pSTS	yy	YY	word_label	yy_8	yy_8	8	0.09681695087745738
sub-01	meta_metaphor	meta_L_pMTG_pSTS	yy	YY	word_label	yy_11	yy_11	11	0.09183826644050842
sub-01	meta_metaphor	meta_L_pMTG_pSTS	yy	YY	word_label	yy_1	yy_1	1	-0.42159051788667284
sub-01	meta_metaphor	meta_L_pMTG_pSTS	yy	YY	word_label	yy_14	yy_14	14	-0.6911276737688542
sub-01	meta_metaphor	meta_L_pMTG_pSTS	yy	YY	word_label	yy_3	yy_3	3	0.04592284915730541
sub-01	meta_metaphor	meta_L_pMTG_pSTS	yy	YY	word_label	yy_38	yy_38	38	-0.2287070772360788
sub-01	meta_metaphor	meta_L_pMTG_pSTS	yy	YY	word_label	yy_5	yy_5	5	0.05428183387436238
sub-01	meta_metaphor	meta_L_pMTG_pSTS	yy	YY	word_label	yy_35	yy_35	35	-0.32023838912288727
sub-01	meta_metaphor	meta_L_pMTG_pSTS	yy	YY	word_label	yy_15	yy_15	15	0.4798848191749166
sub-01	meta_metaphor	meta_L_pMTG_pSTS	yy	YY	word_label	yy_13	yy_13	13	0.4181712292192374
sub-01	meta_metaphor	meta_L_pMTG_pSTS	yy	YY	word_label	yy_9	yy_9	9	0.44928785395673665
sub-01	meta_metaphor	meta_L_pMTG_pSTS	yy	YY	word_label	yy_27	yy_27	27	0.22495704123043514
sub-01	meta_metaphor	meta_L_pMTG_pSTS	yy	YY	word_label	yy_32	yy_32	32	0.7210892727207492
sub-01	meta_metaphor	meta_L_pMTG_pSTS	yy	YY	word_label	yy_29	yy_29	29	0.32742504139083467
sub-01	meta_metaphor	meta_L_pMTG_pSTS	yy	YY	word_label	yy_24	yy_24	24	-0.14100308287188404
sub-01	meta_metaphor	meta_L_pMTG_pSTS	yy	YY	word_label	yy_39	yy_39	39	0.5524687264552954
sub-01	meta_metaphor	meta_L_pMTG_pSTS	yy	YY	word_label	yy_4	yy_4	4	-0.06422282347717345
sub-01	meta_metaphor	meta_L_pMTG_pSTS	yy	YY	word_label	yy_6	yy_6	6	-0.03825559300718204
sub-01	meta_metaphor	meta_L_pMTG_pSTS	yy	YY	word_label	yy_10	yy_10	10	0.4977779137407788
sub-01	meta_metaphor	meta_L_pMTG_pSTS	yy	YY	word_label	yy_26	yy_26	26	0.34962689978641587
sub-01	meta_metaphor	meta_L_pMTG_pSTS	yy	YY	word_label	yy_7	yy_7	7	0.1732998088149806
sub-01	meta_metaphor	meta_L_pMTG_pSTS	yy	YY	word_label	yy_16	yy_16	16	-0.2635579221460657
sub-01	meta_metaphor	meta_L_pMTG_pSTS	yy	YY	word_label	yy_37	yy_37	37	0.032292021307993996
sub-01	meta_metaphor	meta_L_pMTG_pSTS	yy	YY	word_label	yy_21	yy_21	21	-0.4179466961835696
sub-01	meta_metaphor	meta_L_pMTG_pSTS	yy	YY	word_label	yy_18	yy_18	18	-0.16424127410831704
sub-01	meta_metaphor	meta_L_pMTG_pSTS	yy	YY	word_label	yy_19	yy_19	19	-0.19068059402634405
sub-01	meta_metaphor	meta_L_pMTG_pSTS	yy	YY	word_label	yy_17	yy_17	17	0.6642714875411591
sub-01	meta_metaphor	meta_L_pMTG_pSTS	yy	YY	word_label	yy_40	yy_40	40	0.2651097870405152
sub-01	meta_metaphor	meta_L_pMTG_pSTS	yy	YY	word_label	yy_22	yy_22	22	-0.1130644383312066
sub-01	meta_metaphor	meta_L_pMTG_pSTS	yy	YY	word_label	yy_2	yy_2	2	-0.50854464386152
sub-01	meta_metaphor	meta_L_pMTG_pSTS	yy	YY	word_label	yy_12	yy_12	12	0.1391506093256303
sub-01	meta_metaphor	meta_L_pMTG_pSTS	kj	KJ	word_label	kj_37	kj_37	37	0.15318970636235643
sub-01	meta_metaphor	meta_L_pMTG_pSTS	kj	KJ	word_label	kj_12	kj_12	12	-0.3825761116946493
sub-01	meta_metaphor	meta_L_pMTG_pSTS	kj	KJ	word_label	kj_9	kj_9	9	0.6805583343354735
sub-01	meta_metaphor	meta_L_pMTG_pSTS	kj	KJ	word_label	kj_36	kj_36	36	-0.3858321747782776
sub-01	meta_metaphor	meta_L_pMTG_pSTS	kj	KJ	word_label	kj_38	kj_38	38	0.00920413473540062
sub-01	meta_metaphor	meta_L_pMTG_pSTS	kj	KJ	word_label	kj_1	kj_1	1	0.5583452375196595
sub-01	meta_metaphor	meta_L_pMTG_pSTS	kj	KJ	word_label	kj_29	kj_29	29	-0.2956336019652034
sub-01	meta_metaphor	meta_L_pMTG_pSTS	kj	KJ	word_label	kj_26	kj_26	26	0.25171897732945137
sub-01	meta_metaphor	meta_L_pMTG_pSTS	kj	KJ	word_label	kj_16	kj_16	16	0.23432428269405065
sub-01	meta_metaphor	meta_L_pMTG_pSTS	kj	KJ	word_label	kj_19	kj_19	19	-0.4526964942149546
sub-01	meta_metaphor	meta_L_pMTG_pSTS	kj	KJ	word_label	kj_20	kj_20	20	0.42713535725736107
sub-01	meta_metaphor	meta_L_pMTG_pSTS	kj	KJ	word_label	kj_7	kj_7	7	0.1365794482871341
sub-01	meta_metaphor	meta_L_pMTG_pSTS	kj	KJ	word_label	kj_30	kj_30	30	0.45766501378153907
sub-01	meta_metaphor	meta_L_pMTG_pSTS	kj	KJ	word_label	kj_24	kj_24	24	-0.32927056130197424
sub-01	meta_metaphor	meta_L_pMTG_pSTS	kj	KJ	word_label	kj_17	kj_17	17	0.2826653920655922
sub-01	meta_metaphor	meta_L_pMTG_pSTS	kj	KJ	word_label	kj_6	kj_6	6	0.1918752507011839
sub-01	meta_metaphor	meta_L_pMTG_pSTS	kj	KJ	word_label	kj_39	kj_39	39	-0.4513441923657763
sub-01	meta_metaphor	meta_L_pMTG_pSTS	kj	KJ	word_label	kj_31	kj_31	31	0.015062398713908798
sub-01	meta_metaphor	meta_L_pMTG_pSTS	kj	KJ	word_label	kj_27	kj_27	27	-0.11099496104068222
sub-01	meta_metaphor	meta_L_pMTG_pSTS	kj	KJ	word_label	kj_10	kj_10	10	-0.6584064516516663
sub-01	meta_metaphor	meta_L_pMTG_pSTS	kj	KJ	word_label	kj_25	kj_25	25	0.6912877748254787
sub-01	meta_metaphor	meta_L_pMTG_pSTS	kj	KJ	word_label	kj_11	kj_11	11	-0.20189664896076792
sub-01	meta_metaphor	meta_L_pMTG_pSTS	kj	KJ	word_label	kj_21	kj_21	21	-0.06155331553366801
sub-01	meta_metaphor	meta_L_pMTG_pSTS	kj	KJ	word_label	kj_3	kj_3	3	-0.19619630370707797
sub-01	meta_metaphor	meta_L_pMTG_pSTS	kj	KJ	word_label	kj_22	kj_22	22	0.2174648110753862
sub-01	meta_metaphor	meta_L_pMTG_pSTS	kj	KJ	word_label	kj_28	kj_28	28	0.3538262285128037
sub-01	meta_metaphor	meta_L_pMTG_pSTS	kj	KJ	word_label	kj_15	kj_15	15	0.49076221580114426
sub-01	meta_metaphor	meta_L_pMTG_pSTS	kj	KJ	word_label	kj_23	kj_23	23	0.08610563975689528
sub-01	meta_metaphor	meta_L_pMTG_pSTS	kj	KJ	word_label	kj_34	kj_34	34	0.1060277512307196
sub-01	meta_metaphor	meta_L_pMTG_pSTS	kj	KJ	word_label	kj_5	kj_5	5	0.17183241862904033
sub-01	meta_metaphor	meta_L_pMTG_pSTS	kj	KJ	word_label	kj_13	kj_13	13	-0.24015690346556023
sub-01	meta_metaphor	meta_L_pMTG_pSTS	kj	KJ	word_label	kj_2	kj_2	2	-0.16752497142487194
sub-01	meta_metaphor	meta_L_pMTG_pSTS	kj	KJ	word_label	kj_14	kj_14	14	0.31443021764394374
sub-01	meta_metaphor	meta_L_pMTG_pSTS	kj	KJ	word_label	kj_8	kj_8	8	-0.22814031760789544
sub-01	meta_metaphor	meta_L_pMTG_pSTS	kj	KJ	word_label	kj_33	kj_33	33	0.023786107633563217
sub-01	meta_metaphor	meta_L_temporal_pole	yy	YY	word_label	yy_28	yy_28	28	-0.24598255160237736
sub-01	meta_metaphor	meta_L_temporal_pole	yy	YY	word_label	yy_36	yy_36	36	-0.6241479305602193
sub-01	meta_metaphor	meta_L_temporal_pole	yy	YY	word_label	yy_33	yy_33	33	0.36086953701503005
sub-01	meta_metaphor	meta_L_temporal_pole	yy	YY	word_label	yy_23	yy_23	23	0.10949538739411344
sub-01	meta_metaphor	meta_L_temporal_pole	yy	YY	word_label	yy_8	yy_8	8	-0.4298669934687557
sub-01	meta_metaphor	meta_L_temporal_pole	yy	YY	word_label	yy_11	yy_11	11	-0.13857461768248602
sub-01	meta_metaphor	meta_L_temporal_pole	yy	YY	word_label	yy_1	yy_1	1	0.5895982650184983
sub-01	meta_metaphor	meta_L_temporal_pole	yy	YY	word_label	yy_14	yy_14	14	0.4555438079248016
sub-01	meta_metaphor	meta_L_temporal_pole	yy	YY	word_label	yy_3	yy_3	3	0.024347521630965572
sub-01	meta_metaphor	meta_L_temporal_pole	yy	YY	word_label	yy_38	yy_38	38	0.17257169553340884
sub-01	meta_metaphor	meta_L_temporal_pole	yy	YY	word_label	yy_5	yy_5	5	-0.053129657522994894
sub-01	meta_metaphor	meta_L_temporal_pole	yy	YY	word_label	yy_35	yy_35	35	0.3006185489487157
sub-01	meta_metaphor	meta_L_temporal_pole	yy	YY	word_label	yy_15	yy_15	15	0.31804018298706005
sub-01	meta_metaphor	meta_L_temporal_pole	yy	YY	word_label	yy_13	yy_13	13	0.06670619612220507
sub-01	meta_metaphor	meta_L_temporal_pole	yy	YY	word_label	yy_9	yy_9	9	-0.40895345926855253
sub-01	meta_metaphor	meta_L_temporal_pole	yy	YY	word_label	yy_27	yy_27	27	-0.318074269629477
sub-01	meta_metaphor	meta_L_temporal_pole	yy	YY	word_label	yy_32	yy_32	32	-0.11846097914225948
sub-01	meta_metaphor	meta_L_temporal_pole	yy	YY	word_label	yy_29	yy_29	29	0.480820397888151
sub-01	meta_metaphor	meta_L_temporal_pole	yy	YY	word_label	yy_24	yy_24	24	0.03133964692771958
sub-01	meta_metaphor	meta_L_temporal_pole	yy	YY	word_label	yy_39	yy_39	39	-0.4608471601856724
sub-01	meta_metaphor	meta_L_temporal_pole	yy	YY	word_label	yy_4	yy_4	4	-0.038466399727203934
sub-01	meta_metaphor	meta_L_temporal_pole	yy	YY	word_label	yy_6	yy_6	6	0.4645210367240508
sub-01	meta_metaphor	meta_L_temporal_pole	yy	YY	word_label	yy_10	yy_10	10	-0.19607032498673196
sub-01	meta_metaphor	meta_L_temporal_pole	yy	YY	word_label	yy_26	yy_26	26	0.15831787617737178
sub-01	meta_metaphor	meta_L_temporal_pole	yy	YY	word_label	yy_7	yy_7	7	0.17230083379936453
sub-01	meta_metaphor	meta_L_temporal_pole	yy	YY	word_label	yy_16	yy_16	16	0.4040167326549424
sub-01	meta_metaphor	meta_L_temporal_pole	yy	YY	word_label	yy_37	yy_37	37	0.020842845463231126
sub-01	meta_metaphor	meta_L_temporal_pole	yy	YY	word_label	yy_21	yy_21	21	0.25636366130366633
sub-01	meta_metaphor	meta_L_temporal_pole	yy	YY	word_label	yy_18	yy_18	18	0.49981839489910873
sub-01	meta_metaphor	meta_L_temporal_pole	yy	YY	word_label	yy_19	yy_19	19	0.5063877204766476
sub-01	meta_metaphor	meta_L_temporal_pole	yy	YY	word_label	yy_17	yy_17	17	-0.7596318658883269
sub-01	meta_metaphor	meta_L_temporal_pole	yy	YY	word_label	yy_40	yy_40	40	0.48094063503253137
sub-01	meta_metaphor	meta_L_temporal_pole	yy	YY	word_label	yy_22	yy_22	22	0.286328376850833
sub-01	meta_metaphor	meta_L_temporal_pole	yy	YY	word_label	yy_2	yy_2	2	0.34882325912429196
sub-01	meta_metaphor	meta_L_temporal_pole	yy	YY	word_label	yy_12	yy_12	12	-0.2679899314522731
sub-01	meta_metaphor	meta_L_temporal_pole	kj	KJ	word_label	kj_37	kj_37	37	0.39760566927589364
sub-01	meta_metaphor	meta_L_temporal_pole	kj	KJ	word_label	kj_12	kj_12	12	0.40690794089136983
sub-01	meta_metaphor	meta_L_temporal_pole	kj	KJ	word_label	kj_9	kj_9	9	-0.16716852544789504
sub-01	meta_metaphor	meta_L_temporal_pole	kj	KJ	word_label	kj_36	kj_36	36	-0.06405217644063993
sub-01	meta_metaphor	meta_L_temporal_pole	kj	KJ	word_label	kj_38	kj_38	38	-0.7308279166363596
sub-01	meta_metaphor	meta_L_temporal_pole	kj	KJ	word_label	kj_1	kj_1	1	-0.04484285905945831
sub-01	meta_metaphor	meta_L_temporal_pole	kj	KJ	word_label	kj_29	kj_29	29	0.37426046273329205
sub-01	meta_metaphor	meta_L_temporal_pole	kj	KJ	word_label	kj_26	kj_26	26	-0.5180544569382503
sub-01	meta_metaphor	meta_L_temporal_pole	kj	KJ	word_label	kj_16	kj_16	16	-0.1924397478603624
sub-01	meta_metaphor	meta_L_temporal_pole	kj	KJ	word_label	kj_19	kj_19	19	-0.21746202909889872
sub-01	meta_metaphor	meta_L_temporal_pole	kj	KJ	word_label	kj_20	kj_20	20	-0.07576527416649562
sub-01	meta_metaphor	meta_L_temporal_pole	kj	KJ	word_label	kj_7	kj_7	7	0.3022710446222577
sub-01	meta_metaphor	meta_L_temporal_pole	kj	KJ	word_label	kj_30	kj_30	30	0.1698691119963314
sub-01	meta_metaphor	meta_L_temporal_pole	kj	KJ	word_label	kj_24	kj_24	24	-0.19560007472834107
sub-01	meta_metaphor	meta_L_temporal_pole	kj	KJ	word_label	kj_17	kj_17	17	0.2921184425831373
sub-01	meta_metaphor	meta_L_temporal_pole	kj	KJ	word_label	kj_6	kj_6	6	-0.3425579197951729
sub-01	meta_metaphor	meta_L_temporal_pole	kj	KJ	word_label	kj_39	kj_39	39	-0.22655593530127197
sub-01	meta_metaphor	meta_L_temporal_pole	kj	KJ	word_label	kj_31	kj_31	31	-0.36708293599441505
sub-01	meta_metaphor	meta_L_temporal_pole	kj	KJ	word_label	kj_27	kj_27	27	-0.26918501624998337
sub-01	meta_metaphor	meta_L_temporal_pole	kj	KJ	word_label	kj_10	kj_10	10	-0.5721532040774122
sub-01	meta_metaphor	meta_L_temporal_pole	kj	KJ	word_label	kj_25	kj_25	25	0.34005606644148106
sub-01	meta_metaphor	meta_L_temporal_pole	kj	KJ	word_label	kj_11	kj_11	11	-0.3069209441705146
sub-01	meta_metaphor	meta_L_temporal_pole	kj	KJ	word_label	kj_21	kj_21	21	0.37676094425534096
sub-01	meta_metaphor	meta_L_temporal_pole	kj	KJ	word_label	kj_3	kj_3	3	0.4447051893565113
sub-01	meta_metaphor	meta_L_temporal_pole	kj	KJ	word_label	kj_22	kj_22	22	0.29233302342213846
sub-01	meta_metaphor	meta_L_temporal_pole	kj	KJ	word_label	kj_28	kj_28	28	-0.6589613264026736
sub-01	meta_metaphor	meta_L_temporal_pole	kj	KJ	word_label	kj_15	kj_15	15	0.20948778896112608
sub-01	meta_metaphor	meta_L_temporal_pole	kj	KJ	word_label	kj_23	kj_23	23	-0.34064543572815775
sub-01	meta_metaphor	meta_L_temporal_pole	kj	KJ	word_label	kj_34	kj_34	34	0.1324098169387586
sub-01	meta_metaphor	meta_L_temporal_pole	kj	KJ	word_label	kj_5	kj_5	5	-0.4812857382680492
sub-01	meta_metaphor	meta_L_temporal_pole	kj	KJ	word_label	kj_13	kj_13	13	0.6921464883049224
sub-01	meta_metaphor	meta_L_temporal_pole	kj	KJ	word_label	kj_2	kj_2	2	-0.45125785754527975
sub-01	meta_metaphor	meta_L_temporal_pole	kj	KJ	word_label	kj_14	kj_14	14	0.8134437783399835
sub-01	meta_metaphor	meta_L_temporal_pole	kj	KJ	word_label	kj_8	kj_8	8	0.5942990218253487
sub-01	meta_metaphor	meta_L_temporal_pole	kj	KJ	word_label	kj_33	kj_33	33	-0.21459310981303342
sub-01	meta_metaphor	meta_R_AG	yy	YY	word_label	yy_28	yy_28	28	-0.16364276145001766
sub-01	meta_metaphor	meta_R_AG	yy	YY	word_label	yy_36	yy_36	36	-0.28326985032711544
sub-01	meta_metaphor	meta_R_AG	yy	YY	word_label	yy_33	yy_33	33	-0.22374537827126803
sub-01	meta_metaphor	meta_R_AG	yy	YY	word_label	yy_23	yy_23	23	-0.10937157398609133
sub-01	meta_metaphor	meta_R_AG	yy	YY	word_label	yy_8	yy_8	8	0.07391415279129672
sub-01	meta_metaphor	meta_R_AG	yy	YY	word_label	yy_11	yy_11	11	-0.3014666650967668
sub-01	meta_metaphor	meta_R_AG	yy	YY	word_label	yy_1	yy_1	1	-0.354415345547111
sub-01	meta_metaphor	meta_R_AG	yy	YY	word_label	yy_14	yy_14	14	-0.6652052116215748
sub-01	meta_metaphor	meta_R_AG	yy	YY	word_label	yy_3	yy_3	3	0.23852581344552756
sub-01	meta_metaphor	meta_R_AG	yy	YY	word_label	yy_38	yy_38	38	0.029679609256599335
sub-01	meta_metaphor	meta_R_AG	yy	YY	word_label	yy_5	yy_5	5	0.27032030883046937
sub-01	meta_metaphor	meta_R_AG	yy	YY	word_label	yy_35	yy_35	35	0.5092033571708365
sub-01	meta_metaphor	meta_R_AG	yy	YY	word_label	yy_15	yy_15	15	0.4825088915794025
sub-01	meta_metaphor	meta_R_AG	yy	YY	word_label	yy_13	yy_13	13	0.11175484076011746
sub-01	meta_metaphor	meta_R_AG	yy	YY	word_label	yy_9	yy_9	9	0.3839752177096152
sub-01	meta_metaphor	meta_R_AG	yy	YY	word_label	yy_27	yy_27	27	0.18020690099818854
sub-01	meta_metaphor	meta_R_AG	yy	YY	word_label	yy_32	yy_32	32	0.3650659964726903
sub-01	meta_metaphor	meta_R_AG	yy	YY	word_label	yy_29	yy_29	29	0.7320141471865799
sub-01	meta_metaphor	meta_R_AG	yy	YY	word_label	yy_24	yy_24	24	0.10298330424370365
sub-01	meta_metaphor	meta_R_AG	yy	YY	word_label	yy_39	yy_39	39	0.7934410869850956
sub-01	meta_metaphor	meta_R_AG	yy	YY	word_label	yy_4	yy_4	4	0.30066980376933766
sub-01	meta_metaphor	meta_R_AG	yy	YY	word_label	yy_6	yy_6	6	0.30272497546710986
sub-01	meta_metaphor	meta_R_AG	yy	YY	word_label	yy_10	yy_10	10	-0.3139534287078091
sub-01	meta_metaphor	meta_R_AG	yy	YY	word_label	yy_26	yy_26	26	0.5764426149422801
sub-01	meta_metaphor	meta_R_AG	yy	YY	word_label	yy_7	yy_7	7	0.6185527074174647
sub-01	meta_metaphor	meta_R_AG	yy	YY	word_label	yy_16	yy_16	16	0.5515296069444264
sub-01	meta_metaphor	meta_R_AG	yy	YY	word_label	yy_37	yy_37	37	0.23612131486731236
sub-01	meta_metaphor	meta_R_AG	yy	YY	word_label	yy_21	yy_21	21	-0.1560002476369163
sub-01	meta_metaphor	meta_R_AG	yy	YY	word_label	yy_18	yy_18	18	-0.2951562303543265
sub-01	meta_metaphor	meta_R_AG	yy	YY	word_label	yy_19	yy_19	19	0.0005894949785751308
sub-01	meta_metaphor	meta_R_AG	yy	YY	word_label	yy_17	yy_17	17	-0.1138405141428627
sub-01	meta_metaphor	meta_R_AG	yy	YY	word_label	yy_40	yy_40	40	0.21693157454619164
sub-01	meta_metaphor	meta_R_AG	yy	YY	word_label	yy_22	yy_22	22	0.7055271997628257
sub-01	meta_metaphor	meta_R_AG	yy	YY	word_label	yy_2	yy_2	2	-0.5546725715541594
sub-01	meta_metaphor	meta_R_AG	yy	YY	word_label	yy_12	yy_12	12	0.192749481032935
sub-01	meta_metaphor	meta_R_AG	kj	KJ	word_label	kj_37	kj_37	37	0.29278054760116307
sub-01	meta_metaphor	meta_R_AG	kj	KJ	word_label	kj_12	kj_12	12	0.26886784128754143
sub-01	meta_metaphor	meta_R_AG	kj	KJ	word_label	kj_9	kj_9	9	-0.08853632259017383
sub-01	meta_metaphor	meta_R_AG	kj	KJ	word_label	kj_36	kj_36	36	0.5703467775390733
sub-01	meta_metaphor	meta_R_AG	kj	KJ	word_label	kj_38	kj_38	38	0.21285807868863652
sub-01	meta_metaphor	meta_R_AG	kj	KJ	word_label	kj_1	kj_1	1	0.23244025693567272
sub-01	meta_metaphor	meta_R_AG	kj	KJ	word_label	kj_29	kj_29	29	-0.44415952701258227
sub-01	meta_metaphor	meta_R_AG	kj	KJ	word_label	kj_26	kj_26	26	0.199427800071814
sub-01	meta_metaphor	meta_R_AG	kj	KJ	word_label	kj_16	kj_16	16	-0.2439071040491373
sub-01	meta_metaphor	meta_R_AG	kj	KJ	word_label	kj_19	kj_19	19	-0.0021208209403719125
sub-01	meta_metaphor	meta_R_AG	kj	KJ	word_label	kj_20	kj_20	20	0.24553666685849923
sub-01	meta_metaphor	meta_R_AG	kj	KJ	word_label	kj_7	kj_7	7	0.19185751170020982
sub-01	meta_metaphor	meta_R_AG	kj	KJ	word_label	kj_30	kj_30	30	0.2213529509001319
sub-01	meta_metaphor	meta_R_AG	kj	KJ	word_label	kj_24	kj_24	24	0.35341671838113625
sub-01	meta_metaphor	meta_R_AG	kj	KJ	word_label	kj_17	kj_17	17	-0.0811202137629418
sub-01	meta_metaphor	meta_R_AG	kj	KJ	word_label	kj_6	kj_6	6	0.46486543937218383
sub-01	meta_metaphor	meta_R_AG	kj	KJ	word_label	kj_39	kj_39	39	0.28834577378557646
sub-01	meta_metaphor	meta_R_AG	kj	KJ	word_label	kj_31	kj_31	31	-0.3724187360836641
sub-01	meta_metaphor	meta_R_AG	kj	KJ	word_label	kj_27	kj_27	27	-0.2921212376028008
sub-01	meta_metaphor	meta_R_AG	kj	KJ	word_label	kj_10	kj_10	10	0.19061483642180016
sub-01	meta_metaphor	meta_R_AG	kj	KJ	word_label	kj_25	kj_25	25	0.6032564370399319
sub-01	meta_metaphor	meta_R_AG	kj	KJ	word_label	kj_11	kj_11	11	-0.16361277687041298
sub-01	meta_metaphor	meta_R_AG	kj	KJ	word_label	kj_21	kj_21	21	-0.17735958869547608
sub-01	meta_metaphor	meta_R_AG	kj	KJ	word_label	kj_3	kj_3	3	0.40506297779610156
sub-01	meta_metaphor	meta_R_AG	kj	KJ	word_label	kj_22	kj_22	22	-0.10701562944948921
sub-01	meta_metaphor	meta_R_AG	kj	KJ	word_label	kj_28	kj_28	28	-0.13564504943788194
sub-01	meta_metaphor	meta_R_AG	kj	KJ	word_label	kj_15	kj_15	15	-0.24919581786317577
sub-01	meta_metaphor	meta_R_AG	kj	KJ	word_label	kj_23	kj_23	23	0.0994159892344484
sub-01	meta_metaphor	meta_R_AG	kj	KJ	word_label	kj_34	kj_34	34	0.3357533712771497
sub-01	meta_metaphor	meta_R_AG	kj	KJ	word_label	kj_5	kj_5	5	0.1429220878960906
sub-01	meta_metaphor	meta_R_AG	kj	KJ	word_label	kj_13	kj_13	13	0.7919445849920423
sub-01	meta_metaphor	meta_R_AG	kj	KJ	word_label	kj_2	kj_2	2	0.15165208506964153
sub-01	meta_metaphor	meta_R_AG	kj	KJ	word_label	kj_14	kj_14	14	0.1783722691670217
sub-01	meta_metaphor	meta_R_AG	kj	KJ	word_label	kj_8	kj_8	8	0.45183860567047923
sub-01	meta_metaphor	meta_R_AG	kj	KJ	word_label	kj_33	kj_33	33	-0.45792159653171205
sub-01	meta_metaphor	meta_R_IFG	yy	YY	word_label	yy_28	yy_28	28	-0.4144988893686467
sub-01	meta_metaphor	meta_R_IFG	yy	YY	word_label	yy_36	yy_36	36	-0.41714627110369396
sub-01	meta_metaphor	meta_R_IFG	yy	YY	word_label	yy_33	yy_33	33	-0.3439610626630246
sub-01	meta_metaphor	meta_R_IFG	yy	YY	word_label	yy_23	yy_23	23	0.040864618814240576
sub-01	meta_metaphor	meta_R_IFG	yy	YY	word_label	yy_8	yy_8	8	-0.5959893295690719
sub-01	meta_metaphor	meta_R_IFG	yy	YY	word_label	yy_11	yy_11	11	-0.11231455510277877
sub-01	meta_metaphor	meta_R_IFG	yy	YY	word_label	yy_1	yy_1	1	0.02786813162454135
sub-01	meta_metaphor	meta_R_IFG	yy	YY	word_label	yy_14	yy_14	14	0.0764536607544862
sub-01	meta_metaphor	meta_R_IFG	yy	YY	word_label	yy_3	yy_3	3	-0.34541469422204724
sub-01	meta_metaphor	meta_R_IFG	yy	YY	word_label	yy_38	yy_38	38	-0.18133905836200823
sub-01	meta_metaphor	meta_R_IFG	yy	YY	word_label	yy_5	yy_5	5	-0.33951888437180117
sub-01	meta_metaphor	meta_R_IFG	yy	YY	word_label	yy_35	yy_35	35	0.10832414513356708
sub-01	meta_metaphor	meta_R_IFG	yy	YY	word_label	yy_15	yy_15	15	-0.3875607834897125
sub-01	meta_metaphor	meta_R_IFG	yy	YY	word_label	yy_13	yy_13	13	-0.6513863442276642
sub-01	meta_metaphor	meta_R_IFG	yy	YY	word_label	yy_9	yy_9	9	-0.15672493478538158
sub-01	meta_metaphor	meta_R_IFG	yy	YY	word_label	yy_27	yy_27	27	-0.11097099571768648
sub-01	meta_metaphor	meta_R_IFG	yy	YY	word_label	yy_32	yy_32	32	0.3450985047013711
sub-01	meta_metaphor	meta_R_IFG	yy	YY	word_label	yy_29	yy_29	29	0.07750894840494221
sub-01	meta_metaphor	meta_R_IFG	yy	YY	word_label	yy_24	yy_24	24	0.3023219009196602
sub-01	meta_metaphor	meta_R_IFG	yy	YY	word_label	yy_39	yy_39	39	-0.3877761895097817
sub-01	meta_metaphor	meta_R_IFG	yy	YY	word_label	yy_4	yy_4	4	0.1395501925377656
sub-01	meta_metaphor	meta_R_IFG	yy	YY	word_label	yy_6	yy_6	6	0.4416474190817308
sub-01	meta_metaphor	meta_R_IFG	yy	YY	word_label	yy_10	yy_10	10	0.40919837951971505
sub-01	meta_metaphor	meta_R_IFG	yy	YY	word_label	yy_26	yy_26	26	-0.037864523618197705
sub-01	meta_metaphor	meta_R_IFG	yy	YY	word_label	yy_7	yy_7	7	0.05925187405338473
sub-01	meta_metaphor	meta_R_IFG	yy	YY	word_label	yy_16	yy_16	16	-0.14956782661613177
sub-01	meta_metaphor	meta_R_IFG	yy	YY	word_label	yy_37	yy_37	37	0.551929568930432
sub-01	meta_metaphor	meta_R_IFG	yy	YY	word_label	yy_21	yy_21	21	0.6366966688471593
sub-01	meta_metaphor	meta_R_IFG	yy	YY	word_label	yy_18	yy_18	18	-0.10888072774606007
sub-01	meta_metaphor	meta_R_IFG	yy	YY	word_label	yy_19	yy_19	19	0.5209140973376428
sub-01	meta_metaphor	meta_R_IFG	yy	YY	word_label	yy_17	yy_17	17	-0.33587188905792487
sub-01	meta_metaphor	meta_R_IFG	yy	YY	word_label	yy_40	yy_40	40	-0.23039221546499333
sub-01	meta_metaphor	meta_R_IFG	yy	YY	word_label	yy_22	yy_22	22	0.22981282356974367
sub-01	meta_metaphor	meta_R_IFG	yy	YY	word_label	yy_2	yy_2	2	-0.417482495649689
sub-01	meta_metaphor	meta_R_IFG	yy	YY	word_label	yy_12	yy_12	12	-0.2936102016375508
sub-01	meta_metaphor	meta_R_IFG	kj	KJ	word_label	kj_37	kj_37	37	0.0505229244297423
sub-01	meta_metaphor	meta_R_IFG	kj	KJ	word_label	kj_12	kj_12	12	-0.038729781313800365
sub-01	meta_metaphor	meta_R_IFG	kj	KJ	word_label	kj_9	kj_9	9	-0.07003187766892253
sub-01	meta_metaphor	meta_R_IFG	kj	KJ	word_label	kj_36	kj_36	36	-0.42386460336776827
sub-01	meta_metaphor	meta_R_IFG	kj	KJ	word_label	kj_38	kj_38	38	0.22254532357157447
sub-01	meta_metaphor	meta_R_IFG	kj	KJ	word_label	kj_1	kj_1	1	0.057318092799622716
sub-01	meta_metaphor	meta_R_IFG	kj	KJ	word_label	kj_29	kj_29	29	0.011931261474383737
sub-01	meta_metaphor	meta_R_IFG	kj	KJ	word_label	kj_26	kj_26	26	0.17528370750404465
sub-01	meta_metaphor	meta_R_IFG	kj	KJ	word_label	kj_16	kj_16	16	-0.11786636969673454
sub-01	meta_metaphor	meta_R_IFG	kj	KJ	word_label	kj_19	kj_19	19	0.5368188378009979
sub-01	meta_metaphor	meta_R_IFG	kj	KJ	word_label	kj_20	kj_20	20	0.4542583142883074
sub-01	meta_metaphor	meta_R_IFG	kj	KJ	word_label	kj_7	kj_7	7	-0.04287878819582309
sub-01	meta_metaphor	meta_R_IFG	kj	KJ	word_label	kj_30	kj_30	30	-0.1409533935152671
sub-01	meta_metaphor	meta_R_IFG	kj	KJ	word_label	kj_24	kj_24	24	-0.011573567192905787
sub-01	meta_metaphor	meta_R_IFG	kj	KJ	word_label	kj_17	kj_17	17	0.30269933030525226
sub-01	meta_metaphor	meta_R_IFG	kj	KJ	word_label	kj_6	kj_6	6	0.0691114635452308
sub-01	meta_metaphor	meta_R_IFG	kj	KJ	word_label	kj_39	kj_39	39	-0.49277097055522495
sub-01	meta_metaphor	meta_R_IFG	kj	KJ	word_label	kj_31	kj_31	31	-0.2112900626037691
sub-01	meta_metaphor	meta_R_IFG	kj	KJ	word_label	kj_27	kj_27	27	-0.286367463976531
sub-01	meta_metaphor	meta_R_IFG	kj	KJ	word_label	kj_10	kj_10	10	-0.44582313209958224
sub-01	meta_metaphor	meta_R_IFG	kj	KJ	word_label	kj_25	kj_25	25	-0.4953201162191466
sub-01	meta_metaphor	meta_R_IFG	kj	KJ	word_label	kj_11	kj_11	11	-0.1687680545135948
sub-01	meta_metaphor	meta_R_IFG	kj	KJ	word_label	kj_21	kj_21	21	-0.13658614347172604
sub-01	meta_metaphor	meta_R_IFG	kj	KJ	word_label	kj_3	kj_3	3	0.6043960756117556
sub-01	meta_metaphor	meta_R_IFG	kj	KJ	word_label	kj_22	kj_22	22	-0.6111932934594368
sub-01	meta_metaphor	meta_R_IFG	kj	KJ	word_label	kj_28	kj_28	28	-0.30378620330242057
sub-01	meta_metaphor	meta_R_IFG	kj	KJ	word_label	kj_15	kj_15	15	-0.2553409652280678
sub-01	meta_metaphor	meta_R_IFG	kj	KJ	word_label	kj_23	kj_23	23	-0.12283966544596804
sub-01	meta_metaphor	meta_R_IFG	kj	KJ	word_label	kj_34	kj_34	34	0.3971641080199017
sub-01	meta_metaphor	meta_R_IFG	kj	KJ	word_label	kj_5	kj_5	5	0.22955819669711072
sub-01	meta_metaphor	meta_R_IFG	kj	KJ	word_label	kj_13	kj_13	13	0.45012059622106465
sub-01	meta_metaphor	meta_R_IFG	kj	KJ	word_label	kj_2	kj_2	2	0.4016368039464198
sub-01	meta_metaphor	meta_R_IFG	kj	KJ	word_label	kj_14	kj_14	14	0.07868059196082805
sub-01	meta_metaphor	meta_R_IFG	kj	KJ	word_label	kj_8	kj_8	8	0.6196082861176463
sub-01	meta_metaphor	meta_R_IFG	kj	KJ	word_label	kj_33	kj_33	33	-0.610515875299962
sub-01	meta_metaphor	meta_R_pMTG_pSTS	yy	YY	word_label	yy_28	yy_28	28	-0.08654574417948661
sub-01	meta_metaphor	meta_R_pMTG_pSTS	yy	YY	word_label	yy_36	yy_36	36	0.19017000691145977
sub-01	meta_metaphor	meta_R_pMTG_pSTS	yy	YY	word_label	yy_33	yy_33	33	-0.09571107803288499
sub-01	meta_metaphor	meta_R_pMTG_pSTS	yy	YY	word_label	yy_23	yy_23	23	0.45081943804334196
sub-01	meta_metaphor	meta_R_pMTG_pSTS	yy	YY	word_label	yy_8	yy_8	8	0.1570419162102382
sub-01	meta_metaphor	meta_R_pMTG_pSTS	yy	YY	word_label	yy_11	yy_11	11	-0.03472170172599742
sub-01	meta_metaphor	meta_R_pMTG_pSTS	yy	YY	word_label	yy_1	yy_1	1	0.11018990025767043
sub-01	meta_metaphor	meta_R_pMTG_pSTS	yy	YY	word_label	yy_14	yy_14	14	-0.38384332508260577
sub-01	meta_metaphor	meta_R_pMTG_pSTS	yy	YY	word_label	yy_3	yy_3	3	0.09571130632235843
sub-01	meta_metaphor	meta_R_pMTG_pSTS	yy	YY	word_label	yy_38	yy_38	38	-0.23605066002177053
sub-01	meta_metaphor	meta_R_pMTG_pSTS	yy	YY	word_label	yy_5	yy_5	5	0.6738745981984751
sub-01	meta_metaphor	meta_R_pMTG_pSTS	yy	YY	word_label	yy_35	yy_35	35	-0.4233744453943918
sub-01	meta_metaphor	meta_R_pMTG_pSTS	yy	YY	word_label	yy_15	yy_15	15	0.10531410206171722
sub-01	meta_metaphor	meta_R_pMTG_pSTS	yy	YY	word_label	yy_13	yy_13	13	-0.6280236245064481
sub-01	meta_metaphor	meta_R_pMTG_pSTS	yy	YY	word_label	yy_9	yy_9	9	-0.39589427005093075
sub-01	meta_metaphor	meta_R_pMTG_pSTS	yy	YY	word_label	yy_27	yy_27	27	0.39154025509745816
sub-01	meta_metaphor	meta_R_pMTG_pSTS	yy	YY	word_label	yy_32	yy_32	32	0.3181145792946264
sub-01	meta_metaphor	meta_R_pMTG_pSTS	yy	YY	word_label	yy_29	yy_29	29	-0.2486020789634876
sub-01	meta_metaphor	meta_R_pMTG_pSTS	yy	YY	word_label	yy_24	yy_24	24	0.06939532109247663
sub-01	meta_metaphor	meta_R_pMTG_pSTS	yy	YY	word_label	yy_39	yy_39	39	0.3573525712045723
sub-01	meta_metaphor	meta_R_pMTG_pSTS	yy	YY	word_label	yy_4	yy_4	4	0.24774254258104492
sub-01	meta_metaphor	meta_R_pMTG_pSTS	yy	YY	word_label	yy_6	yy_6	6	0.5960854069982009
sub-01	meta_metaphor	meta_R_pMTG_pSTS	yy	YY	word_label	yy_10	yy_10	10	-0.2623711830522226
sub-01	meta_metaphor	meta_R_pMTG_pSTS	yy	YY	word_label	yy_26	yy_26	26	-0.0785804031970857
sub-01	meta_metaphor	meta_R_pMTG_pSTS	yy	YY	word_label	yy_7	yy_7	7	0.3016286614313706
sub-01	meta_metaphor	meta_R_pMTG_pSTS	yy	YY	word_label	yy_16	yy_16	16	0.2125418514651031
sub-01	meta_metaphor	meta_R_pMTG_pSTS	yy	YY	word_label	yy_37	yy_37	37	6.407498286269067e-05
sub-01	meta_metaphor	meta_R_pMTG_pSTS	yy	YY	word_label	yy_21	yy_21	21	0.11786764561740228
sub-01	meta_metaphor	meta_R_pMTG_pSTS	yy	YY	word_label	yy_18	yy_18	18	0.09909281417346089
sub-01	meta_metaphor	meta_R_pMTG_pSTS	yy	YY	word_label	yy_19	yy_19	19	0.08174514037715692
sub-01	meta_metaphor	meta_R_pMTG_pSTS	yy	YY	word_label	yy_17	yy_17	17	0.21043428862543131
sub-01	meta_metaphor	meta_R_pMTG_pSTS	yy	YY	word_label	yy_40	yy_40	40	0.3277925713347779
sub-01	meta_metaphor	meta_R_pMTG_pSTS	yy	YY	word_label	yy_22	yy_22	22	-0.05608794270821255
sub-01	meta_metaphor	meta_R_pMTG_pSTS	yy	YY	word_label	yy_2	yy_2	2	-0.11393137788523262
sub-01	meta_metaphor	meta_R_pMTG_pSTS	yy	YY	word_label	yy_12	yy_12	12	0.26400947944437736
sub-01	meta_metaphor	meta_R_pMTG_pSTS	kj	KJ	word_label	kj_37	kj_37	37	0.12334642604892797
sub-01	meta_metaphor	meta_R_pMTG_pSTS	kj	KJ	word_label	kj_12	kj_12	12	-0.09599525001046207
sub-01	meta_metaphor	meta_R_pMTG_pSTS	kj	KJ	word_label	kj_9	kj_9	9	0.20158774373113203
sub-01	meta_metaphor	meta_R_pMTG_pSTS	kj	KJ	word_label	kj_36	kj_36	36	-0.3881751173274038
sub-01	meta_metaphor	meta_R_pMTG_pSTS	kj	KJ	word_label	kj_38	kj_38	38	-0.10860873797050077
sub-01	meta_metaphor	meta_R_pMTG_pSTS	kj	KJ	word_label	kj_1	kj_1	1	-0.29159399602014563
sub-01	meta_metaphor	meta_R_pMTG_pSTS	kj	KJ	word_label	kj_29	kj_29	29	0.22369437094416253
sub-01	meta_metaphor	meta_R_pMTG_pSTS	kj	KJ	word_label	kj_26	kj_26	26	0.3694745987869796
sub-01	meta_metaphor	meta_R_pMTG_pSTS	kj	KJ	word_label	kj_16	kj_16	16	-0.06980159349826194
sub-01	meta_metaphor	meta_R_pMTG_pSTS	kj	KJ	word_label	kj_19	kj_19	19	0.24750650312459804
sub-01	meta_metaphor	meta_R_pMTG_pSTS	kj	KJ	word_label	kj_20	kj_20	20	-0.12385159285994041
sub-01	meta_metaphor	meta_R_pMTG_pSTS	kj	KJ	word_label	kj_7	kj_7	7	0.36869916634722844
sub-01	meta_metaphor	meta_R_pMTG_pSTS	kj	KJ	word_label	kj_30	kj_30	30	-0.2844046193838174
sub-01	meta_metaphor	meta_R_pMTG_pSTS	kj	KJ	word_label	kj_24	kj_24	24	-0.23389565503590656
sub-01	meta_metaphor	meta_R_pMTG_pSTS	kj	KJ	word_label	kj_17	kj_17	17	-0.19828526790581358
sub-01	meta_metaphor	meta_R_pMTG_pSTS	kj	KJ	word_label	kj_6	kj_6	6	0.48692501163192164
sub-01	meta_metaphor	meta_R_pMTG_pSTS	kj	KJ	word_label	kj_39	kj_39	39	0.25582039917547733
sub-01	meta_metaphor	meta_R_pMTG_pSTS	kj	KJ	word_label	kj_31	kj_31	31	-0.33994710428271785
sub-01	meta_metaphor	meta_R_pMTG_pSTS	kj	KJ	word_label	kj_27	kj_27	27	-0.3251888781804503
sub-01	meta_metaphor	meta_R_pMTG_pSTS	kj	KJ	word_label	kj_10	kj_10	10	-0.6226862545337014
sub-01	meta_metaphor	meta_R_pMTG_pSTS	kj	KJ	word_label	kj_25	kj_25	25	-0.07101838493375881
sub-01	meta_metaphor	meta_R_pMTG_pSTS	kj	KJ	word_label	kj_11	kj_11	11	-0.6160161295624242
sub-01	meta_metaphor	meta_R_pMTG_pSTS	kj	KJ	word_label	kj_21	kj_21	21	0.2968270805264744
sub-01	meta_metaphor	meta_R_pMTG_pSTS	kj	KJ	word_label	kj_3	kj_3	3	-0.20570011698333018
sub-01	meta_metaphor	meta_R_pMTG_pSTS	kj	KJ	word_label	kj_22	kj_22	22	-0.5542490634113681
sub-01	meta_metaphor	meta_R_pMTG_pSTS	kj	KJ	word_label	kj_28	kj_28	28	-0.11635505965740192
sub-01	meta_metaphor	meta_R_pMTG_pSTS	kj	KJ	word_label	kj_15	kj_15	15	0.4713061395881017
sub-01	meta_metaphor	meta_R_pMTG_pSTS	kj	KJ	word_label	kj_23	kj_23	23	0.1535993691185246
sub-01	meta_metaphor	meta_R_pMTG_pSTS	kj	KJ	word_label	kj_34	kj_34	34	0.37643390063186455
sub-01	meta_metaphor	meta_R_pMTG_pSTS	kj	KJ	word_label	kj_5	kj_5	5	0.1707022886661712
sub-01	meta_metaphor	meta_R_pMTG_pSTS	kj	KJ	word_label	kj_13	kj_13	13	0.44623931055992233
sub-01	meta_metaphor	meta_R_pMTG_pSTS	kj	KJ	word_label	kj_2	kj_2	2	-0.06723438032525639
sub-01	meta_metaphor	meta_R_pMTG_pSTS	kj	KJ	word_label	kj_14	kj_14	14	0.37524375854533004
sub-01	meta_metaphor	meta_R_pMTG_pSTS	kj	KJ	word_label	kj_8	kj_8	8	-0.16595768818187892
sub-01	meta_metaphor	meta_R_pMTG_pSTS	kj	KJ	word_label	kj_33	kj_33	33	-0.3657142962775693
sub-01	meta_metaphor	meta_R_temporal_pole	yy	YY	word_label	yy_28	yy_28	28	0.007401110238972963
sub-01	meta_metaphor	meta_R_temporal_pole	yy	YY	word_label	yy_36	yy_36	36	0.008625973027414096
sub-01	meta_metaphor	meta_R_temporal_pole	yy	YY	word_label	yy_33	yy_33	33	0.03350779969933211
sub-01	meta_metaphor	meta_R_temporal_pole	yy	YY	word_label	yy_23	yy_23	23	-0.00830716476613679
sub-01	meta_metaphor	meta_R_temporal_pole	yy	YY	word_label	yy_8	yy_8	8	0.05681649835648032
sub-01	meta_metaphor	meta_R_temporal_pole	yy	YY	word_label	yy_11	yy_11	11	0.044061530346834736
sub-01	meta_metaphor	meta_R_temporal_pole	yy	YY	word_label	yy_1	yy_1	1	0.0450061087439712
sub-01	meta_metaphor	meta_R_temporal_pole	yy	YY	word_label	yy_14	yy_14	14	0.04616142280056013
sub-01	meta_metaphor	meta_R_temporal_pole	yy	YY	word_label	yy_3	yy_3	3	-0.04216653863935756
sub-01	meta_metaphor	meta_R_temporal_pole	yy	YY	word_label	yy_38	yy_38	38	0.016424012545142898
sub-01	meta_metaphor	meta_R_temporal_pole	yy	YY	word_label	yy_5	yy_5	5	0.05263116340244651
sub-01	meta_metaphor	meta_R_temporal_pole	yy	YY	word_label	yy_35	yy_35	35	0.042682605320849866
sub-01	meta_metaphor	meta_R_temporal_pole	yy	YY	word_label	yy_15	yy_15	15	0.03238145230806414
sub-01	meta_metaphor	meta_R_temporal_pole	yy	YY	word_label	yy_13	yy_13	13	0.05296330253449525
sub-01	meta_metaphor	meta_R_temporal_pole	yy	YY	word_label	yy_9	yy_9	9	-0.05675062836414843
sub-01	meta_metaphor	meta_R_temporal_pole	yy	YY	word_label	yy_27	yy_27	27	0.028241977755198582
sub-01	meta_metaphor	meta_R_temporal_pole	yy	YY	word_label	yy_32	yy_32	32	0.023411510898704763
sub-01	meta_metaphor	meta_R_temporal_pole	yy	YY	word_label	yy_29	yy_29	29	-0.03813516579017915
sub-01	meta_metaphor	meta_R_temporal_pole	yy	YY	word_label	yy_24	yy_24	24	0.04368136554009375
sub-01	meta_metaphor	meta_R_temporal_pole	yy	YY	word_label	yy_39	yy_39	39	0.01987284572237853
sub-01	meta_metaphor	meta_R_temporal_pole	yy	YY	word_label	yy_4	yy_4	4	0.023672221856300496
sub-01	meta_metaphor	meta_R_temporal_pole	yy	YY	word_label	yy_6	yy_6	6	0.037859550631716324
sub-01	meta_metaphor	meta_R_temporal_pole	yy	YY	word_label	yy_10	yy_10	10	0.02865036454938648
sub-01	meta_metaphor	meta_R_temporal_pole	yy	YY	word_label	yy_26	yy_26	26	0.10063101225878093
sub-01	meta_metaphor	meta_R_temporal_pole	yy	YY	word_label	yy_7	yy_7	7	0.04998324856686869
sub-01	meta_metaphor	meta_R_temporal_pole	yy	YY	word_label	yy_16	yy_16	16	0.07605576996814302
sub-01	meta_metaphor	meta_R_temporal_pole	yy	YY	word_label	yy_37	yy_37	37	0.008388741674539346
sub-01	meta_metaphor	meta_R_temporal_pole	yy	YY	word_label	yy_21	yy_21	21	-0.03972223387223677
sub-01	meta_metaphor	meta_R_temporal_pole	yy	YY	word_label	yy_18	yy_18	18	0.04427956623898504
sub-01	meta_metaphor	meta_R_temporal_pole	yy	YY	word_label	yy_19	yy_19	19	-0.06191713645852282
sub-01	meta_metaphor	meta_R_temporal_pole	yy	YY	word_label	yy_17	yy_17	17	-0.0475066595054542
sub-01	meta_metaphor	meta_R_temporal_pole	yy	YY	word_label	yy_40	yy_40	40	-0.052285660582334234
sub-01	meta_metaphor	meta_R_temporal_pole	yy	YY	word_label	yy_22	yy_22	22	0.14706072253112343
sub-01	meta_metaphor	meta_R_temporal_pole	yy	YY	word_label	yy_2	yy_2	2	-0.029070442979941557
sub-01	meta_metaphor	meta_R_temporal_pole	yy	YY	word_label	yy_12	yy_12	12	-0.11578852544032843
sub-01	meta_metaphor	meta_R_temporal_pole	kj	KJ	word_label	kj_37	kj_37	37	0.03620110113974934
sub-01	meta_metaphor	meta_R_temporal_pole	kj	KJ	word_label	kj_12	kj_12	12	-0.009365370479882873
sub-01	meta_metaphor	meta_R_temporal_pole	kj	KJ	word_label	kj_9	kj_9	9	0.014517518684947583
sub-01	meta_metaphor	meta_R_temporal_pole	kj	KJ	word_label	kj_36	kj_36	36	0.027099143884605856
sub-01	meta_metaphor	meta_R_temporal_pole	kj	KJ	word_label	kj_38	kj_38	38	0.055536709270020315
sub-01	meta_metaphor	meta_R_temporal_pole	kj	KJ	word_label	kj_1	kj_1	1	0.026997845316790857
sub-01	meta_metaphor	meta_R_temporal_pole	kj	KJ	word_label	kj_29	kj_29	29	0.013141353894240544
sub-01	meta_metaphor	meta_R_temporal_pole	kj	KJ	word_label	kj_26	kj_26	26	-0.02933239423638308
sub-01	meta_metaphor	meta_R_temporal_pole	kj	KJ	word_label	kj_16	kj_16	16	0.021597314243381474
sub-01	meta_metaphor	meta_R_temporal_pole	kj	KJ	word_label	kj_19	kj_19	19	-0.008956388650241998
sub-01	meta_metaphor	meta_R_temporal_pole	kj	KJ	word_label	kj_20	kj_20	20	0.042661625119905386
sub-01	meta_metaphor	meta_R_temporal_pole	kj	KJ	word_label	kj_7	kj_7	7	0.04164464457167159
sub-01	meta_metaphor	meta_R_temporal_pole	kj	KJ	word_label	kj_30	kj_30	30	0.03284624194826412
sub-01	meta_metaphor	meta_R_temporal_pole	kj	KJ	word_label	kj_24	kj_24	24	0.029747567096727885
sub-01	meta_metaphor	meta_R_temporal_pole	kj	KJ	word_label	kj_17	kj_17	17	0.03353515561155712
sub-01	meta_metaphor	meta_R_temporal_pole	kj	KJ	word_label	kj_6	kj_6	6	0.04603531200834404
sub-01	meta_metaphor	meta_R_temporal_pole	kj	KJ	word_label	kj_39	kj_39	39	0.1269301057766641
sub-01	meta_metaphor	meta_R_temporal_pole	kj	KJ	word_label	kj_31	kj_31	31	0.0865360168947343
sub-01	meta_metaphor	meta_R_temporal_pole	kj	KJ	word_label	kj_27	kj_27	27	0.03742010515061762
sub-01	meta_metaphor	meta_R_temporal_pole	kj	KJ	word_label	kj_10	kj_10	10	0.031190789643256608
sub-01	meta_metaphor	meta_R_temporal_pole	kj	KJ	word_label	kj_25	kj_25	25	0.03371724570288021
sub-01	meta_metaphor	meta_R_temporal_pole	kj	KJ	word_label	kj_11	kj_11	11	-0.00812011644769177
sub-01	meta_metaphor	meta_R_temporal_pole	kj	KJ	word_label	kj_21	kj_21	21	0.08284403067824359
sub-01	meta_metaphor	meta_R_temporal_pole	kj	KJ	word_label	kj_3	kj_3	3	-0.041230823608990864
sub-01	meta_metaphor	meta_R_temporal_pole	kj	KJ	word_label	kj_22	kj_22	22	0.027670924869710435
sub-01	meta_metaphor	meta_R_temporal_pole	kj	KJ	word_label	kj_28	kj_28	28	-0.013591179093089283
sub-01	meta_metaphor	meta_R_temporal_pole	kj	KJ	word_label	kj_15	kj_15	15	0.06370546309438563
sub-01	meta_metaphor	meta_R_temporal_pole	kj	KJ	word_label	kj_23	kj_23	23	0.054623473662358965
sub-01	meta_metaphor	meta_R_temporal_pole	kj	KJ	word_label	kj_34	kj_34	34	-0.12225895466755332
sub-01	meta_metaphor	meta_R_temporal_pole	kj	KJ	word_label	kj_5	kj_5	5	0.19357339882296115
sub-01	meta_metaphor	meta_R_temporal_pole	kj	KJ	word_label	kj_13	kj_13	13	0.14016074069473153
sub-01	meta_metaphor	meta_R_temporal_pole	kj	KJ	word_label	kj_2	kj_2	2	0.07043185559562429
sub-01	meta_metaphor	meta_R_temporal_pole	kj	KJ	word_label	kj_14	kj_14	14	0.047914364786448116
sub-01	meta_metaphor	meta_R_temporal_pole	kj	KJ	word_label	kj_8	kj_8	8	0.10790675882870902
sub-01	meta_metaphor	meta_R_temporal_pole	kj	KJ	word_label	kj_33	kj_33	33	0.06930889525484006
sub-02	meta_metaphor	meta_L_AG	yy	YY	word_label	yy_26	yy_26	26	0.7167266563268098
sub-02	meta_metaphor	meta_L_AG	yy	YY	word_label	yy_5	yy_5	5	0.795986816000769
sub-02	meta_metaphor	meta_L_AG	yy	YY	word_label	yy_8	yy_8	8	0.2581869721953185
sub-02	meta_metaphor	meta_L_AG	yy	YY	word_label	yy_40	yy_40	40	0.7971130483414254
sub-02	meta_metaphor	meta_L_AG	yy	YY	word_label	yy_33	yy_33	33	0.4554762248293215
sub-02	meta_metaphor	meta_L_AG	yy	YY	word_label	yy_4	yy_4	4	0.3362172448718319
sub-02	meta_metaphor	meta_L_AG	yy	YY	word_label	yy_29	yy_29	29	0.8012623333767056
sub-02	meta_metaphor	meta_L_AG	yy	YY	word_label	yy_19	yy_19	19	0.6244599975518621
sub-02	meta_metaphor	meta_L_AG	yy	YY	word_label	yy_2	yy_2	2	-0.03420261266936916
sub-02	meta_metaphor	meta_L_AG	yy	YY	word_label	yy_28	yy_28	28	0.26588807302962286
sub-02	meta_metaphor	meta_L_AG	yy	YY	word_label	yy_10	yy_10	10	0.4954272316033631
sub-02	meta_metaphor	meta_L_AG	yy	YY	word_label	yy_6	yy_6	6	0.46096645864777247
sub-02	meta_metaphor	meta_L_AG	yy	YY	word_label	yy_17	yy_17	17	0.6104019223928154
sub-02	meta_metaphor	meta_L_AG	yy	YY	word_label	yy_32	yy_32	32	0.45570654345692135
sub-02	meta_metaphor	meta_L_AG	yy	YY	word_label	yy_12	yy_12	12	0.4850572573817106
sub-02	meta_metaphor	meta_L_AG	yy	YY	word_label	yy_14	yy_14	14	0.8215322852631484
sub-02	meta_metaphor	meta_L_AG	yy	YY	word_label	yy_23	yy_23	23	-0.09219480823252733
sub-02	meta_metaphor	meta_L_AG	yy	YY	word_label	yy_11	yy_11	11	0.00019732720942826704
sub-02	meta_metaphor	meta_L_AG	yy	YY	word_label	yy_35	yy_35	35	0.5667559569427214
sub-02	meta_metaphor	meta_L_AG	yy	YY	word_label	yy_16	yy_16	16	0.6778661109355828
sub-02	meta_metaphor	meta_L_AG	yy	YY	word_label	yy_21	yy_21	21	-0.29888683880678046
sub-02	meta_metaphor	meta_L_AG	yy	YY	word_label	yy_39	yy_39	39	0.7002315066653664
sub-02	meta_metaphor	meta_L_AG	yy	YY	word_label	yy_15	yy_15	15	0.22701108615981158
sub-02	meta_metaphor	meta_L_AG	yy	YY	word_label	yy_13	yy_13	13	0.5740342534882543
sub-02	meta_metaphor	meta_L_AG	yy	YY	word_label	yy_18	yy_18	18	0.5090388118260015
sub-02	meta_metaphor	meta_L_AG	yy	YY	word_label	yy_7	yy_7	7	0.4326419698515552
sub-02	meta_metaphor	meta_L_AG	yy	YY	word_label	yy_3	yy_3	3	0.09536913366789057
sub-02	meta_metaphor	meta_L_AG	yy	YY	word_label	yy_36	yy_36	36	0.016468232111776237
sub-02	meta_metaphor	meta_L_AG	yy	YY	word_label	yy_27	yy_27	27	0.6476658343213586
sub-02	meta_metaphor	meta_L_AG	yy	YY	word_label	yy_22	yy_22	22	0.4364026532781303
sub-02	meta_metaphor	meta_L_AG	yy	YY	word_label	yy_9	yy_9	9	-0.15284388113422187
sub-02	meta_metaphor	meta_L_AG	yy	YY	word_label	yy_1	yy_1	1	0.7616532565915263
sub-02	meta_metaphor	meta_L_AG	yy	YY	word_label	yy_38	yy_38	38	0.2001702988921227
sub-02	meta_metaphor	meta_L_AG	yy	YY	word_label	yy_37	yy_37	37	0.10389412463624621
sub-02	meta_metaphor	meta_L_AG	yy	YY	word_label	yy_24	yy_24	24	0.04566790229183616
sub-02	meta_metaphor	meta_L_AG	kj	KJ	word_label	kj_16	kj_16	16	0.2472147144072678
sub-02	meta_metaphor	meta_L_AG	kj	KJ	word_label	kj_25	kj_25	25	-0.25317529602354283
sub-02	meta_metaphor	meta_L_AG	kj	KJ	word_label	kj_14	kj_14	14	0.1614554783117835
sub-02	meta_metaphor	meta_L_AG	kj	KJ	word_label	kj_38	kj_38	38	0.3868130420883273
sub-02	meta_metaphor	meta_L_AG	kj	KJ	word_label	kj_29	kj_29	29	0.41871990509926477
sub-02	meta_metaphor	meta_L_AG	kj	KJ	word_label	kj_6	kj_6	6	0.3049369273131227
sub-02	meta_metaphor	meta_L_AG	kj	KJ	word_label	kj_34	kj_34	34	0.031468497258845346
sub-02	meta_metaphor	meta_L_AG	kj	KJ	word_label	kj_19	kj_19	19	0.5558327163747323
sub-02	meta_metaphor	meta_L_AG	kj	KJ	word_label	kj_7	kj_7	7	0.3358319757387812
sub-02	meta_metaphor	meta_L_AG	kj	KJ	word_label	kj_37	kj_37	37	-0.49972232968397245
sub-02	meta_metaphor	meta_L_AG	kj	KJ	word_label	kj_12	kj_12	12	0.33136197034727427
sub-02	meta_metaphor	meta_L_AG	kj	KJ	word_label	kj_11	kj_11	11	-0.4289732081166133
sub-02	meta_metaphor	meta_L_AG	kj	KJ	word_label	kj_3	kj_3	3	0.12166271308328236
sub-02	meta_metaphor	meta_L_AG	kj	KJ	word_label	kj_1	kj_1	1	0.27965727715457156
sub-02	meta_metaphor	meta_L_AG	kj	KJ	word_label	kj_27	kj_27	27	0.4510010812953281
sub-02	meta_metaphor	meta_L_AG	kj	KJ	word_label	kj_17	kj_17	17	0.18185663118866488
sub-02	meta_metaphor	meta_L_AG	kj	KJ	word_label	kj_30	kj_30	30	0.28350192924739814
sub-02	meta_metaphor	meta_L_AG	kj	KJ	word_label	kj_9	kj_9	9	0.632047513762245
sub-02	meta_metaphor	meta_L_AG	kj	KJ	word_label	kj_24	kj_24	24	0.4755808339347786
sub-02	meta_metaphor	meta_L_AG	kj	KJ	word_label	kj_5	kj_5	5	-0.08506206598280636
sub-02	meta_metaphor	meta_L_AG	kj	KJ	word_label	kj_23	kj_23	23	0.6313712899813817
sub-02	meta_metaphor	meta_L_AG	kj	KJ	word_label	kj_21	kj_21	21	0.16506572826405905
sub-02	meta_metaphor	meta_L_AG	kj	KJ	word_label	kj_10	kj_10	10	0.21777067616441018
sub-02	meta_metaphor	meta_L_AG	kj	KJ	word_label	kj_22	kj_22	22	0.1625938451218989
sub-02	meta_metaphor	meta_L_AG	kj	KJ	word_label	kj_28	kj_28	28	-0.5490651417964579
sub-02	meta_metaphor	meta_L_AG	kj	KJ	word_label	kj_20	kj_20	20	-0.0014786700502854623
sub-02	meta_metaphor	meta_L_AG	kj	KJ	word_label	kj_39	kj_39	39	0.6882776481168958
sub-02	meta_metaphor	meta_L_AG	kj	KJ	word_label	kj_26	kj_26	26	0.3376799841246153
sub-02	meta_metaphor	meta_L_AG	kj	KJ	word_label	kj_33	kj_33	33	0.23928707964848833
sub-02	meta_metaphor	meta_L_AG	kj	KJ	word_label	kj_15	kj_15	15	-0.10001568259098549
sub-02	meta_metaphor	meta_L_AG	kj	KJ	word_label	kj_2	kj_2	2	-0.06665498551750683
sub-02	meta_metaphor	meta_L_AG	kj	KJ	word_label	kj_13	kj_13	13	-0.2985109463175911
sub-02	meta_metaphor	meta_L_AG	kj	KJ	word_label	kj_8	kj_8	8	-0.024751871367775433
sub-02	meta_metaphor	meta_L_AG	kj	KJ	word_label	kj_31	kj_31	31	0.5434388127162296
sub-02	meta_metaphor	meta_L_AG	kj	KJ	word_label	kj_36	kj_36	36	-0.27507963104185995
sub-02	meta_metaphor	meta_L_IFG	yy	YY	word_label	yy_26	yy_26	26	0.10535189879689787
sub-02	meta_metaphor	meta_L_IFG	yy	YY	word_label	yy_5	yy_5	5	0.24556123773805674
sub-02	meta_metaphor	meta_L_IFG	yy	YY	word_label	yy_8	yy_8	8	0.1447367591842355
sub-02	meta_metaphor	meta_L_IFG	yy	YY	word_label	yy_40	yy_40	40	0.4027923727167088
sub-02	meta_metaphor	meta_L_IFG	yy	YY	word_label	yy_33	yy_33	33	0.47334786646272287
sub-02	meta_metaphor	meta_L_IFG	yy	YY	word_label	yy_4	yy_4	4	0.5748062265964163
sub-02	meta_metaphor	meta_L_IFG	yy	YY	word_label	yy_29	yy_29	29	-0.056757094466535755
sub-02	meta_metaphor	meta_L_IFG	yy	YY	word_label	yy_19	yy_19	19	0.5572940741496049
sub-02	meta_metaphor	meta_L_IFG	yy	YY	word_label	yy_2	yy_2	2	0.26363318476321435
sub-02	meta_metaphor	meta_L_IFG	yy	YY	word_label	yy_28	yy_28	28	0.202657002532471
sub-02	meta_metaphor	meta_L_IFG	yy	YY	word_label	yy_10	yy_10	10	0.11544109186869049
sub-02	meta_metaphor	meta_L_IFG	yy	YY	word_label	yy_6	yy_6	6	0.5508924987885173
sub-02	meta_metaphor	meta_L_IFG	yy	YY	word_label	yy_17	yy_17	17	0.37510045818134397
sub-02	meta_metaphor	meta_L_IFG	yy	YY	word_label	yy_32	yy_32	32	0.6399067238166338
sub-02	meta_metaphor	meta_L_IFG	yy	YY	word_label	yy_12	yy_12	12	-0.26705057992299064
sub-02	meta_metaphor	meta_L_IFG	yy	YY	word_label	yy_14	yy_14	14	-0.0451712581263951
sub-02	meta_metaphor	meta_L_IFG	yy	YY	word_label	yy_23	yy_23	23	-0.32013611533278097
sub-02	meta_metaphor	meta_L_IFG	yy	YY	word_label	yy_11	yy_11	11	0.349523756443361
sub-02	meta_metaphor	meta_L_IFG	yy	YY	word_label	yy_35	yy_35	35	0.4183350875850772
sub-02	meta_metaphor	meta_L_IFG	yy	YY	word_label	yy_16	yy_16	16	0.5141500690239716
sub-02	meta_metaphor	meta_L_IFG	yy	YY	word_label	yy_21	yy_21	21	-0.4373020806260974
sub-02	meta_metaphor	meta_L_IFG	yy	YY	word_label	yy_39	yy_39	39	0.6910546794569717
sub-02	meta_metaphor	meta_L_IFG	yy	YY	word_label	yy_15	yy_15	15	0.47153834800365463
sub-02	meta_metaphor	meta_L_IFG	yy	YY	word_label	yy_13	yy_13	13	-0.2666984270135447
sub-02	meta_metaphor	meta_L_IFG	yy	YY	word_label	yy_18	yy_18	18	0.6827039691003184
sub-02	meta_metaphor	meta_L_IFG	yy	YY	word_label	yy_7	yy_7	7	0.34464311069923936
sub-02	meta_metaphor	meta_L_IFG	yy	YY	word_label	yy_3	yy_3	3	0.7893537433291595
sub-02	meta_metaphor	meta_L_IFG	yy	YY	word_label	yy_36	yy_36	36	0.329288954073397
sub-02	meta_metaphor	meta_L_IFG	yy	YY	word_label	yy_27	yy_27	27	0.37445460962671084
sub-02	meta_metaphor	meta_L_IFG	yy	YY	word_label	yy_22	yy_22	22	0.4618899920672651
sub-02	meta_metaphor	meta_L_IFG	yy	YY	word_label	yy_9	yy_9	9	0.4838018723440459
sub-02	meta_metaphor	meta_L_IFG	yy	YY	word_label	yy_1	yy_1	1	0.5010544223401809
sub-02	meta_metaphor	meta_L_IFG	yy	YY	word_label	yy_38	yy_38	38	0.7132030462505856
sub-02	meta_metaphor	meta_L_IFG	yy	YY	word_label	yy_37	yy_37	37	0.504200147363111
sub-02	meta_metaphor	meta_L_IFG	yy	YY	word_label	yy_24	yy_24	24	0.6904631183102671
sub-02	meta_metaphor	meta_L_IFG	kj	KJ	word_label	kj_16	kj_16	16	0.20258840982049525
sub-02	meta_metaphor	meta_L_IFG	kj	KJ	word_label	kj_25	kj_25	25	-0.3414909149411964
sub-02	meta_metaphor	meta_L_IFG	kj	KJ	word_label	kj_14	kj_14	14	0.5978029871823534
sub-02	meta_metaphor	meta_L_IFG	kj	KJ	word_label	kj_38	kj_38	38	0.263468105873431
sub-02	meta_metaphor	meta_L_IFG	kj	KJ	word_label	kj_29	kj_29	29	0.414679171879378
sub-02	meta_metaphor	meta_L_IFG	kj	KJ	word_label	kj_6	kj_6	6	-0.4122645059130748
sub-02	meta_metaphor	meta_L_IFG	kj	KJ	word_label	kj_34	kj_34	34	0.0809622330523417
sub-02	meta_metaphor	meta_L_IFG	kj	KJ	word_label	kj_19	kj_19	19	0.11491419185655294
sub-02	meta_metaphor	meta_L_IFG	kj	KJ	word_label	kj_7	kj_7	7	0.1332937562498553
sub-02	meta_metaphor	meta_L_IFG	kj	KJ	word_label	kj_37	kj_37	37	0.11508582330471966
sub-02	meta_metaphor	meta_L_IFG	kj	KJ	word_label	kj_12	kj_12	12	0.4014316284590052
sub-02	meta_metaphor	meta_L_IFG	kj	KJ	word_label	kj_11	kj_11	11	0.18838207946941135
sub-02	meta_metaphor	meta_L_IFG	kj	KJ	word_label	kj_3	kj_3	3	0.578373258402051
sub-02	meta_metaphor	meta_L_IFG	kj	KJ	word_label	kj_1	kj_1	1	-0.3460337554005181
sub-02	meta_metaphor	meta_L_IFG	kj	KJ	word_label	kj_27	kj_27	27	0.42181982846911764
sub-02	meta_metaphor	meta_L_IFG	kj	KJ	word_label	kj_17	kj_17	17	0.49867454896053487
sub-02	meta_metaphor	meta_L_IFG	kj	KJ	word_label	kj_30	kj_30	30	0.2323155930801459
sub-02	meta_metaphor	meta_L_IFG	kj	KJ	word_label	kj_9	kj_9	9	0.18469605040719228
sub-02	meta_metaphor	meta_L_IFG	kj	KJ	word_label	kj_24	kj_24	24	0.6566931264229001
sub-02	meta_metaphor	meta_L_IFG	kj	KJ	word_label	kj_5	kj_5	5	0.590039496503576
sub-02	meta_metaphor	meta_L_IFG	kj	KJ	word_label	kj_23	kj_23	23	-0.20920703349599026
sub-02	meta_metaphor	meta_L_IFG	kj	KJ	word_label	kj_21	kj_21	21	0.47995313177004423
sub-02	meta_metaphor	meta_L_IFG	kj	KJ	word_label	kj_10	kj_10	10	0.5733913774355898
sub-02	meta_metaphor	meta_L_IFG	kj	KJ	word_label	kj_22	kj_22	22	-0.1494240622902208
sub-02	meta_metaphor	meta_L_IFG	kj	KJ	word_label	kj_28	kj_28	28	0.5787517860498127
sub-02	meta_metaphor	meta_L_IFG	kj	KJ	word_label	kj_20	kj_20	20	0.4282899575326682
sub-02	meta_metaphor	meta_L_IFG	kj	KJ	word_label	kj_39	kj_39	39	-0.11886288228093794
sub-02	meta_metaphor	meta_L_IFG	kj	KJ	word_label	kj_26	kj_26	26	0.6315034872832551
sub-02	meta_metaphor	meta_L_IFG	kj	KJ	word_label	kj_33	kj_33	33	0.19018101174994012
sub-02	meta_metaphor	meta_L_IFG	kj	KJ	word_label	kj_15	kj_15	15	0.69068112500364
sub-02	meta_metaphor	meta_L_IFG	kj	KJ	word_label	kj_2	kj_2	2	0.32327313171078315
sub-02	meta_metaphor	meta_L_IFG	kj	KJ	word_label	kj_13	kj_13	13	0.5078628261268351
sub-02	meta_metaphor	meta_L_IFG	kj	KJ	word_label	kj_8	kj_8	8	-0.2673126926584316
sub-02	meta_metaphor	meta_L_IFG	kj	KJ	word_label	kj_31	kj_31	31	0.18436763936423803
sub-02	meta_metaphor	meta_L_IFG	kj	KJ	word_label	kj_36	kj_36	36	-0.07469586737215751
sub-02	meta_metaphor	meta_L_pMTG_pSTS	yy	YY	word_label	yy_26	yy_26	26	-0.40040251551283074
sub-02	meta_metaphor	meta_L_pMTG_pSTS	yy	YY	word_label	yy_5	yy_5	5	0.6469441823789573
sub-02	meta_metaphor	meta_L_pMTG_pSTS	yy	YY	word_label	yy_8	yy_8	8	0.002461135149142203
sub-02	meta_metaphor	meta_L_pMTG_pSTS	yy	YY	word_label	yy_40	yy_40	40	-0.5580306861287092
sub-02	meta_metaphor	meta_L_pMTG_pSTS	yy	YY	word_label	yy_33	yy_33	33	0.039123709809776266
sub-02	meta_metaphor	meta_L_pMTG_pSTS	yy	YY	word_label	yy_4	yy_4	4	-0.1246429935800434
sub-02	meta_metaphor	meta_L_pMTG_pSTS	yy	YY	word_label	yy_29	yy_29	29	0.47672968986834113
sub-02	meta_metaphor	meta_L_pMTG_pSTS	yy	YY	word_label	yy_19	yy_19	19	0.3963808305905807
sub-02	meta_metaphor	meta_L_pMTG_pSTS	yy	YY	word_label	yy_2	yy_2	2	-0.28400745488852064
sub-02	meta_metaphor	meta_L_pMTG_pSTS	yy	YY	word_label	yy_28	yy_28	28	-0.0654841006622976
sub-02	meta_metaphor	meta_L_pMTG_pSTS	yy	YY	word_label	yy_10	yy_10	10	-0.4433309249279593
sub-02	meta_metaphor	meta_L_pMTG_pSTS	yy	YY	word_label	yy_6	yy_6	6	-0.24312023683451978
sub-02	meta_metaphor	meta_L_pMTG_pSTS	yy	YY	word_label	yy_17	yy_17	17	-0.32208060268507277
sub-02	meta_metaphor	meta_L_pMTG_pSTS	yy	YY	word_label	yy_32	yy_32	32	0.5184813635664615
sub-02	meta_metaphor	meta_L_pMTG_pSTS	yy	YY	word_label	yy_12	yy_12	12	-0.18545073047189087
sub-02	meta_metaphor	meta_L_pMTG_pSTS	yy	YY	word_label	yy_14	yy_14	14	-0.2563572900902631
sub-02	meta_metaphor	meta_L_pMTG_pSTS	yy	YY	word_label	yy_23	yy_23	23	-0.3563817628630984
sub-02	meta_metaphor	meta_L_pMTG_pSTS	yy	YY	word_label	yy_11	yy_11	11	0.2269758086306916
sub-02	meta_metaphor	meta_L_pMTG_pSTS	yy	YY	word_label	yy_35	yy_35	35	0.37194635643457474
sub-02	meta_metaphor	meta_L_pMTG_pSTS	yy	YY	word_label	yy_16	yy_16	16	0.026269006478311915
sub-02	meta_metaphor	meta_L_pMTG_pSTS	yy	YY	word_label	yy_21	yy_21	21	-0.5487495248060796
sub-02	meta_metaphor	meta_L_pMTG_pSTS	yy	YY	word_label	yy_39	yy_39	39	-0.2368916397102291
sub-02	meta_metaphor	meta_L_pMTG_pSTS	yy	YY	word_label	yy_15	yy_15	15	-0.038689632768246364
sub-02	meta_metaphor	meta_L_pMTG_pSTS	yy	YY	word_label	yy_13	yy_13	13	-0.4964267478227246
sub-02	meta_metaphor	meta_L_pMTG_pSTS	yy	YY	word_label	yy_18	yy_18	18	-0.12526085765580341
sub-02	meta_metaphor	meta_L_pMTG_pSTS	yy	YY	word_label	yy_7	yy_7	7	-0.02059626596840626
sub-02	meta_metaphor	meta_L_pMTG_pSTS	yy	YY	word_label	yy_3	yy_3	3	-0.07425983771332642
sub-02	meta_metaphor	meta_L_pMTG_pSTS	yy	YY	word_label	yy_36	yy_36	36	-0.38235388747340276
sub-02	meta_metaphor	meta_L_pMTG_pSTS	yy	YY	word_label	yy_27	yy_27	27	0.18358999140105053
sub-02	meta_metaphor	meta_L_pMTG_pSTS	yy	YY	word_label	yy_22	yy_22	22	-0.5206711942903426
sub-02	meta_metaphor	meta_L_pMTG_pSTS	yy	YY	word_label	yy_9	yy_9	9	-0.22935640054079623
sub-02	meta_metaphor	meta_L_pMTG_pSTS	yy	YY	word_label	yy_1	yy_1	1	0.3768922564330991
sub-02	meta_metaphor	meta_L_pMTG_pSTS	yy	YY	word_label	yy_38	yy_38	38	-0.6123251027199516
sub-02	meta_metaphor	meta_L_pMTG_pSTS	yy	YY	word_label	yy_37	yy_37	37	0.2620609752993235
sub-02	meta_metaphor	meta_L_pMTG_pSTS	yy	YY	word_label	yy_24	yy_24	24	-0.32839866143071106
sub-02	meta_metaphor	meta_L_pMTG_pSTS	kj	KJ	word_label	kj_16	kj_16	16	-0.0008087656055300599
sub-02	meta_metaphor	meta_L_pMTG_pSTS	kj	KJ	word_label	kj_25	kj_25	25	-0.5555984055717266
sub-02	meta_metaphor	meta_L_pMTG_pSTS	kj	KJ	word_label	kj_14	kj_14	14	0.5374132843426198
sub-02	meta_metaphor	meta_L_pMTG_pSTS	kj	KJ	word_label	kj_38	kj_38	38	0.5945788279226905
sub-02	meta_metaphor	meta_L_pMTG_pSTS	kj	KJ	word_label	kj_29	kj_29	29	-0.24925946166277937
sub-02	meta_metaphor	meta_L_pMTG_pSTS	kj	KJ	word_label	kj_6	kj_6	6	-0.14800558956194554
sub-02	meta_metaphor	meta_L_pMTG_pSTS	kj	KJ	word_label	kj_34	kj_34	34	-0.18496012995212338
sub-02	meta_metaphor	meta_L_pMTG_pSTS	kj	KJ	word_label	kj_19	kj_19	19	-0.5444659690505919
sub-02	meta_metaphor	meta_L_pMTG_pSTS	kj	KJ	word_label	kj_7	kj_7	7	0.058847186840411236
sub-02	meta_metaphor	meta_L_pMTG_pSTS	kj	KJ	word_label	kj_37	kj_37	37	0.1985576495184003
sub-02	meta_metaphor	meta_L_pMTG_pSTS	kj	KJ	word_label	kj_12	kj_12	12	0.50115147208202
sub-02	meta_metaphor	meta_L_pMTG_pSTS	kj	KJ	word_label	kj_11	kj_11	11	0.33272968165927347
sub-02	meta_metaphor	meta_L_pMTG_pSTS	kj	KJ	word_label	kj_3	kj_3	3	-0.2585910895695209
sub-02	meta_metaphor	meta_L_pMTG_pSTS	kj	KJ	word_label	kj_1	kj_1	1	-0.14939014768848385
sub-02	meta_metaphor	meta_L_pMTG_pSTS	kj	KJ	word_label	kj_27	kj_27	27	-0.25336064301106015
sub-02	meta_metaphor	meta_L_pMTG_pSTS	kj	KJ	word_label	kj_17	kj_17	17	-0.5402675566575691
sub-02	meta_metaphor	meta_L_pMTG_pSTS	kj	KJ	word_label	kj_30	kj_30	30	0.355762613120493
sub-02	meta_metaphor	meta_L_pMTG_pSTS	kj	KJ	word_label	kj_9	kj_9	9	0.03485854739792571
sub-02	meta_metaphor	meta_L_pMTG_pSTS	kj	KJ	word_label	kj_24	kj_24	24	0.09512142518835487
sub-02	meta_metaphor	meta_L_pMTG_pSTS	kj	KJ	word_label	kj_5	kj_5	5	0.41125657863069376
sub-02	meta_metaphor	meta_L_pMTG_pSTS	kj	KJ	word_label	kj_23	kj_23	23	-0.36247055855555704
sub-02	meta_metaphor	meta_L_pMTG_pSTS	kj	KJ	word_label	kj_21	kj_21	21	-0.33876091647558815
sub-02	meta_metaphor	meta_L_pMTG_pSTS	kj	KJ	word_label	kj_10	kj_10	10	0.15491115801365624
sub-02	meta_metaphor	meta_L_pMTG_pSTS	kj	KJ	word_label	kj_22	kj_22	22	0.28795406690393816
sub-02	meta_metaphor	meta_L_pMTG_pSTS	kj	KJ	word_label	kj_28	kj_28	28	0.12037089026427848
sub-02	meta_metaphor	meta_L_pMTG_pSTS	kj	KJ	word_label	kj_20	kj_20	20	-0.26402264816979604
sub-02	meta_metaphor	meta_L_pMTG_pSTS	kj	KJ	word_label	kj_39	kj_39	39	0.06288705005923996
sub-02	meta_metaphor	meta_L_pMTG_pSTS	kj	KJ	word_label	kj_26	kj_26	26	0.21380091567920886
sub-02	meta_metaphor	meta_L_pMTG_pSTS	kj	KJ	word_label	kj_33	kj_33	33	0.024970390827039585
sub-02	meta_metaphor	meta_L_pMTG_pSTS	kj	KJ	word_label	kj_15	kj_15	15	-0.10469200564999151
sub-02	meta_metaphor	meta_L_pMTG_pSTS	kj	KJ	word_label	kj_2	kj_2	2	0.3819974074367677
sub-02	meta_metaphor	meta_L_pMTG_pSTS	kj	KJ	word_label	kj_13	kj_13	13	-0.4401261245076128
sub-02	meta_metaphor	meta_L_pMTG_pSTS	kj	KJ	word_label	kj_8	kj_8	8	0.11736585096675924
sub-02	meta_metaphor	meta_L_pMTG_pSTS	kj	KJ	word_label	kj_31	kj_31	31	-0.40873099144397573
sub-02	meta_metaphor	meta_L_pMTG_pSTS	kj	KJ	word_label	kj_36	kj_36	36	-0.3830052225686803
sub-02	meta_metaphor	meta_L_temporal_pole	yy	YY	word_label	yy_26	yy_26	26	-0.17335640817901218
sub-02	meta_metaphor	meta_L_temporal_pole	yy	YY	word_label	yy_5	yy_5	5	0.14269940612531018
sub-02	meta_metaphor	meta_L_temporal_pole	yy	YY	word_label	yy_8	yy_8	8	-0.18028626561011546
sub-02	meta_metaphor	meta_L_temporal_pole	yy	YY	word_label	yy_40	yy_40	40	-0.10576376263043612
sub-02	meta_metaphor	meta_L_temporal_pole	yy	YY	word_label	yy_33	yy_33	33	0.31631329700385363
sub-02	meta_metaphor	meta_L_temporal_pole	yy	YY	word_label	yy_4	yy_4	4	0.014581131275083073
sub-02	meta_metaphor	meta_L_temporal_pole	yy	YY	word_label	yy_29	yy_29	29	-0.04047123063818176
sub-02	meta_metaphor	meta_L_temporal_pole	yy	YY	word_label	yy_19	yy_19	19	-0.05098307787784832
sub-02	meta_metaphor	meta_L_temporal_pole	yy	YY	word_label	yy_2	yy_2	2	0.21676779602986618
sub-02	meta_metaphor	meta_L_temporal_pole	yy	YY	word_label	yy_28	yy_28	28	-0.10067006326645665
sub-02	meta_metaphor	meta_L_temporal_pole	yy	YY	word_label	yy_10	yy_10	10	0.4495244109588113
sub-02	meta_metaphor	meta_L_temporal_pole	yy	YY	word_label	yy_6	yy_6	6	0.13352684683088017
sub-02	meta_metaphor	meta_L_temporal_pole	yy	YY	word_label	yy_17	yy_17	17	0.5150341165410189
sub-02	meta_metaphor	meta_L_temporal_pole	yy	YY	word_label	yy_32	yy_32	32	-0.2149997404389317
sub-02	meta_metaphor	meta_L_temporal_pole	yy	YY	word_label	yy_12	yy_12	12	0.5363848866738691
sub-02	meta_metaphor	meta_L_temporal_pole	yy	YY	word_label	yy_14	yy_14	14	0.18173883843789448
sub-02	meta_metaphor	meta_L_temporal_pole	yy	YY	word_label	yy_23	yy_23	23	-0.14020610755321888
sub-02	meta_metaphor	meta_L_temporal_pole	yy	YY	word_label	yy_11	yy_11	11	0.40899739479977254
sub-02	meta_metaphor	meta_L_temporal_pole	yy	YY	word_label	yy_35	yy_35	35	0.5380274937273493
sub-02	meta_metaphor	meta_L_temporal_pole	yy	YY	word_label	yy_16	yy_16	16	0.16800796804873513
sub-02	meta_metaphor	meta_L_temporal_pole	yy	YY	word_label	yy_21	yy_21	21	0.5749172713291493
sub-02	meta_metaphor	meta_L_temporal_pole	yy	YY	word_label	yy_39	yy_39	39	-0.5093499174130908
sub-02	meta_metaphor	meta_L_temporal_pole	yy	YY	word_label	yy_15	yy_15	15	-0.407572356590167
sub-02	meta_metaphor	meta_L_temporal_pole	yy	YY	word_label	yy_13	yy_13	13	0.16811137361839193
sub-02	meta_metaphor	meta_L_temporal_pole	yy	YY	word_label	yy_18	yy_18	18	0.05055209142350592
sub-02	meta_metaphor	meta_L_temporal_pole	yy	YY	word_label	yy_7	yy_7	7	0.2678993717297707
sub-02	meta_metaphor	meta_L_temporal_pole	yy	YY	word_label	yy_3	yy_3	3	-0.42304024669513063
sub-02	meta_metaphor	meta_L_temporal_pole	yy	YY	word_label	yy_36	yy_36	36	0.2570104029059951
sub-02	meta_metaphor	meta_L_temporal_pole	yy	YY	word_label	yy_27	yy_27	27	0.07878661834535568
sub-02	meta_metaphor	meta_L_temporal_pole	yy	YY	word_label	yy_22	yy_22	22	0.31724742512709814
sub-02	meta_metaphor	meta_L_temporal_pole	yy	YY	word_label	yy_9	yy_9	9	0.5469765649841232
sub-02	meta_metaphor	meta_L_temporal_pole	yy	YY	word_label	yy_1	yy_1	1	0.8236905381391152
sub-02	meta_metaphor	meta_L_temporal_pole	yy	YY	word_label	yy_38	yy_38	38	0.3645884693382582
sub-02	meta_metaphor	meta_L_temporal_pole	yy	YY	word_label	yy_37	yy_37	37	0.7077155146713058
sub-02	meta_metaphor	meta_L_temporal_pole	yy	YY	word_label	yy_24	yy_24	24	0.4445168128002905
sub-02	meta_metaphor	meta_L_temporal_pole	kj	KJ	word_label	kj_16	kj_16	16	0.7151616909194858
sub-02	meta_metaphor	meta_L_temporal_pole	kj	KJ	word_label	kj_25	kj_25	25	-0.04279945494664791
sub-02	meta_metaphor	meta_L_temporal_pole	kj	KJ	word_label	kj_14	kj_14	14	-0.5838312032199292
sub-02	meta_metaphor	meta_L_temporal_pole	kj	KJ	word_label	kj_38	kj_38	38	0.3180605299648958
sub-02	meta_metaphor	meta_L_temporal_pole	kj	KJ	word_label	kj_29	kj_29	29	0.7066341223016352
sub-02	meta_metaphor	meta_L_temporal_pole	kj	KJ	word_label	kj_6	kj_6	6	-0.10262987838643177
sub-02	meta_metaphor	meta_L_temporal_pole	kj	KJ	word_label	kj_34	kj_34	34	0.6340380161297926
sub-02	meta_metaphor	meta_L_temporal_pole	kj	KJ	word_label	kj_19	kj_19	19	0.07888767466402781
sub-02	meta_metaphor	meta_L_temporal_pole	kj	KJ	word_label	kj_7	kj_7	7	0.5424911823392643
sub-02	meta_metaphor	meta_L_temporal_pole	kj	KJ	word_label	kj_37	kj_37	37	-0.14019046573835503
sub-02	meta_metaphor	meta_L_temporal_pole	kj	KJ	word_label	kj_12	kj_12	12	0.2941536303113174
sub-02	meta_metaphor	meta_L_temporal_pole	kj	KJ	word_label	kj_11	kj_11	11	-0.18322730838443152
sub-02	meta_metaphor	meta_L_temporal_pole	kj	KJ	word_label	kj_3	kj_3	3	0.32949091116583684
sub-02	meta_metaphor	meta_L_temporal_pole	kj	KJ	word_label	kj_1	kj_1	1	0.4859167285746973
sub-02	meta_metaphor	meta_L_temporal_pole	kj	KJ	word_label	kj_27	kj_27	27	0.11727237559023454
sub-02	meta_metaphor	meta_L_temporal_pole	kj	KJ	word_label	kj_17	kj_17	17	0.19381912725612696
sub-02	meta_metaphor	meta_L_temporal_pole	kj	KJ	word_label	kj_30	kj_30	30	-0.03330060263883591
sub-02	meta_metaphor	meta_L_temporal_pole	kj	KJ	word_label	kj_9	kj_9	9	0.30024475348834706
sub-02	meta_metaphor	meta_L_temporal_pole	kj	KJ	word_label	kj_24	kj_24	24	0.46132143138487064
sub-02	meta_metaphor	meta_L_temporal_pole	kj	KJ	word_label	kj_5	kj_5	5	-0.15644566032611504
sub-02	meta_metaphor	meta_L_temporal_pole	kj	KJ	word_label	kj_23	kj_23	23	0.1996578069715628
sub-02	meta_metaphor	meta_L_temporal_pole	kj	KJ	word_label	kj_21	kj_21	21	0.28826860303311397
sub-02	meta_metaphor	meta_L_temporal_pole	kj	KJ	word_label	kj_10	kj_10	10	0.7189596954964046
sub-02	meta_metaphor	meta_L_temporal_pole	kj	KJ	word_label	kj_22	kj_22	22	-0.5107738301476368
sub-02	meta_metaphor	meta_L_temporal_pole	kj	KJ	word_label	kj_28	kj_28	28	0.004680005929827869
sub-02	meta_metaphor	meta_L_temporal_pole	kj	KJ	word_label	kj_20	kj_20	20	0.15709660607747153
sub-02	meta_metaphor	meta_L_temporal_pole	kj	KJ	word_label	kj_39	kj_39	39	0.5271590861541395
sub-02	meta_metaphor	meta_L_temporal_pole	kj	KJ	word_label	kj_26	kj_26	26	0.11578769823691469
sub-02	meta_metaphor	meta_L_temporal_pole	kj	KJ	word_label	kj_33	kj_33	33	0.16560528068114252
sub-02	meta_metaphor	meta_L_temporal_pole	kj	KJ	word_label	kj_15	kj_15	15	0.5447438813908545
sub-02	meta_metaphor	meta_L_temporal_pole	kj	KJ	word_label	kj_2	kj_2	2	-0.6427139687759776
sub-02	meta_metaphor	meta_L_temporal_pole	kj	KJ	word_label	kj_13	kj_13	13	-0.3320421012733515
sub-02	meta_metaphor	meta_L_temporal_pole	kj	KJ	word_label	kj_8	kj_8	8	-0.281788222211957
sub-02	meta_metaphor	meta_L_temporal_pole	kj	KJ	word_label	kj_31	kj_31	31	-0.31325478139464713
sub-02	meta_metaphor	meta_L_temporal_pole	kj	KJ	word_label	kj_36	kj_36	36	0.4340363663593822
sub-02	meta_metaphor	meta_R_AG	yy	YY	word_label	yy_26	yy_26	26	-0.29438621678890636
sub-02	meta_metaphor	meta_R_AG	yy	YY	word_label	yy_5	yy_5	5	0.8352954167350097
sub-02	meta_metaphor	meta_R_AG	yy	YY	word_label	yy_8	yy_8	8	0.710501906566634
sub-02	meta_metaphor	meta_R_AG	yy	YY	word_label	yy_40	yy_40	40	0.3314318628445039
sub-02	meta_metaphor	meta_R_AG	yy	YY	word_label	yy_33	yy_33	33	0.01876840231165789
sub-02	meta_metaphor	meta_R_AG	yy	YY	word_label	yy_4	yy_4	4	0.17724164564971193
sub-02	meta_metaphor	meta_R_AG	yy	YY	word_label	yy_29	yy_29	29	0.12774641120638328
sub-02	meta_metaphor	meta_R_AG	yy	YY	word_label	yy_19	yy_19	19	-0.5652383128809005
sub-02	meta_metaphor	meta_R_AG	yy	YY	word_label	yy_2	yy_2	2	-0.28169074036005876
sub-02	meta_metaphor	meta_R_AG	yy	YY	word_label	yy_28	yy_28	28	-0.2664606713224004
sub-02	meta_metaphor	meta_R_AG	yy	YY	word_label	yy_10	yy_10	10	-0.033908254655886545
sub-02	meta_metaphor	meta_R_AG	yy	YY	word_label	yy_6	yy_6	6	0.21506273154607145
sub-02	meta_metaphor	meta_R_AG	yy	YY	word_label	yy_17	yy_17	17	0.47901736687175106
sub-02	meta_metaphor	meta_R_AG	yy	YY	word_label	yy_32	yy_32	32	0.6439141020625209
sub-02	meta_metaphor	meta_R_AG	yy	YY	word_label	yy_12	yy_12	12	0.7359687657067735
sub-02	meta_metaphor	meta_R_AG	yy	YY	word_label	yy_14	yy_14	14	-0.3713611182287105
sub-02	meta_metaphor	meta_R_AG	yy	YY	word_label	yy_23	yy_23	23	-0.5330611681672413
sub-02	meta_metaphor	meta_R_AG	yy	YY	word_label	yy_11	yy_11	11	0.055198734329592776
sub-02	meta_metaphor	meta_R_AG	yy	YY	word_label	yy_35	yy_35	35	-0.5002569214915731
sub-02	meta_metaphor	meta_R_AG	yy	YY	word_label	yy_16	yy_16	16	-0.5159568445262575
sub-02	meta_metaphor	meta_R_AG	yy	YY	word_label	yy_21	yy_21	21	0.1206852764836117
sub-02	meta_metaphor	meta_R_AG	yy	YY	word_label	yy_39	yy_39	39	0.4346748486758311
sub-02	meta_metaphor	meta_R_AG	yy	YY	word_label	yy_15	yy_15	15	0.6513913899726345
sub-02	meta_metaphor	meta_R_AG	yy	YY	word_label	yy_13	yy_13	13	0.41101163250690287
sub-02	meta_metaphor	meta_R_AG	yy	YY	word_label	yy_18	yy_18	18	0.087381768853511
sub-02	meta_metaphor	meta_R_AG	yy	YY	word_label	yy_7	yy_7	7	-0.7001079766600709
sub-02	meta_metaphor	meta_R_AG	yy	YY	word_label	yy_3	yy_3	3	-0.2631865445857967
sub-02	meta_metaphor	meta_R_AG	yy	YY	word_label	yy_36	yy_36	36	0.3646053757505032
sub-02	meta_metaphor	meta_R_AG	yy	YY	word_label	yy_27	yy_27	27	0.6523884263141281
sub-02	meta_metaphor	meta_R_AG	yy	YY	word_label	yy_22	yy_22	22	0.8264550042496647
sub-02	meta_metaphor	meta_R_AG	yy	YY	word_label	yy_9	yy_9	9	0.5908848920590827
sub-02	meta_metaphor	meta_R_AG	yy	YY	word_label	yy_1	yy_1	1	0.09382398231405129
sub-02	meta_metaphor	meta_R_AG	yy	YY	word_label	yy_38	yy_38	38	0.2327004600635692
sub-02	meta_metaphor	meta_R_AG	yy	YY	word_label	yy_37	yy_37	37	-0.35309166749373744
sub-02	meta_metaphor	meta_R_AG	yy	YY	word_label	yy_24	yy_24	24	-0.10928830215846987
sub-02	meta_metaphor	meta_R_AG	kj	KJ	word_label	kj_16	kj_16	16	-0.1354497089489519
sub-02	meta_metaphor	meta_R_AG	kj	KJ	word_label	kj_25	kj_25	25	0.20627695226170378
sub-02	meta_metaphor	meta_R_AG	kj	KJ	word_label	kj_14	kj_14	14	-0.4520483486585246
sub-02	meta_metaphor	meta_R_AG	kj	KJ	word_label	kj_38	kj_38	38	-0.2205249653866202
sub-02	meta_metaphor	meta_R_AG	kj	KJ	word_label	kj_29	kj_29	29	-0.5182698462112529
sub-02	meta_metaphor	meta_R_AG	kj	KJ	word_label	kj_6	kj_6	6	-0.34553144306333083
sub-02	meta_metaphor	meta_R_AG	kj	KJ	word_label	kj_34	kj_34	34	-0.4104257556319383
sub-02	meta_metaphor	meta_R_AG	kj	KJ	word_label	kj_19	kj_19	19	0.1584324975303914
sub-02	meta_metaphor	meta_R_AG	kj	KJ	word_label	kj_7	kj_7	7	0.28661805123000383
sub-02	meta_metaphor	meta_R_AG	kj	KJ	word_label	kj_37	kj_37	37	-0.6137767891821478
sub-02	meta_metaphor	meta_R_AG	kj	KJ	word_label	kj_12	kj_12	12	0.14268450959132023
sub-02	meta_metaphor	meta_R_AG	kj	KJ	word_label	kj_11	kj_11	11	-0.09453468165119674
sub-02	meta_metaphor	meta_R_AG	kj	KJ	word_label	kj_3	kj_3	3	-0.04006496692594956
sub-02	meta_metaphor	meta_R_AG	kj	KJ	word_label	kj_1	kj_1	1	-0.12470223018166318
sub-02	meta_metaphor	meta_R_AG	kj	KJ	word_label	kj_27	kj_27	27	0.12450605408301706
sub-02	meta_metaphor	meta_R_AG	kj	KJ	word_label	kj_17	kj_17	17	0.5368941858633096
sub-02	meta_metaphor	meta_R_AG	kj	KJ	word_label	kj_30	kj_30	30	-0.45349637508332774
sub-02	meta_metaphor	meta_R_AG	kj	KJ	word_label	kj_9	kj_9	9	0.09360203113114667
sub-02	meta_metaphor	meta_R_AG	kj	KJ	word_label	kj_24	kj_24	24	-0.03695952697553797
sub-02	meta_metaphor	meta_R_AG	kj	KJ	word_label	kj_5	kj_5	5	-0.39687179901173486
sub-02	meta_metaphor	meta_R_AG	kj	KJ	word_label	kj_23	kj_23	23	0.739261108977745
sub-02	meta_metaphor	meta_R_AG	kj	KJ	word_label	kj_21	kj_21	21	-0.17166808347244503
sub-02	meta_metaphor	meta_R_AG	kj	KJ	word_label	kj_10	kj_10	10	-0.5132675647447934
sub-02	meta_metaphor	meta_R_AG	kj	KJ	word_label	kj_22	kj_22	22	0.38703230030560876
sub-02	meta_metaphor	meta_R_AG	kj	KJ	word_label	kj_28	kj_28	28	-0.46833450708281393
sub-02	meta_metaphor	meta_R_AG	kj	KJ	word_label	kj_20	kj_20	20	-0.7110885559794059
sub-02	meta_metaphor	meta_R_AG	kj	KJ	word_label	kj_39	kj_39	39	0.34758781183579746
sub-02	meta_metaphor	meta_R_AG	kj	KJ	word_label	kj_26	kj_26	26	0.11105198399368647
sub-02	meta_metaphor	meta_R_AG	kj	KJ	word_label	kj_33	kj_33	33	-0.0017635101251819443
sub-02	meta_metaphor	meta_R_AG	kj	KJ	word_label	kj_15	kj_15	15	0.18710780707869346
sub-02	meta_metaphor	meta_R_AG	kj	KJ	word_label	kj_2	kj_2	2	0.1607346701714834
sub-02	meta_metaphor	meta_R_AG	kj	KJ	word_label	kj_13	kj_13	13	0.6332039140958868
sub-02	meta_metaphor	meta_R_AG	kj	KJ	word_label	kj_8	kj_8	8	0.43595148487246954
sub-02	meta_metaphor	meta_R_AG	kj	KJ	word_label	kj_31	kj_31	31	0.5952330199518772
sub-02	meta_metaphor	meta_R_AG	kj	KJ	word_label	kj_36	kj_36	36	-0.3979176208324111
sub-02	meta_metaphor	meta_R_IFG	yy	YY	word_label	yy_26	yy_26	26	0.4521402552169279
sub-02	meta_metaphor	meta_R_IFG	yy	YY	word_label	yy_5	yy_5	5	0.606512663199198
sub-02	meta_metaphor	meta_R_IFG	yy	YY	word_label	yy_8	yy_8	8	-0.001292621676753004
sub-02	meta_metaphor	meta_R_IFG	yy	YY	word_label	yy_40	yy_40	40	-0.010673154163465173
sub-02	meta_metaphor	meta_R_IFG	yy	YY	word_label	yy_33	yy_33	33	-0.0054889967931806335
sub-02	meta_metaphor	meta_R_IFG	yy	YY	word_label	yy_4	yy_4	4	-0.1371468400223883
sub-02	meta_metaphor	meta_R_IFG	yy	YY	word_label	yy_29	yy_29	29	-0.5105488202049407
sub-02	meta_metaphor	meta_R_IFG	yy	YY	word_label	yy_19	yy_19	19	0.6693991850131872
sub-02	meta_metaphor	meta_R_IFG	yy	YY	word_label	yy_2	yy_2	2	-0.01440733337293322
sub-02	meta_metaphor	meta_R_IFG	yy	YY	word_label	yy_28	yy_28	28	0.2032698878273499
sub-02	meta_metaphor	meta_R_IFG	yy	YY	word_label	yy_10	yy_10	10	-0.7413879147080892
sub-02	meta_metaphor	meta_R_IFG	yy	YY	word_label	yy_6	yy_6	6	0.5983745858760775
sub-02	meta_metaphor	meta_R_IFG	yy	YY	word_label	yy_17	yy_17	17	0.203449001884038
sub-02	meta_metaphor	meta_R_IFG	yy	YY	word_label	yy_32	yy_32	32	0.5575963541289366
sub-02	meta_metaphor	meta_R_IFG	yy	YY	word_label	yy_12	yy_12	12	-0.008000883668949896
sub-02	meta_metaphor	meta_R_IFG	yy	YY	word_label	yy_14	yy_14	14	-0.48589560199641807
sub-02	meta_metaphor	meta_R_IFG	yy	YY	word_label	yy_23	yy_23	23	-0.07079707544611233
sub-02	meta_metaphor	meta_R_IFG	yy	YY	word_label	yy_11	yy_11	11	0.034098651642527525
sub-02	meta_metaphor	meta_R_IFG	yy	YY	word_label	yy_35	yy_35	35	0.444062173275507
sub-02	meta_metaphor	meta_R_IFG	yy	YY	word_label	yy_16	yy_16	16	-0.400612536654604
sub-02	meta_metaphor	meta_R_IFG	yy	YY	word_label	yy_21	yy_21	21	0.4318156289564938
sub-02	meta_metaphor	meta_R_IFG	yy	YY	word_label	yy_39	yy_39	39	0.2750640338598851
sub-02	meta_metaphor	meta_R_IFG	yy	YY	word_label	yy_15	yy_15	15	-0.011149825254562977
sub-02	meta_metaphor	meta_R_IFG	yy	YY	word_label	yy_13	yy_13	13	-0.1762580864440644
sub-02	meta_metaphor	meta_R_IFG	yy	YY	word_label	yy_18	yy_18	18	0.1362724292458913
sub-02	meta_metaphor	meta_R_IFG	yy	YY	word_label	yy_7	yy_7	7	-0.007515344162317557
sub-02	meta_metaphor	meta_R_IFG	yy	YY	word_label	yy_3	yy_3	3	0.4238441863338875
sub-02	meta_metaphor	meta_R_IFG	yy	YY	word_label	yy_36	yy_36	36	0.3460975742726683
sub-02	meta_metaphor	meta_R_IFG	yy	YY	word_label	yy_27	yy_27	27	-0.5225075841576544
sub-02	meta_metaphor	meta_R_IFG	yy	YY	word_label	yy_22	yy_22	22	0.2664885152348557
sub-02	meta_metaphor	meta_R_IFG	yy	YY	word_label	yy_9	yy_9	9	-0.2893919414489919
sub-02	meta_metaphor	meta_R_IFG	yy	YY	word_label	yy_1	yy_1	1	-0.13806646555019395
sub-02	meta_metaphor	meta_R_IFG	yy	YY	word_label	yy_38	yy_38	38	0.13104518142106486
sub-02	meta_metaphor	meta_R_IFG	yy	YY	word_label	yy_37	yy_37	37	0.5890800202883232
sub-02	meta_metaphor	meta_R_IFG	yy	YY	word_label	yy_24	yy_24	24	-0.5257080686031981
sub-02	meta_metaphor	meta_R_IFG	kj	KJ	word_label	kj_16	kj_16	16	-0.24050157837413447
sub-02	meta_metaphor	meta_R_IFG	kj	KJ	word_label	kj_25	kj_25	25	0.14614387699526196
sub-02	meta_metaphor	meta_R_IFG	kj	KJ	word_label	kj_14	kj_14	14	-0.06253813342939621
sub-02	meta_metaphor	meta_R_IFG	kj	KJ	word_label	kj_38	kj_38	38	-0.1133836458138475
sub-02	meta_metaphor	meta_R_IFG	kj	KJ	word_label	kj_29	kj_29	29	0.25480023428875226
sub-02	meta_metaphor	meta_R_IFG	kj	KJ	word_label	kj_6	kj_6	6	-0.3098945307347213
sub-02	meta_metaphor	meta_R_IFG	kj	KJ	word_label	kj_34	kj_34	34	-0.7060452622317488
sub-02	meta_metaphor	meta_R_IFG	kj	KJ	word_label	kj_19	kj_19	19	0.3065243379128765
sub-02	meta_metaphor	meta_R_IFG	kj	KJ	word_label	kj_7	kj_7	7	-0.3777796128170842
sub-02	meta_metaphor	meta_R_IFG	kj	KJ	word_label	kj_37	kj_37	37	0.30059870900890845
sub-02	meta_metaphor	meta_R_IFG	kj	KJ	word_label	kj_12	kj_12	12	0.698045219847605
sub-02	meta_metaphor	meta_R_IFG	kj	KJ	word_label	kj_11	kj_11	11	-0.07732492404357821
sub-02	meta_metaphor	meta_R_IFG	kj	KJ	word_label	kj_3	kj_3	3	0.20605263329254217
sub-02	meta_metaphor	meta_R_IFG	kj	KJ	word_label	kj_1	kj_1	1	-0.16364910329793028
sub-02	meta_metaphor	meta_R_IFG	kj	KJ	word_label	kj_27	kj_27	27	-0.13542442433286045
sub-02	meta_metaphor	meta_R_IFG	kj	KJ	word_label	kj_17	kj_17	17	0.15083463367295724
sub-02	meta_metaphor	meta_R_IFG	kj	KJ	word_label	kj_30	kj_30	30	0.07967649753457272
sub-02	meta_metaphor	meta_R_IFG	kj	KJ	word_label	kj_9	kj_9	9	0.4280885372915329
sub-02	meta_metaphor	meta_R_IFG	kj	KJ	word_label	kj_24	kj_24	24	0.44181066246246864
sub-02	meta_metaphor	meta_R_IFG	kj	KJ	word_label	kj_5	kj_5	5	0.3708393655044863
sub-02	meta_metaphor	meta_R_IFG	kj	KJ	word_label	kj_23	kj_23	23	-0.5910913348445515
sub-02	meta_metaphor	meta_R_IFG	kj	KJ	word_label	kj_21	kj_21	21	-0.47954968783762963
sub-02	meta_metaphor	meta_R_IFG	kj	KJ	word_label	kj_10	kj_10	10	0.39508326553029505
sub-02	meta_metaphor	meta_R_IFG	kj	KJ	word_label	kj_22	kj_22	22	-0.579343355378499
sub-02	meta_metaphor	meta_R_IFG	kj	KJ	word_label	kj_28	kj_28	28	0.8300175200300731
sub-02	meta_metaphor	meta_R_IFG	kj	KJ	word_label	kj_20	kj_20	20	-0.12234873337733515
sub-02	meta_metaphor	meta_R_IFG	kj	KJ	word_label	kj_39	kj_39	39	0.15812530016935084
sub-02	meta_metaphor	meta_R_IFG	kj	KJ	word_label	kj_26	kj_26	26	0.3522654582258838
sub-02	meta_metaphor	meta_R_IFG	kj	KJ	word_label	kj_33	kj_33	33	-0.5105872579778029
sub-02	meta_metaphor	meta_R_IFG	kj	KJ	word_label	kj_15	kj_15	15	-0.015003983242071126
sub-02	meta_metaphor	meta_R_IFG	kj	KJ	word_label	kj_2	kj_2	2	0.5478593544790349
sub-02	meta_metaphor	meta_R_IFG	kj	KJ	word_label	kj_13	kj_13	13	-0.25847001597599367
sub-02	meta_metaphor	meta_R_IFG	kj	KJ	word_label	kj_8	kj_8	8	-0.4659834254574181
sub-02	meta_metaphor	meta_R_IFG	kj	KJ	word_label	kj_31	kj_31	31	-0.14992834920460227
sub-02	meta_metaphor	meta_R_IFG	kj	KJ	word_label	kj_36	kj_36	36	-0.44484141058575377
sub-02	meta_metaphor	meta_R_pMTG_pSTS	yy	YY	word_label	yy_26	yy_26	26	-0.3289661586413039
sub-02	meta_metaphor	meta_R_pMTG_pSTS	yy	YY	word_label	yy_5	yy_5	5	0.545364362121473
sub-02	meta_metaphor	meta_R_pMTG_pSTS	yy	YY	word_label	yy_8	yy_8	8	0.06328972343337814
sub-02	meta_metaphor	meta_R_pMTG_pSTS	yy	YY	word_label	yy_40	yy_40	40	-0.4218389190819925
sub-02	meta_metaphor	meta_R_pMTG_pSTS	yy	YY	word_label	yy_33	yy_33	33	0.04291123007001771
sub-02	meta_metaphor	meta_R_pMTG_pSTS	yy	YY	word_label	yy_4	yy_4	4	0.6391406705582308
sub-02	meta_metaphor	meta_R_pMTG_pSTS	yy	YY	word_label	yy_29	yy_29	29	0.33697900448326035
sub-02	meta_metaphor	meta_R_pMTG_pSTS	yy	YY	word_label	yy_19	yy_19	19	0.5105135600046673
sub-02	meta_metaphor	meta_R_pMTG_pSTS	yy	YY	word_label	yy_2	yy_2	2	-0.009513027010873873
sub-02	meta_metaphor	meta_R_pMTG_pSTS	yy	YY	word_label	yy_28	yy_28	28	-0.10733757719562519
sub-02	meta_metaphor	meta_R_pMTG_pSTS	yy	YY	word_label	yy_10	yy_10	10	0.3785625332939137
sub-02	meta_metaphor	meta_R_pMTG_pSTS	yy	YY	word_label	yy_6	yy_6	6	0.3003547549120561
sub-02	meta_metaphor	meta_R_pMTG_pSTS	yy	YY	word_label	yy_17	yy_17	17	-0.138928035579623
sub-02	meta_metaphor	meta_R_pMTG_pSTS	yy	YY	word_label	yy_32	yy_32	32	0.24064885895269555
sub-02	meta_metaphor	meta_R_pMTG_pSTS	yy	YY	word_label	yy_12	yy_12	12	0.1624955504007713
sub-02	meta_metaphor	meta_R_pMTG_pSTS	yy	YY	word_label	yy_14	yy_14	14	0.025856727303271067
sub-02	meta_metaphor	meta_R_pMTG_pSTS	yy	YY	word_label	yy_23	yy_23	23	0.11288664175549133
sub-02	meta_metaphor	meta_R_pMTG_pSTS	yy	YY	word_label	yy_11	yy_11	11	0.4479348187978216
sub-02	meta_metaphor	meta_R_pMTG_pSTS	yy	YY	word_label	yy_35	yy_35	35	0.41374755822556253
sub-02	meta_metaphor	meta_R_pMTG_pSTS	yy	YY	word_label	yy_16	yy_16	16	0.4942292833259884
sub-02	meta_metaphor	meta_R_pMTG_pSTS	yy	YY	word_label	yy_21	yy_21	21	0.04390259637963659
sub-02	meta_metaphor	meta_R_pMTG_pSTS	yy	YY	word_label	yy_39	yy_39	39	-0.07737199698291558
sub-02	meta_metaphor	meta_R_pMTG_pSTS	yy	YY	word_label	yy_15	yy_15	15	0.46718280373751275
sub-02	meta_metaphor	meta_R_pMTG_pSTS	yy	YY	word_label	yy_13	yy_13	13	-0.3101207268289301
sub-02	meta_metaphor	meta_R_pMTG_pSTS	yy	YY	word_label	yy_18	yy_18	18	-0.08670291754625258
sub-02	meta_metaphor	meta_R_pMTG_pSTS	yy	YY	word_label	yy_7	yy_7	7	0.4523797937518096
sub-02	meta_metaphor	meta_R_pMTG_pSTS	yy	YY	word_label	yy_3	yy_3	3	-0.23696309366969937
sub-02	meta_metaphor	meta_R_pMTG_pSTS	yy	YY	word_label	yy_36	yy_36	36	0.3566412969936034
sub-02	meta_metaphor	meta_R_pMTG_pSTS	yy	YY	word_label	yy_27	yy_27	27	-0.053793878008132526
sub-02	meta_metaphor	meta_R_pMTG_pSTS	yy	YY	word_label	yy_22	yy_22	22	0.09201932052245104
sub-02	meta_metaphor	meta_R_pMTG_pSTS	yy	YY	word_label	yy_9	yy_9	9	0.2672032234882795
sub-02	meta_metaphor	meta_R_pMTG_pSTS	yy	YY	word_label	yy_1	yy_1	1	-0.22421728180585643
sub-02	meta_metaphor	meta_R_pMTG_pSTS	yy	YY	word_label	yy_38	yy_38	38	-0.20086868361995477
sub-02	meta_metaphor	meta_R_pMTG_pSTS	yy	YY	word_label	yy_37	yy_37	37	0.5067931771545471
sub-02	meta_metaphor	meta_R_pMTG_pSTS	yy	YY	word_label	yy_24	yy_24	24	0.1273639250886832
sub-02	meta_metaphor	meta_R_pMTG_pSTS	kj	KJ	word_label	kj_16	kj_16	16	0.08794303779763611
sub-02	meta_metaphor	meta_R_pMTG_pSTS	kj	KJ	word_label	kj_25	kj_25	25	-0.13580698527757276
sub-02	meta_metaphor	meta_R_pMTG_pSTS	kj	KJ	word_label	kj_14	kj_14	14	0.17979587662886903
sub-02	meta_metaphor	meta_R_pMTG_pSTS	kj	KJ	word_label	kj_38	kj_38	38	0.5580432567595391
sub-02	meta_metaphor	meta_R_pMTG_pSTS	kj	KJ	word_label	kj_29	kj_29	29	0.10044468327657088
sub-02	meta_metaphor	meta_R_pMTG_pSTS	kj	KJ	word_label	kj_6	kj_6	6	-0.22663763968760614
sub-02	meta_metaphor	meta_R_pMTG_pSTS	kj	KJ	word_label	kj_34	kj_34	34	-0.1127922667811071
sub-02	meta_metaphor	meta_R_pMTG_pSTS	kj	KJ	word_label	kj_19	kj_19	19	-0.24354568510310573
sub-02	meta_metaphor	meta_R_pMTG_pSTS	kj	KJ	word_label	kj_7	kj_7	7	0.17376177677896698
sub-02	meta_metaphor	meta_R_pMTG_pSTS	kj	KJ	word_label	kj_37	kj_37	37	-0.5934522618033283
sub-02	meta_metaphor	meta_R_pMTG_pSTS	kj	KJ	word_label	kj_12	kj_12	12	-0.40545416060432976
sub-02	meta_metaphor	meta_R_pMTG_pSTS	kj	KJ	word_label	kj_11	kj_11	11	-0.5687647506393001
sub-02	meta_metaphor	meta_R_pMTG_pSTS	kj	KJ	word_label	kj_3	kj_3	3	0.01546417774833034
sub-02	meta_metaphor	meta_R_pMTG_pSTS	kj	KJ	word_label	kj_1	kj_1	1	-0.09703460836674767
sub-02	meta_metaphor	meta_R_pMTG_pSTS	kj	KJ	word_label	kj_27	kj_27	27	-0.18432424594719446
sub-02	meta_metaphor	meta_R_pMTG_pSTS	kj	KJ	word_label	kj_17	kj_17	17	0.08489897672329132
sub-02	meta_metaphor	meta_R_pMTG_pSTS	kj	KJ	word_label	kj_30	kj_30	30	-0.22503142688854125
sub-02	meta_metaphor	meta_R_pMTG_pSTS	kj	KJ	word_label	kj_9	kj_9	9	-0.5612009262237934
sub-02	meta_metaphor	meta_R_pMTG_pSTS	kj	KJ	word_label	kj_24	kj_24	24	-0.1539050737707697
sub-02	meta_metaphor	meta_R_pMTG_pSTS	kj	KJ	word_label	kj_5	kj_5	5	0.3636974468518471
sub-02	meta_metaphor	meta_R_pMTG_pSTS	kj	KJ	word_label	kj_23	kj_23	23	0.006602705089050521
sub-02	meta_metaphor	meta_R_pMTG_pSTS	kj	KJ	word_label	kj_21	kj_21	21	0.3326274920313606
sub-02	meta_metaphor	meta_R_pMTG_pSTS	kj	KJ	word_label	kj_10	kj_10	10	-0.4969664296561816
sub-02	meta_metaphor	meta_R_pMTG_pSTS	kj	KJ	word_label	kj_22	kj_22	22	0.23578387631131556
sub-02	meta_metaphor	meta_R_pMTG_pSTS	kj	KJ	word_label	kj_28	kj_28	28	-0.35984095368970254
sub-02	meta_metaphor	meta_R_pMTG_pSTS	kj	KJ	word_label	kj_20	kj_20	20	-0.0939149387627263
sub-02	meta_metaphor	meta_R_pMTG_pSTS	kj	KJ	word_label	kj_39	kj_39	39	-0.007946912405420054
sub-02	meta_metaphor	meta_R_pMTG_pSTS	kj	KJ	word_label	kj_26	kj_26	26	-0.32141150626296866
sub-02	meta_metaphor	meta_R_pMTG_pSTS	kj	KJ	word_label	kj_33	kj_33	33	0.12557900192056606
sub-02	meta_metaphor	meta_R_pMTG_pSTS	kj	KJ	word_label	kj_15	kj_15	15	0.004335200850975053
sub-02	meta_metaphor	meta_R_pMTG_pSTS	kj	KJ	word_label	kj_2	kj_2	2	0.3501307062896523
sub-02	meta_metaphor	meta_R_pMTG_pSTS	kj	KJ	word_label	kj_13	kj_13	13	0.36423648650011914
sub-02	meta_metaphor	meta_R_pMTG_pSTS	kj	KJ	word_label	kj_8	kj_8	8	-0.30916881687804654
sub-02	meta_metaphor	meta_R_pMTG_pSTS	kj	KJ	word_label	kj_31	kj_31	31	-0.24028257903878794
sub-02	meta_metaphor	meta_R_pMTG_pSTS	kj	KJ	word_label	kj_36	kj_36	36	-0.6712306350591922
sub-02	meta_metaphor	meta_R_temporal_pole	yy	YY	word_label	yy_26	yy_26	26	0.38255279093373845
sub-02	meta_metaphor	meta_R_temporal_pole	yy	YY	word_label	yy_5	yy_5	5	0.09972588253780341
sub-02	meta_metaphor	meta_R_temporal_pole	yy	YY	word_label	yy_8	yy_8	8	-0.37362624394696947
sub-02	meta_metaphor	meta_R_temporal_pole	yy	YY	word_label	yy_40	yy_40	40	0.24436758205928535
sub-02	meta_metaphor	meta_R_temporal_pole	yy	YY	word_label	yy_33	yy_33	33	-0.043054959644220084
sub-02	meta_metaphor	meta_R_temporal_pole	yy	YY	word_label	yy_4	yy_4	4	0.3961667036139565
sub-02	meta_metaphor	meta_R_temporal_pole	yy	YY	word_label	yy_29	yy_29	29	-0.2897597227203331
sub-02	meta_metaphor	meta_R_temporal_pole	yy	YY	word_label	yy_19	yy_19	19	0.534153700251973
sub-02	meta_metaphor	meta_R_temporal_pole	yy	YY	word_label	yy_2	yy_2	2	-0.18721911297178995
sub-02	meta_metaphor	meta_R_temporal_pole	yy	YY	word_label	yy_28	yy_28	28	0.5381682360426466
sub-02	meta_metaphor	meta_R_temporal_pole	yy	YY	word_label	yy_10	yy_10	10	-0.027179451176012538
sub-02	meta_metaphor	meta_R_temporal_pole	yy	YY	word_label	yy_6	yy_6	6	0.5451272294462517
sub-02	meta_metaphor	meta_R_temporal_pole	yy	YY	word_label	yy_17	yy_17	17	0.6563615370538938
sub-02	meta_metaphor	meta_R_temporal_pole	yy	YY	word_label	yy_32	yy_32	32	0.3728979340784982
sub-02	meta_metaphor	meta_R_temporal_pole	yy	YY	word_label	yy_12	yy_12	12	0.5738047609400819
sub-02	meta_metaphor	meta_R_temporal_pole	yy	YY	word_label	yy_14	yy_14	14	0.12935406047274395
sub-02	meta_metaphor	meta_R_temporal_pole	yy	YY	word_label	yy_23	yy_23	23	0.09327971637345962
sub-02	meta_metaphor	meta_R_temporal_pole	yy	YY	word_label	yy_11	yy_11	11	0.12808130417030433
sub-02	meta_metaphor	meta_R_temporal_pole	yy	YY	word_label	yy_35	yy_35	35	0.1493667947717385
sub-02	meta_metaphor	meta_R_temporal_pole	yy	YY	word_label	yy_16	yy_16	16	-0.43735263618339726
sub-02	meta_metaphor	meta_R_temporal_pole	yy	YY	word_label	yy_21	yy_21	21	0.4275811605552332
sub-02	meta_metaphor	meta_R_temporal_pole	yy	YY	word_label	yy_39	yy_39	39	0.7624610206177703
sub-02	meta_metaphor	meta_R_temporal_pole	yy	YY	word_label	yy_15	yy_15	15	-0.006754972555859127
sub-02	meta_metaphor	meta_R_temporal_pole	yy	YY	word_label	yy_13	yy_13	13	0.32928385119949355
sub-02	meta_metaphor	meta_R_temporal_pole	yy	YY	word_label	yy_18	yy_18	18	0.44456449864784203
sub-02	meta_metaphor	meta_R_temporal_pole	yy	YY	word_label	yy_7	yy_7	7	0.8295096407225192
sub-02	meta_metaphor	meta_R_temporal_pole	yy	YY	word_label	yy_3	yy_3	3	0.45164018155667285
sub-02	meta_metaphor	meta_R_temporal_pole	yy	YY	word_label	yy_36	yy_36	36	-0.7104269157218321
sub-02	meta_metaphor	meta_R_temporal_pole	yy	YY	word_label	yy_27	yy_27	27	0.6301923782328952
sub-02	meta_metaphor	meta_R_temporal_pole	yy	YY	word_label	yy_22	yy_22	22	0.674276467127947
sub-02	meta_metaphor	meta_R_temporal_pole	yy	YY	word_label	yy_9	yy_9	9	-0.6076579686098137
sub-02	meta_metaphor	meta_R_temporal_pole	yy	YY	word_label	yy_1	yy_1	1	0.8825348293721409
sub-02	meta_metaphor	meta_R_temporal_pole	yy	YY	word_label	yy_38	yy_38	38	0.5124498380958492
sub-02	meta_metaphor	meta_R_temporal_pole	yy	YY	word_label	yy_37	yy_37	37	0.6208121438740442
sub-02	meta_metaphor	meta_R_temporal_pole	yy	YY	word_label	yy_24	yy_24	24	0.4496533494141662
sub-02	meta_metaphor	meta_R_temporal_pole	kj	KJ	word_label	kj_16	kj_16	16	0.4350447425196895
sub-02	meta_metaphor	meta_R_temporal_pole	kj	KJ	word_label	kj_25	kj_25	25	0.5051490082186216
sub-02	meta_metaphor	meta_R_temporal_pole	kj	KJ	word_label	kj_14	kj_14	14	0.6259032973424031
sub-02	meta_metaphor	meta_R_temporal_pole	kj	KJ	word_label	kj_38	kj_38	38	0.6473851314884261
sub-02	meta_metaphor	meta_R_temporal_pole	kj	KJ	word_label	kj_29	kj_29	29	0.6606908211658395
sub-02	meta_metaphor	meta_R_temporal_pole	kj	KJ	word_label	kj_6	kj_6	6	0.4362279486627813
sub-02	meta_metaphor	meta_R_temporal_pole	kj	KJ	word_label	kj_34	kj_34	34	-0.5226323070950475
sub-02	meta_metaphor	meta_R_temporal_pole	kj	KJ	word_label	kj_19	kj_19	19	-0.1716352101239028
sub-02	meta_metaphor	meta_R_temporal_pole	kj	KJ	word_label	kj_7	kj_7	7	0.4235909332426553
sub-02	meta_metaphor	meta_R_temporal_pole	kj	KJ	word_label	kj_37	kj_37	37	0.577599996765974
sub-02	meta_metaphor	meta_R_temporal_pole	kj	KJ	word_label	kj_12	kj_12	12	-0.52957157981326
sub-02	meta_metaphor	meta_R_temporal_pole	kj	KJ	word_label	kj_11	kj_11	11	0.6796393291935365
sub-02	meta_metaphor	meta_R_temporal_pole	kj	KJ	word_label	kj_3	kj_3	3	0.7666716208289944
sub-02	meta_metaphor	meta_R_temporal_pole	kj	KJ	word_label	kj_1	kj_1	1	-0.18594140341228327
sub-02	meta_metaphor	meta_R_temporal_pole	kj	KJ	word_label	kj_27	kj_27	27	0.10840249265793274
sub-02	meta_metaphor	meta_R_temporal_pole	kj	KJ	word_label	kj_17	kj_17	17	0.41688718202535324
sub-02	meta_metaphor	meta_R_temporal_pole	kj	KJ	word_label	kj_30	kj_30	30	0.4788176802992795
sub-02	meta_metaphor	meta_R_temporal_pole	kj	KJ	word_label	kj_9	kj_9	9	-0.22091816101407594
sub-02	meta_metaphor	meta_R_temporal_pole	kj	KJ	word_label	kj_24	kj_24	24	0.4271785041436555
sub-02	meta_metaphor	meta_R_temporal_pole	kj	KJ	word_label	kj_5	kj_5	5	-0.09247056076711203
sub-02	meta_metaphor	meta_R_temporal_pole	kj	KJ	word_label	kj_23	kj_23	23	-0.04508643226393346
sub-02	meta_metaphor	meta_R_temporal_pole	kj	KJ	word_label	kj_21	kj_21	21	0.5066502780406087
sub-02	meta_metaphor	meta_R_temporal_pole	kj	KJ	word_label	kj_10	kj_10	10	0.5374580187841219
sub-02	meta_metaphor	meta_R_temporal_pole	kj	KJ	word_label	kj_22	kj_22	22	0.24204376470980948
sub-02	meta_metaphor	meta_R_temporal_pole	kj	KJ	word_label	kj_28	kj_28	28	0.5156543031333777
sub-02	meta_metaphor	meta_R_temporal_pole	kj	KJ	word_label	kj_20	kj_20	20	-0.91780576840538
sub-02	meta_metaphor	meta_R_temporal_pole	kj	KJ	word_label	kj_39	kj_39	39	0.3222638370398064
sub-02	meta_metaphor	meta_R_temporal_pole	kj	KJ	word_label	kj_26	kj_26	26	-0.08952483386459932
sub-02	meta_metaphor	meta_R_temporal_pole	kj	KJ	word_label	kj_33	kj_33	33	-0.4315139058260003
sub-02	meta_metaphor	meta_R_temporal_pole	kj	KJ	word_label	kj_15	kj_15	15	0.20097098264249058
sub-02	meta_metaphor	meta_R_temporal_pole	kj	KJ	word_label	kj_2	kj_2	2	-0.0722171758461439
sub-02	meta_metaphor	meta_R_temporal_pole	kj	KJ	word_label	kj_13	kj_13	13	-0.4333179483652503
sub-02	meta_metaphor	meta_R_temporal_pole	kj	KJ	word_label	kj_8	kj_8	8	0.2171149524218889
sub-02	meta_metaphor	meta_R_temporal_pole	kj	KJ	word_label	kj_31	kj_31	31	0.668637373821136
sub-02	meta_metaphor	meta_R_temporal_pole	kj	KJ	word_label	kj_36	kj_36	36	-0.2404296121070064
sub-03	meta_metaphor	meta_L_AG	yy	YY	word_label	yy_8	yy_8	8	0.48037675083561454
sub-03	meta_metaphor	meta_L_AG	yy	YY	word_label	yy_26	yy_26	26	0.10968752411715472
sub-03	meta_metaphor	meta_L_AG	yy	YY	word_label	yy_37	yy_37	37	0.1941237510615051
sub-03	meta_metaphor	meta_L_AG	yy	YY	word_label	yy_4	yy_4	4	0.5999838381588517
sub-03	meta_metaphor	meta_L_AG	yy	YY	word_label	yy_22	yy_22	22	0.45344106865660366
sub-03	meta_metaphor	meta_L_AG	yy	YY	word_label	yy_5	yy_5	5	-0.4614912072808807
sub-03	meta_metaphor	meta_L_AG	yy	YY	word_label	yy_15	yy_15	15	0.07347952726867894
sub-03	meta_metaphor	meta_L_AG	yy	YY	word_label	yy_6	yy_6	6	0.6270357932362491
sub-03	meta_metaphor	meta_L_AG	yy	YY	word_label	yy_12	yy_12	12	0.5542869454238213
sub-03	meta_metaphor	meta_L_AG	yy	YY	word_label	yy_3	yy_3	3	0.6550812904027535
sub-03	meta_metaphor	meta_L_AG	yy	YY	word_label	yy_11	yy_11	11	0.3513427499731667
sub-03	meta_metaphor	meta_L_AG	yy	YY	word_label	yy_10	yy_10	10	0.6501063337165033
sub-03	meta_metaphor	meta_L_AG	yy	YY	word_label	yy_24	yy_24	24	0.223940370338486
sub-03	meta_metaphor	meta_L_AG	yy	YY	word_label	yy_18	yy_18	18	0.18383850611042435
sub-03	meta_metaphor	meta_L_AG	yy	YY	word_label	yy_16	yy_16	16	0.6737863737428
sub-03	meta_metaphor	meta_L_AG	yy	YY	word_label	yy_38	yy_38	38	0.6713679805996953
sub-03	meta_metaphor	meta_L_AG	yy	YY	word_label	yy_40	yy_40	40	0.5923209622880767
sub-03	meta_metaphor	meta_L_AG	yy	YY	word_label	yy_9	yy_9	9	-0.09764066103447461
sub-03	meta_metaphor	meta_L_AG	yy	YY	word_label	yy_27	yy_27	27	0.4849963765760538
sub-03	meta_metaphor	meta_L_AG	yy	YY	word_label	yy_2	yy_2	2	0.0258649122367849
sub-03	meta_metaphor	meta_L_AG	yy	YY	word_label	yy_14	yy_14	14	0.33988406095972884
sub-03	meta_metaphor	meta_L_AG	yy	YY	word_label	yy_39	yy_39	39	-0.09633924760558338
sub-03	meta_metaphor	meta_L_AG	yy	YY	word_label	yy_23	yy_23	23	-0.07769222183594025
sub-03	meta_metaphor	meta_L_AG	yy	YY	word_label	yy_17	yy_17	17	0.5133185519101717
sub-03	meta_metaphor	meta_L_AG	yy	YY	word_label	yy_7	yy_7	7	0.5511121989347545
sub-03	meta_metaphor	meta_L_AG	yy	YY	word_label	yy_36	yy_36	36	-0.3326774004475767
sub-03	meta_metaphor	meta_L_AG	yy	YY	word_label	yy_28	yy_28	28	0.07647962008779102
sub-03	meta_metaphor	meta_L_AG	yy	YY	word_label	yy_19	yy_19	19	0.8272284083319259
sub-03	meta_metaphor	meta_L_AG	yy	YY	word_label	yy_35	yy_35	35	0.705389819647214
sub-03	meta_metaphor	meta_L_AG	yy	YY	word_label	yy_33	yy_33	33	0.6196268432922523
sub-03	meta_metaphor	meta_L_AG	yy	YY	word_label	yy_13	yy_13	13	0.5447730215801638
sub-03	meta_metaphor	meta_L_AG	yy	YY	word_label	yy_32	yy_32	32	0.8138032672230218
sub-03	meta_metaphor	meta_L_AG	yy	YY	word_label	yy_1	yy_1	1	-0.2066933588997591
sub-03	meta_metaphor	meta_L_AG	yy	YY	word_label	yy_29	yy_29	29	0.33130108798141084
sub-03	meta_metaphor	meta_L_AG	yy	YY	word_label	yy_21	yy_21	21	-0.030897644647970977
sub-03	meta_metaphor	meta_L_AG	kj	KJ	word_label	kj_23	kj_23	23	0.46109679833198275
sub-03	meta_metaphor	meta_L_AG	kj	KJ	word_label	kj_2	kj_2	2	0.743406491704576
sub-03	meta_metaphor	meta_L_AG	kj	KJ	word_label	kj_38	kj_38	38	0.44776174137406527
sub-03	meta_metaphor	meta_L_AG	kj	KJ	word_label	kj_9	kj_9	9	0.11943750778209275
sub-03	meta_metaphor	meta_L_AG	kj	KJ	word_label	kj_8	kj_8	8	-0.19187951342519963
sub-03	meta_metaphor	meta_L_AG	kj	KJ	word_label	kj_37	kj_37	37	0.15419519658829328
sub-03	meta_metaphor	meta_L_AG	kj	KJ	word_label	kj_28	kj_28	28	-0.12449720711355253
sub-03	meta_metaphor	meta_L_AG	kj	KJ	word_label	kj_24	kj_24	24	-0.4272688389368956
sub-03	meta_metaphor	meta_L_AG	kj	KJ	word_label	kj_10	kj_10	10	0.525712671372157
sub-03	meta_metaphor	meta_L_AG	kj	KJ	word_label	kj_21	kj_21	21	0.16268553607211486
sub-03	meta_metaphor	meta_L_AG	kj	KJ	word_label	kj_16	kj_16	16	0.46584756449402287
sub-03	meta_metaphor	meta_L_AG	kj	KJ	word_label	kj_17	kj_17	17	-0.11550824581219306
sub-03	meta_metaphor	meta_L_AG	kj	KJ	word_label	kj_34	kj_34	34	0.46958063296808134
sub-03	meta_metaphor	meta_L_AG	kj	KJ	word_label	kj_26	kj_26	26	0.36871032202361814
sub-03	meta_metaphor	meta_L_AG	kj	KJ	word_label	kj_3	kj_3	3	0.4386661213035544
sub-03	meta_metaphor	meta_L_AG	kj	KJ	word_label	kj_25	kj_25	25	0.15147975071221528
sub-03	meta_metaphor	meta_L_AG	kj	KJ	word_label	kj_13	kj_13	13	0.33724944293863374
sub-03	meta_metaphor	meta_L_AG	kj	KJ	word_label	kj_36	kj_36	36	0.20714978692997527
sub-03	meta_metaphor	meta_L_AG	kj	KJ	word_label	kj_30	kj_30	30	-0.0140316791532013
sub-03	meta_metaphor	meta_L_AG	kj	KJ	word_label	kj_6	kj_6	6	0.2033537308754655
sub-03	meta_metaphor	meta_L_AG	kj	KJ	word_label	kj_33	kj_33	33	0.11277458821907488
sub-03	meta_metaphor	meta_L_AG	kj	KJ	word_label	kj_29	kj_29	29	0.46472201293572307
sub-03	meta_metaphor	meta_L_AG	kj	KJ	word_label	kj_19	kj_19	19	-0.5165677712191422
sub-03	meta_metaphor	meta_L_AG	kj	KJ	word_label	kj_22	kj_22	22	-0.3602718954754542
sub-03	meta_metaphor	meta_L_AG	kj	KJ	word_label	kj_31	kj_31	31	0.5500319107653672
sub-03	meta_metaphor	meta_L_AG	kj	KJ	word_label	kj_1	kj_1	1	0.37714106906927714
sub-03	meta_metaphor	meta_L_AG	kj	KJ	word_label	kj_39	kj_39	39	0.45782161290152906
sub-03	meta_metaphor	meta_L_AG	kj	KJ	word_label	kj_7	kj_7	7	0.1347605302637169
sub-03	meta_metaphor	meta_L_AG	kj	KJ	word_label	kj_5	kj_5	5	0.6239181848267833
sub-03	meta_metaphor	meta_L_AG	kj	KJ	word_label	kj_12	kj_12	12	-0.3572227516291084
sub-03	meta_metaphor	meta_L_AG	kj	KJ	word_label	kj_27	kj_27	27	-0.3622380666868472
sub-03	meta_metaphor	meta_L_AG	kj	KJ	word_label	kj_15	kj_15	15	0.21635260856795024
sub-03	meta_metaphor	meta_L_AG	kj	KJ	word_label	kj_20	kj_20	20	0.3266809360486445
sub-03	meta_metaphor	meta_L_AG	kj	KJ	word_label	kj_14	kj_14	14	-0.11499312933215403
sub-03	meta_metaphor	meta_L_AG	kj	KJ	word_label	kj_11	kj_11	11	0.2205736907403646
sub-03	meta_metaphor	meta_L_IFG	yy	YY	word_label	yy_8	yy_8	8	-0.6063341374357528
sub-03	meta_metaphor	meta_L_IFG	yy	YY	word_label	yy_26	yy_26	26	0.193441750845674
sub-03	meta_metaphor	meta_L_IFG	yy	YY	word_label	yy_37	yy_37	37	-0.45297973911006134
sub-03	meta_metaphor	meta_L_IFG	yy	YY	word_label	yy_4	yy_4	4	0.2613574354873886
sub-03	meta_metaphor	meta_L_IFG	yy	YY	word_label	yy_22	yy_22	22	-0.6213064030542162
sub-03	meta_metaphor	meta_L_IFG	yy	YY	word_label	yy_5	yy_5	5	-0.4416613602325114
sub-03	meta_metaphor	meta_L_IFG	yy	YY	word_label	yy_15	yy_15	15	0.5515743936207732
sub-03	meta_metaphor	meta_L_IFG	yy	YY	word_label	yy_6	yy_6	6	-0.07457265781992348
sub-03	meta_metaphor	meta_L_IFG	yy	YY	word_label	yy_12	yy_12	12	0.30203645297751636
sub-03	meta_metaphor	meta_L_IFG	yy	YY	word_label	yy_3	yy_3	3	0.49702178639259215
sub-03	meta_metaphor	meta_L_IFG	yy	YY	word_label	yy_11	yy_11	11	0.4517412213323856
sub-03	meta_metaphor	meta_L_IFG	yy	YY	word_label	yy_10	yy_10	10	0.45842002460958314
sub-03	meta_metaphor	meta_L_IFG	yy	YY	word_label	yy_24	yy_24	24	0.6494707307424069
sub-03	meta_metaphor	meta_L_IFG	yy	YY	word_label	yy_18	yy_18	18	0.5132881711169445
sub-03	meta_metaphor	meta_L_IFG	yy	YY	word_label	yy_16	yy_16	16	0.5786148220644913
sub-03	meta_metaphor	meta_L_IFG	yy	YY	word_label	yy_38	yy_38	38	0.2909642501264772
sub-03	meta_metaphor	meta_L_IFG	yy	YY	word_label	yy_40	yy_40	40	0.46186076823617966
sub-03	meta_metaphor	meta_L_IFG	yy	YY	word_label	yy_9	yy_9	9	-0.6641870513251644
sub-03	meta_metaphor	meta_L_IFG	yy	YY	word_label	yy_27	yy_27	27	0.28215367312631173
sub-03	meta_metaphor	meta_L_IFG	yy	YY	word_label	yy_2	yy_2	2	0.30382850085956686
sub-03	meta_metaphor	meta_L_IFG	yy	YY	word_label	yy_14	yy_14	14	0.03193199195012184
sub-03	meta_metaphor	meta_L_IFG	yy	YY	word_label	yy_39	yy_39	39	0.10712811304585865
sub-03	meta_metaphor	meta_L_IFG	yy	YY	word_label	yy_23	yy_23	23	0.2753646206112475
sub-03	meta_metaphor	meta_L_IFG	yy	YY	word_label	yy_17	yy_17	17	-0.3255758490702641
sub-03	meta_metaphor	meta_L_IFG	yy	YY	word_label	yy_7	yy_7	7	0.5288746943164964
sub-03	meta_metaphor	meta_L_IFG	yy	YY	word_label	yy_36	yy_36	36	0.44422941428434437
sub-03	meta_metaphor	meta_L_IFG	yy	YY	word_label	yy_28	yy_28	28	0.640698801226089
sub-03	meta_metaphor	meta_L_IFG	yy	YY	word_label	yy_19	yy_19	19	-0.1281429493110938
sub-03	meta_metaphor	meta_L_IFG	yy	YY	word_label	yy_35	yy_35	35	0.539482028801153
sub-03	meta_metaphor	meta_L_IFG	yy	YY	word_label	yy_33	yy_33	33	-0.5022074710697313
sub-03	meta_metaphor	meta_L_IFG	yy	YY	word_label	yy_13	yy_13	13	-0.2689926530675103
sub-03	meta_metaphor	meta_L_IFG	yy	YY	word_label	yy_32	yy_32	32	-0.28082674888602105
sub-03	meta_metaphor	meta_L_IFG	yy	YY	word_label	yy_1	yy_1	1	0.2098536343947372
sub-03	meta_metaphor	meta_L_IFG	yy	YY	word_label	yy_29	yy_29	29	0.06829874423148526
sub-03	meta_metaphor	meta_L_IFG	yy	YY	word_label	yy_21	yy_21	21	0.08840913446738154
sub-03	meta_metaphor	meta_L_IFG	kj	KJ	word_label	kj_23	kj_23	23	0.430677629970363
sub-03	meta_metaphor	meta_L_IFG	kj	KJ	word_label	kj_2	kj_2	2	0.12569132188831636
sub-03	meta_metaphor	meta_L_IFG	kj	KJ	word_label	kj_38	kj_38	38	-0.3254439042619013
sub-03	meta_metaphor	meta_L_IFG	kj	KJ	word_label	kj_9	kj_9	9	-0.4468863848445955
sub-03	meta_metaphor	meta_L_IFG	kj	KJ	word_label	kj_8	kj_8	8	0.5051282139067739
sub-03	meta_metaphor	meta_L_IFG	kj	KJ	word_label	kj_37	kj_37	37	-0.4397041106653211
sub-03	meta_metaphor	meta_L_IFG	kj	KJ	word_label	kj_28	kj_28	28	0.7003458929406718
sub-03	meta_metaphor	meta_L_IFG	kj	KJ	word_label	kj_24	kj_24	24	0.013197097602769735
sub-03	meta_metaphor	meta_L_IFG	kj	KJ	word_label	kj_10	kj_10	10	0.5215240427036654
sub-03	meta_metaphor	meta_L_IFG	kj	KJ	word_label	kj_21	kj_21	21	0.3118112406794359
sub-03	meta_metaphor	meta_L_IFG	kj	KJ	word_label	kj_16	kj_16	16	-0.11074000362845877
sub-03	meta_metaphor	meta_L_IFG	kj	KJ	word_label	kj_17	kj_17	17	-0.11527936597444759
sub-03	meta_metaphor	meta_L_IFG	kj	KJ	word_label	kj_34	kj_34	34	-0.2555692518084813
sub-03	meta_metaphor	meta_L_IFG	kj	KJ	word_label	kj_26	kj_26	26	0.543804126395756
sub-03	meta_metaphor	meta_L_IFG	kj	KJ	word_label	kj_3	kj_3	3	0.5409145059690895
sub-03	meta_metaphor	meta_L_IFG	kj	KJ	word_label	kj_25	kj_25	25	-0.3558619315636843
sub-03	meta_metaphor	meta_L_IFG	kj	KJ	word_label	kj_13	kj_13	13	0.2734530886136748
sub-03	meta_metaphor	meta_L_IFG	kj	KJ	word_label	kj_36	kj_36	36	0.43429603243156584
sub-03	meta_metaphor	meta_L_IFG	kj	KJ	word_label	kj_30	kj_30	30	0.32934212069638086
sub-03	meta_metaphor	meta_L_IFG	kj	KJ	word_label	kj_6	kj_6	6	0.23190157041882947
sub-03	meta_metaphor	meta_L_IFG	kj	KJ	word_label	kj_33	kj_33	33	0.3599577963670451
sub-03	meta_metaphor	meta_L_IFG	kj	KJ	word_label	kj_29	kj_29	29	0.1421426096945333
sub-03	meta_metaphor	meta_L_IFG	kj	KJ	word_label	kj_19	kj_19	19	0.1592655281001224
sub-03	meta_metaphor	meta_L_IFG	kj	KJ	word_label	kj_22	kj_22	22	0.6991201877061956
sub-03	meta_metaphor	meta_L_IFG	kj	KJ	word_label	kj_31	kj_31	31	-0.0019631970721511924
sub-03	meta_metaphor	meta_L_IFG	kj	KJ	word_label	kj_1	kj_1	1	-0.16708822666855908
sub-03	meta_metaphor	meta_L_IFG	kj	KJ	word_label	kj_39	kj_39	39	0.2842504954920385
sub-03	meta_metaphor	meta_L_IFG	kj	KJ	word_label	kj_7	kj_7	7	0.2525459870419203
sub-03	meta_metaphor	meta_L_IFG	kj	KJ	word_label	kj_5	kj_5	5	-0.2897456757060933
sub-03	meta_metaphor	meta_L_IFG	kj	KJ	word_label	kj_12	kj_12	12	0.8358512338410349
sub-03	meta_metaphor	meta_L_IFG	kj	KJ	word_label	kj_27	kj_27	27	-0.08083430819269027
sub-03	meta_metaphor	meta_L_IFG	kj	KJ	word_label	kj_15	kj_15	15	-0.10607125227685375
sub-03	meta_metaphor	meta_L_IFG	kj	KJ	word_label	kj_20	kj_20	20	0.2645001481302992
sub-03	meta_metaphor	meta_L_IFG	kj	KJ	word_label	kj_14	kj_14	14	0.11119655731241662
sub-03	meta_metaphor	meta_L_IFG	kj	KJ	word_label	kj_11	kj_11	11	0.5377653626688894
sub-03	meta_metaphor	meta_L_pMTG_pSTS	yy	YY	word_label	yy_8	yy_8	8	0.3920094022718069
sub-03	meta_metaphor	meta_L_pMTG_pSTS	yy	YY	word_label	yy_26	yy_26	26	-0.7638027247056466
sub-03	meta_metaphor	meta_L_pMTG_pSTS	yy	YY	word_label	yy_37	yy_37	37	-0.045630859420448394
sub-03	meta_metaphor	meta_L_pMTG_pSTS	yy	YY	word_label	yy_4	yy_4	4	-0.1402040173988521
sub-03	meta_metaphor	meta_L_pMTG_pSTS	yy	YY	word_label	yy_22	yy_22	22	0.733427372128252
sub-03	meta_metaphor	meta_L_pMTG_pSTS	yy	YY	word_label	yy_5	yy_5	5	0.4098664622302907
sub-03	meta_metaphor	meta_L_pMTG_pSTS	yy	YY	word_label	yy_15	yy_15	15	0.816754408421796
sub-03	meta_metaphor	meta_L_pMTG_pSTS	yy	YY	word_label	yy_6	yy_6	6	0.9479090138554075
sub-03	meta_metaphor	meta_L_pMTG_pSTS	yy	YY	word_label	yy_12	yy_12	12	-0.7430477713109243
sub-03	meta_metaphor	meta_L_pMTG_pSTS	yy	YY	word_label	yy_3	yy_3	3	0.5514625755625847
sub-03	meta_metaphor	meta_L_pMTG_pSTS	yy	YY	word_label	yy_11	yy_11	11	0.2814481293650162
sub-03	meta_metaphor	meta_L_pMTG_pSTS	yy	YY	word_label	yy_10	yy_10	10	0.6762788782398805
sub-03	meta_metaphor	meta_L_pMTG_pSTS	yy	YY	word_label	yy_24	yy_24	24	0.26509728413138023
sub-03	meta_metaphor	meta_L_pMTG_pSTS	yy	YY	word_label	yy_18	yy_18	18	0.34358522062427277
sub-03	meta_metaphor	meta_L_pMTG_pSTS	yy	YY	word_label	yy_16	yy_16	16	0.8976572194939073
sub-03	meta_metaphor	meta_L_pMTG_pSTS	yy	YY	word_label	yy_38	yy_38	38	0.763015912343429
sub-03	meta_metaphor	meta_L_pMTG_pSTS	yy	YY	word_label	yy_40	yy_40	40	0.5716358565526162
sub-03	meta_metaphor	meta_L_pMTG_pSTS	yy	YY	word_label	yy_9	yy_9	9	0.7158516159598257
sub-03	meta_metaphor	meta_L_pMTG_pSTS	yy	YY	word_label	yy_27	yy_27	27	0.856630038824111
sub-03	meta_metaphor	meta_L_pMTG_pSTS	yy	YY	word_label	yy_2	yy_2	2	-0.4216127960936684
sub-03	meta_metaphor	meta_L_pMTG_pSTS	yy	YY	word_label	yy_14	yy_14	14	0.9531101910011409
sub-03	meta_metaphor	meta_L_pMTG_pSTS	yy	YY	word_label	yy_39	yy_39	39	0.5450227285879711
sub-03	meta_metaphor	meta_L_pMTG_pSTS	yy	YY	word_label	yy_23	yy_23	23	0.6374307844812286
sub-03	meta_metaphor	meta_L_pMTG_pSTS	yy	YY	word_label	yy_17	yy_17	17	0.7193082264286573
sub-03	meta_metaphor	meta_L_pMTG_pSTS	yy	YY	word_label	yy_7	yy_7	7	0.6654961073574658
sub-03	meta_metaphor	meta_L_pMTG_pSTS	yy	YY	word_label	yy_36	yy_36	36	0.6809594093500314
sub-03	meta_metaphor	meta_L_pMTG_pSTS	yy	YY	word_label	yy_28	yy_28	28	0.33895730418745823
sub-03	meta_metaphor	meta_L_pMTG_pSTS	yy	YY	word_label	yy_19	yy_19	19	0.8095389821765915
sub-03	meta_metaphor	meta_L_pMTG_pSTS	yy	YY	word_label	yy_35	yy_35	35	0.6791484418422278
sub-03	meta_metaphor	meta_L_pMTG_pSTS	yy	YY	word_label	yy_33	yy_33	33	0.7885972362643376
sub-03	meta_metaphor	meta_L_pMTG_pSTS	yy	YY	word_label	yy_13	yy_13	13	0.596298384804815
sub-03	meta_metaphor	meta_L_pMTG_pSTS	yy	YY	word_label	yy_32	yy_32	32	0.2772003325427537
sub-03	meta_metaphor	meta_L_pMTG_pSTS	yy	YY	word_label	yy_1	yy_1	1	-0.19433113192770474
sub-03	meta_metaphor	meta_L_pMTG_pSTS	yy	YY	word_label	yy_29	yy_29	29	0.3092922775494338
sub-03	meta_metaphor	meta_L_pMTG_pSTS	yy	YY	word_label	yy_21	yy_21	21	0.06584128685831085
sub-03	meta_metaphor	meta_L_pMTG_pSTS	kj	KJ	word_label	kj_23	kj_23	23	0.5614649214568089
sub-03	meta_metaphor	meta_L_pMTG_pSTS	kj	KJ	word_label	kj_2	kj_2	2	0.49625204832049047
sub-03	meta_metaphor	meta_L_pMTG_pSTS	kj	KJ	word_label	kj_38	kj_38	38	-0.022370018662779326
sub-03	meta_metaphor	meta_L_pMTG_pSTS	kj	KJ	word_label	kj_9	kj_9	9	0.5596675827185563
sub-03	meta_metaphor	meta_L_pMTG_pSTS	kj	KJ	word_label	kj_8	kj_8	8	0.3327150962903139
sub-03	meta_metaphor	meta_L_pMTG_pSTS	kj	KJ	word_label	kj_37	kj_37	37	0.7039390310380029
sub-03	meta_metaphor	meta_L_pMTG_pSTS	kj	KJ	word_label	kj_28	kj_28	28	0.6039276002221381
sub-03	meta_metaphor	meta_L_pMTG_pSTS	kj	KJ	word_label	kj_24	kj_24	24	-0.010174961396752972
sub-03	meta_metaphor	meta_L_pMTG_pSTS	kj	KJ	word_label	kj_10	kj_10	10	0.25487962594121083
sub-03	meta_metaphor	meta_L_pMTG_pSTS	kj	KJ	word_label	kj_21	kj_21	21	-0.3901088045179913
sub-03	meta_metaphor	meta_L_pMTG_pSTS	kj	KJ	word_label	kj_16	kj_16	16	-0.020378227068500978
sub-03	meta_metaphor	meta_L_pMTG_pSTS	kj	KJ	word_label	kj_17	kj_17	17	0.2810873322824037
sub-03	meta_metaphor	meta_L_pMTG_pSTS	kj	KJ	word_label	kj_34	kj_34	34	0.5385584203480992
sub-03	meta_metaphor	meta_L_pMTG_pSTS	kj	KJ	word_label	kj_26	kj_26	26	0.8713395330145645
sub-03	meta_metaphor	meta_L_pMTG_pSTS	kj	KJ	word_label	kj_3	kj_3	3	0.6779567913772458
sub-03	meta_metaphor	meta_L_pMTG_pSTS	kj	KJ	word_label	kj_25	kj_25	25	-0.5397467905258412
sub-03	meta_metaphor	meta_L_pMTG_pSTS	kj	KJ	word_label	kj_13	kj_13	13	0.5239772339988918
sub-03	meta_metaphor	meta_L_pMTG_pSTS	kj	KJ	word_label	kj_36	kj_36	36	0.48321344855396586
sub-03	meta_metaphor	meta_L_pMTG_pSTS	kj	KJ	word_label	kj_30	kj_30	30	0.6240310895333054
sub-03	meta_metaphor	meta_L_pMTG_pSTS	kj	KJ	word_label	kj_6	kj_6	6	-0.31401496852349775
sub-03	meta_metaphor	meta_L_pMTG_pSTS	kj	KJ	word_label	kj_33	kj_33	33	-0.3905296181649939
sub-03	meta_metaphor	meta_L_pMTG_pSTS	kj	KJ	word_label	kj_29	kj_29	29	0.5376871153880278
sub-03	meta_metaphor	meta_L_pMTG_pSTS	kj	KJ	word_label	kj_19	kj_19	19	0.7755513657070106
sub-03	meta_metaphor	meta_L_pMTG_pSTS	kj	KJ	word_label	kj_22	kj_22	22	-0.4745008680899641
sub-03	meta_metaphor	meta_L_pMTG_pSTS	kj	KJ	word_label	kj_31	kj_31	31	0.7607177824116563
sub-03	meta_metaphor	meta_L_pMTG_pSTS	kj	KJ	word_label	kj_1	kj_1	1	-0.16352547025362052
sub-03	meta_metaphor	meta_L_pMTG_pSTS	kj	KJ	word_label	kj_39	kj_39	39	0.5509545188479108
sub-03	meta_metaphor	meta_L_pMTG_pSTS	kj	KJ	word_label	kj_7	kj_7	7	0.7779696549683209
sub-03	meta_metaphor	meta_L_pMTG_pSTS	kj	KJ	word_label	kj_5	kj_5	5	0.8587862970509043
sub-03	meta_metaphor	meta_L_pMTG_pSTS	kj	KJ	word_label	kj_12	kj_12	12	0.010612018830640568
sub-03	meta_metaphor	meta_L_pMTG_pSTS	kj	KJ	word_label	kj_27	kj_27	27	0.8020155101935199
sub-03	meta_metaphor	meta_L_pMTG_pSTS	kj	KJ	word_label	kj_15	kj_15	15	-0.5514588467068487
sub-03	meta_metaphor	meta_L_pMTG_pSTS	kj	KJ	word_label	kj_20	kj_20	20	0.8498037167134012
sub-03	meta_metaphor	meta_L_pMTG_pSTS	kj	KJ	word_label	kj_14	kj_14	14	0.6691897534330203
sub-03	meta_metaphor	meta_L_pMTG_pSTS	kj	KJ	word_label	kj_11	kj_11	11	0.8771378581586002
sub-03	meta_metaphor	meta_L_temporal_pole	yy	YY	word_label	yy_8	yy_8	8	-0.715748025515506
sub-03	meta_metaphor	meta_L_temporal_pole	yy	YY	word_label	yy_26	yy_26	26	-0.16643290394120347
sub-03	meta_metaphor	meta_L_temporal_pole	yy	YY	word_label	yy_37	yy_37	37	-0.5646224625228736
sub-03	meta_metaphor	meta_L_temporal_pole	yy	YY	word_label	yy_4	yy_4	4	-0.6911939785293143
sub-03	meta_metaphor	meta_L_temporal_pole	yy	YY	word_label	yy_22	yy_22	22	0.24737375431948366
sub-03	meta_metaphor	meta_L_temporal_pole	yy	YY	word_label	yy_5	yy_5	5	0.08178020259487796
sub-03	meta_metaphor	meta_L_temporal_pole	yy	YY	word_label	yy_15	yy_15	15	0.46278854675019304
sub-03	meta_metaphor	meta_L_temporal_pole	yy	YY	word_label	yy_6	yy_6	6	0.6890093375603599
sub-03	meta_metaphor	meta_L_temporal_pole	yy	YY	word_label	yy_12	yy_12	12	-0.08763703359743606
sub-03	meta_metaphor	meta_L_temporal_pole	yy	YY	word_label	yy_3	yy_3	3	-0.23941544858363448
sub-03	meta_metaphor	meta_L_temporal_pole	yy	YY	word_label	yy_11	yy_11	11	-0.2286174923884219
sub-03	meta_metaphor	meta_L_temporal_pole	yy	YY	word_label	yy_10	yy_10	10	0.6554986461172788
sub-03	meta_metaphor	meta_L_temporal_pole	yy	YY	word_label	yy_24	yy_24	24	0.3709596427088786
sub-03	meta_metaphor	meta_L_temporal_pole	yy	YY	word_label	yy_18	yy_18	18	0.5045539387491277
sub-03	meta_metaphor	meta_L_temporal_pole	yy	YY	word_label	yy_16	yy_16	16	0.5978690486450745
sub-03	meta_metaphor	meta_L_temporal_pole	yy	YY	word_label	yy_38	yy_38	38	-0.5698961253875755
sub-03	meta_metaphor	meta_L_temporal_pole	yy	YY	word_label	yy_40	yy_40	40	-0.673979347326747
sub-03	meta_metaphor	meta_L_temporal_pole	yy	YY	word_label	yy_9	yy_9	9	0.22461877292804777
sub-03	meta_metaphor	meta_L_temporal_pole	yy	YY	word_label	yy_27	yy_27	27	-0.15749872090769032
sub-03	meta_metaphor	meta_L_temporal_pole	yy	YY	word_label	yy_2	yy_2	2	-0.26830768715096476
sub-03	meta_metaphor	meta_L_temporal_pole	yy	YY	word_label	yy_14	yy_14	14	0.39548384801962844
sub-03	meta_metaphor	meta_L_temporal_pole	yy	YY	word_label	yy_39	yy_39	39	-0.0003034219875998915
sub-03	meta_metaphor	meta_L_temporal_pole	yy	YY	word_label	yy_23	yy_23	23	-0.6220162405467918
sub-03	meta_metaphor	meta_L_temporal_pole	yy	YY	word_label	yy_17	yy_17	17	-0.5369253408603066
sub-03	meta_metaphor	meta_L_temporal_pole	yy	YY	word_label	yy_7	yy_7	7	-0.10693823718283775
sub-03	meta_metaphor	meta_L_temporal_pole	yy	YY	word_label	yy_36	yy_36	36	-0.5479643997159515
sub-03	meta_metaphor	meta_L_temporal_pole	yy	YY	word_label	yy_28	yy_28	28	-0.49611444563357987
sub-03	meta_metaphor	meta_L_temporal_pole	yy	YY	word_label	yy_19	yy_19	19	0.10623155624445357
sub-03	meta_metaphor	meta_L_temporal_pole	yy	YY	word_label	yy_35	yy_35	35	0.03037354975841044
sub-03	meta_metaphor	meta_L_temporal_pole	yy	YY	word_label	yy_33	yy_33	33	0.4095351084075802
sub-03	meta_metaphor	meta_L_temporal_pole	yy	YY	word_label	yy_13	yy_13	13	-0.3036785364328641
sub-03	meta_metaphor	meta_L_temporal_pole	yy	YY	word_label	yy_32	yy_32	32	-0.5298669767210301
sub-03	meta_metaphor	meta_L_temporal_pole	yy	YY	word_label	yy_1	yy_1	1	0.8827921101966096
sub-03	meta_metaphor	meta_L_temporal_pole	yy	YY	word_label	yy_29	yy_29	29	0.13743663045320542
sub-03	meta_metaphor	meta_L_temporal_pole	yy	YY	word_label	yy_21	yy_21	21	0.4699268390702882
sub-03	meta_metaphor	meta_L_temporal_pole	kj	KJ	word_label	kj_23	kj_23	23	0.7821771814211412
sub-03	meta_metaphor	meta_L_temporal_pole	kj	KJ	word_label	kj_2	kj_2	2	0.2614828120006255
sub-03	meta_metaphor	meta_L_temporal_pole	kj	KJ	word_label	kj_38	kj_38	38	-0.4043641307275902
sub-03	meta_metaphor	meta_L_temporal_pole	kj	KJ	word_label	kj_9	kj_9	9	-0.09913424187131709
sub-03	meta_metaphor	meta_L_temporal_pole	kj	KJ	word_label	kj_8	kj_8	8	-0.6090059271842391
sub-03	meta_metaphor	meta_L_temporal_pole	kj	KJ	word_label	kj_37	kj_37	37	-0.4610309775511426
sub-03	meta_metaphor	meta_L_temporal_pole	kj	KJ	word_label	kj_28	kj_28	28	-0.6159605414733549
sub-03	meta_metaphor	meta_L_temporal_pole	kj	KJ	word_label	kj_24	kj_24	24	-0.013448283797549537
sub-03	meta_metaphor	meta_L_temporal_pole	kj	KJ	word_label	kj_10	kj_10	10	0.09985673844283134
sub-03	meta_metaphor	meta_L_temporal_pole	kj	KJ	word_label	kj_21	kj_21	21	-0.4733211008775072
sub-03	meta_metaphor	meta_L_temporal_pole	kj	KJ	word_label	kj_16	kj_16	16	0.14930002977484222
sub-03	meta_metaphor	meta_L_temporal_pole	kj	KJ	word_label	kj_17	kj_17	17	-0.5954968996861659
sub-03	meta_metaphor	meta_L_temporal_pole	kj	KJ	word_label	kj_34	kj_34	34	-0.21691736339950315
sub-03	meta_metaphor	meta_L_temporal_pole	kj	KJ	word_label	kj_26	kj_26	26	-0.4444582587388753
sub-03	meta_metaphor	meta_L_temporal_pole	kj	KJ	word_label	kj_3	kj_3	3	0.2610697967934626
sub-03	meta_metaphor	meta_L_temporal_pole	kj	KJ	word_label	kj_25	kj_25	25	0.3331278655448738
sub-03	meta_metaphor	meta_L_temporal_pole	kj	KJ	word_label	kj_13	kj_13	13	0.1500225974662226
sub-03	meta_metaphor	meta_L_temporal_pole	kj	KJ	word_label	kj_36	kj_36	36	0.247709985569865
sub-03	meta_metaphor	meta_L_temporal_pole	kj	KJ	word_label	kj_30	kj_30	30	-0.026475853932913997
sub-03	meta_metaphor	meta_L_temporal_pole	kj	KJ	word_label	kj_6	kj_6	6	0.2942427823273559
sub-03	meta_metaphor	meta_L_temporal_pole	kj	KJ	word_label	kj_33	kj_33	33	-0.2265017130919484
sub-03	meta_metaphor	meta_L_temporal_pole	kj	KJ	word_label	kj_29	kj_29	29	-0.5699113983364019
sub-03	meta_metaphor	meta_L_temporal_pole	kj	KJ	word_label	kj_19	kj_19	19	-0.32871139325469395
sub-03	meta_metaphor	meta_L_temporal_pole	kj	KJ	word_label	kj_22	kj_22	22	-0.13422648628696374
sub-03	meta_metaphor	meta_L_temporal_pole	kj	KJ	word_label	kj_31	kj_31	31	0.12737002239501177
sub-03	meta_metaphor	meta_L_temporal_pole	kj	KJ	word_label	kj_1	kj_1	1	0.31680033751026965
sub-03	meta_metaphor	meta_L_temporal_pole	kj	KJ	word_label	kj_39	kj_39	39	-0.21661162176682464
sub-03	meta_metaphor	meta_L_temporal_pole	kj	KJ	word_label	kj_7	kj_7	7	-0.3143797052910936
sub-03	meta_metaphor	meta_L_temporal_pole	kj	KJ	word_label	kj_5	kj_5	5	-0.3329857543382184
sub-03	meta_metaphor	meta_L_temporal_pole	kj	KJ	word_label	kj_12	kj_12	12	0.3047589351158896
sub-03	meta_metaphor	meta_L_temporal_pole	kj	KJ	word_label	kj_27	kj_27	27	0.2804923787567775
sub-03	meta_metaphor	meta_L_temporal_pole	kj	KJ	word_label	kj_15	kj_15	15	-0.0884694499169065
sub-03	meta_metaphor	meta_L_temporal_pole	kj	KJ	word_label	kj_20	kj_20	20	0.2928401879073262
sub-03	meta_metaphor	meta_L_temporal_pole	kj	KJ	word_label	kj_14	kj_14	14	0.226606498664735
sub-03	meta_metaphor	meta_L_temporal_pole	kj	KJ	word_label	kj_11	kj_11	11	0.20010797878047784
sub-03	meta_metaphor	meta_R_AG	yy	YY	word_label	yy_8	yy_8	8	-0.27044221114183
sub-03	meta_metaphor	meta_R_AG	yy	YY	word_label	yy_26	yy_26	26	0.397727225729909
sub-03	meta_metaphor	meta_R_AG	yy	YY	word_label	yy_37	yy_37	37	0.6189128514240569
sub-03	meta_metaphor	meta_R_AG	yy	YY	word_label	yy_4	yy_4	4	-0.02647638148388501
sub-03	meta_metaphor	meta_R_AG	yy	YY	word_label	yy_22	yy_22	22	-0.3178044164631911
sub-03	meta_metaphor	meta_R_AG	yy	YY	word_label	yy_5	yy_5	5	0.6575697802329967
sub-03	meta_metaphor	meta_R_AG	yy	YY	word_label	yy_15	yy_15	15	0.2291217387408278
sub-03	meta_metaphor	meta_R_AG	yy	YY	word_label	yy_6	yy_6	6	0.2696208774766382
sub-03	meta_metaphor	meta_R_AG	yy	YY	word_label	yy_12	yy_12	12	-0.21006739190524928
sub-03	meta_metaphor	meta_R_AG	yy	YY	word_label	yy_3	yy_3	3	0.6996126106128462
sub-03	meta_metaphor	meta_R_AG	yy	YY	word_label	yy_11	yy_11	11	0.3408224976280831
sub-03	meta_metaphor	meta_R_AG	yy	YY	word_label	yy_10	yy_10	10	0.6911565584718777
sub-03	meta_metaphor	meta_R_AG	yy	YY	word_label	yy_24	yy_24	24	0.06788010197984987
sub-03	meta_metaphor	meta_R_AG	yy	YY	word_label	yy_18	yy_18	18	0.32433326286188036
sub-03	meta_metaphor	meta_R_AG	yy	YY	word_label	yy_16	yy_16	16	0.06357349774628802
sub-03	meta_metaphor	meta_R_AG	yy	YY	word_label	yy_38	yy_38	38	0.6504124523363661
sub-03	meta_metaphor	meta_R_AG	yy	YY	word_label	yy_40	yy_40	40	0.5700203614221991
sub-03	meta_metaphor	meta_R_AG	yy	YY	word_label	yy_9	yy_9	9	-0.4220436585481789
sub-03	meta_metaphor	meta_R_AG	yy	YY	word_label	yy_27	yy_27	27	-0.3960200868992461
sub-03	meta_metaphor	meta_R_AG	yy	YY	word_label	yy_2	yy_2	2	-0.5536965327944041
sub-03	meta_metaphor	meta_R_AG	yy	YY	word_label	yy_14	yy_14	14	-0.1082448245531962
sub-03	meta_metaphor	meta_R_AG	yy	YY	word_label	yy_39	yy_39	39	0.02163680276289926
sub-03	meta_metaphor	meta_R_AG	yy	YY	word_label	yy_23	yy_23	23	-0.2405120976398487
sub-03	meta_metaphor	meta_R_AG	yy	YY	word_label	yy_17	yy_17	17	0.7517009611974015
sub-03	meta_metaphor	meta_R_AG	yy	YY	word_label	yy_7	yy_7	7	0.021620223077314763
sub-03	meta_metaphor	meta_R_AG	yy	YY	word_label	yy_36	yy_36	36	-0.45742591754089096
sub-03	meta_metaphor	meta_R_AG	yy	YY	word_label	yy_28	yy_28	28	0.2519248255374948
sub-03	meta_metaphor	meta_R_AG	yy	YY	word_label	yy_19	yy_19	19	0.8062058724094517
sub-03	meta_metaphor	meta_R_AG	yy	YY	word_label	yy_35	yy_35	35	0.1401745495134954
sub-03	meta_metaphor	meta_R_AG	yy	YY	word_label	yy_33	yy_33	33	-0.47898194704951136
sub-03	meta_metaphor	meta_R_AG	yy	YY	word_label	yy_13	yy_13	13	0.4640055578659795
sub-03	meta_metaphor	meta_R_AG	yy	YY	word_label	yy_32	yy_32	32	0.29478574703259564
sub-03	meta_metaphor	meta_R_AG	yy	YY	word_label	yy_1	yy_1	1	0.31347304738745624
sub-03	meta_metaphor	meta_R_AG	yy	YY	word_label	yy_29	yy_29	29	0.47811199518605924
sub-03	meta_metaphor	meta_R_AG	yy	YY	word_label	yy_21	yy_21	21	-0.6323568697554548
sub-03	meta_metaphor	meta_R_AG	kj	KJ	word_label	kj_23	kj_23	23	0.2465295507719068
sub-03	meta_metaphor	meta_R_AG	kj	KJ	word_label	kj_2	kj_2	2	0.5268821005459066
sub-03	meta_metaphor	meta_R_AG	kj	KJ	word_label	kj_38	kj_38	38	0.44537026440761013
sub-03	meta_metaphor	meta_R_AG	kj	KJ	word_label	kj_9	kj_9	9	0.001379468143363251
sub-03	meta_metaphor	meta_R_AG	kj	KJ	word_label	kj_8	kj_8	8	-0.18603917964416664
sub-03	meta_metaphor	meta_R_AG	kj	KJ	word_label	kj_37	kj_37	37	-0.6556783455333214
sub-03	meta_metaphor	meta_R_AG	kj	KJ	word_label	kj_28	kj_28	28	-0.2140779296748779
sub-03	meta_metaphor	meta_R_AG	kj	KJ	word_label	kj_24	kj_24	24	-0.71699627673405
sub-03	meta_metaphor	meta_R_AG	kj	KJ	word_label	kj_10	kj_10	10	0.24919852938918097
sub-03	meta_metaphor	meta_R_AG	kj	KJ	word_label	kj_21	kj_21	21	-0.3080296159432778
sub-03	meta_metaphor	meta_R_AG	kj	KJ	word_label	kj_16	kj_16	16	-0.3993811722894327
sub-03	meta_metaphor	meta_R_AG	kj	KJ	word_label	kj_17	kj_17	17	0.7020797767758215
sub-03	meta_metaphor	meta_R_AG	kj	KJ	word_label	kj_34	kj_34	34	0.2399739091063119
sub-03	meta_metaphor	meta_R_AG	kj	KJ	word_label	kj_26	kj_26	26	0.008494645766593078
sub-03	meta_metaphor	meta_R_AG	kj	KJ	word_label	kj_3	kj_3	3	0.11885675988737439
sub-03	meta_metaphor	meta_R_AG	kj	KJ	word_label	kj_25	kj_25	25	0.4440923723363323
sub-03	meta_metaphor	meta_R_AG	kj	KJ	word_label	kj_13	kj_13	13	0.2509004842192462
sub-03	meta_metaphor	meta_R_AG	kj	KJ	word_label	kj_36	kj_36	36	-0.31745101169513473
sub-03	meta_metaphor	meta_R_AG	kj	KJ	word_label	kj_30	kj_30	30	-0.03543205296066104
sub-03	meta_metaphor	meta_R_AG	kj	KJ	word_label	kj_6	kj_6	6	0.16144680720118373
sub-03	meta_metaphor	meta_R_AG	kj	KJ	word_label	kj_33	kj_33	33	0.6609443229817884
sub-03	meta_metaphor	meta_R_AG	kj	KJ	word_label	kj_29	kj_29	29	0.07157678962393313
sub-03	meta_metaphor	meta_R_AG	kj	KJ	word_label	kj_19	kj_19	19	0.5014822474012419
sub-03	meta_metaphor	meta_R_AG	kj	KJ	word_label	kj_22	kj_22	22	0.21920763852851036
sub-03	meta_metaphor	meta_R_AG	kj	KJ	word_label	kj_31	kj_31	31	-0.023085358859619206
sub-03	meta_metaphor	meta_R_AG	kj	KJ	word_label	kj_1	kj_1	1	0.5014120122937503
sub-03	meta_metaphor	meta_R_AG	kj	KJ	word_label	kj_39	kj_39	39	0.3426457178478474
sub-03	meta_metaphor	meta_R_AG	kj	KJ	word_label	kj_7	kj_7	7	0.37522571446964326
sub-03	meta_metaphor	meta_R_AG	kj	KJ	word_label	kj_5	kj_5	5	-0.2088867357894215
sub-03	meta_metaphor	meta_R_AG	kj	KJ	word_label	kj_12	kj_12	12	-0.13160438395912366
sub-03	meta_metaphor	meta_R_AG	kj	KJ	word_label	kj_27	kj_27	27	-0.11313534927947705
sub-03	meta_metaphor	meta_R_AG	kj	KJ	word_label	kj_15	kj_15	15	0.43603792425380455
sub-03	meta_metaphor	meta_R_AG	kj	KJ	word_label	kj_20	kj_20	20	-0.22931780075180477
sub-03	meta_metaphor	meta_R_AG	kj	KJ	word_label	kj_14	kj_14	14	0.41643699330614176
sub-03	meta_metaphor	meta_R_AG	kj	KJ	word_label	kj_11	kj_11	11	0.12397964144990883
sub-03	meta_metaphor	meta_R_IFG	yy	YY	word_label	yy_8	yy_8	8	-0.46312563940040186
sub-03	meta_metaphor	meta_R_IFG	yy	YY	word_label	yy_26	yy_26	26	-0.29466849431192765
sub-03	meta_metaphor	meta_R_IFG	yy	YY	word_label	yy_37	yy_37	37	-0.20567950169313734
sub-03	meta_metaphor	meta_R_IFG	yy	YY	word_label	yy_4	yy_4	4	-0.11834210185110526
sub-03	meta_metaphor	meta_R_IFG	yy	YY	word_label	yy_22	yy_22	22	-0.6492899994774594
sub-03	meta_metaphor	meta_R_IFG	yy	YY	word_label	yy_5	yy_5	5	0.34843773651662985
sub-03	meta_metaphor	meta_R_IFG	yy	YY	word_label	yy_15	yy_15	15	0.026444769062815926
sub-03	meta_metaphor	meta_R_IFG	yy	YY	word_label	yy_6	yy_6	6	-0.5447774080697821
sub-03	meta_metaphor	meta_R_IFG	yy	YY	word_label	yy_12	yy_12	12	-0.08714204232993818
sub-03	meta_metaphor	meta_R_IFG	yy	YY	word_label	yy_3	yy_3	3	0.2889317731496922
sub-03	meta_metaphor	meta_R_IFG	yy	YY	word_label	yy_11	yy_11	11	0.5140820935166126
sub-03	meta_metaphor	meta_R_IFG	yy	YY	word_label	yy_10	yy_10	10	-0.3190482940993604
sub-03	meta_metaphor	meta_R_IFG	yy	YY	word_label	yy_24	yy_24	24	-0.6775990490976775
sub-03	meta_metaphor	meta_R_IFG	yy	YY	word_label	yy_18	yy_18	18	-0.23085489862172667
sub-03	meta_metaphor	meta_R_IFG	yy	YY	word_label	yy_16	yy_16	16	-0.5729333417683572
sub-03	meta_metaphor	meta_R_IFG	yy	YY	word_label	yy_38	yy_38	38	0.399303413469557
sub-03	meta_metaphor	meta_R_IFG	yy	YY	word_label	yy_40	yy_40	40	0.47831272644225403
sub-03	meta_metaphor	meta_R_IFG	yy	YY	word_label	yy_9	yy_9	9	-0.5306181743934429
sub-03	meta_metaphor	meta_R_IFG	yy	YY	word_label	yy_27	yy_27	27	0.4634456508089734
sub-03	meta_metaphor	meta_R_IFG	yy	YY	word_label	yy_2	yy_2	2	0.1072360958389097
sub-03	meta_metaphor	meta_R_IFG	yy	YY	word_label	yy_14	yy_14	14	0.47155744602295985
sub-03	meta_metaphor	meta_R_IFG	yy	YY	word_label	yy_39	yy_39	39	0.22712000527215498
sub-03	meta_metaphor	meta_R_IFG	yy	YY	word_label	yy_23	yy_23	23	-0.1549570778534136
sub-03	meta_metaphor	meta_R_IFG	yy	YY	word_label	yy_17	yy_17	17	-0.41894908644979173
sub-03	meta_metaphor	meta_R_IFG	yy	YY	word_label	yy_7	yy_7	7	0.16941653866585263
sub-03	meta_metaphor	meta_R_IFG	yy	YY	word_label	yy_36	yy_36	36	-0.19356029131324037
sub-03	meta_metaphor	meta_R_IFG	yy	YY	word_label	yy_28	yy_28	28	-0.3762841581231951
sub-03	meta_metaphor	meta_R_IFG	yy	YY	word_label	yy_19	yy_19	19	-0.27212431668554565
sub-03	meta_metaphor	meta_R_IFG	yy	YY	word_label	yy_35	yy_35	35	-0.35643336698222816
sub-03	meta_metaphor	meta_R_IFG	yy	YY	word_label	yy_33	yy_33	33	-0.20968091010637624
sub-03	meta_metaphor	meta_R_IFG	yy	YY	word_label	yy_13	yy_13	13	-0.3660809768493059
sub-03	meta_metaphor	meta_R_IFG	yy	YY	word_label	yy_32	yy_32	32	0.24022442813816722
sub-03	meta_metaphor	meta_R_IFG	yy	YY	word_label	yy_1	yy_1	1	0.3906642215447222
sub-03	meta_metaphor	meta_R_IFG	yy	YY	word_label	yy_29	yy_29	29	0.7683745600231996
sub-03	meta_metaphor	meta_R_IFG	yy	YY	word_label	yy_21	yy_21	21	0.2767176200455847
sub-03	meta_metaphor	meta_R_IFG	kj	KJ	word_label	kj_23	kj_23	23	0.11154411299828554
sub-03	meta_metaphor	meta_R_IFG	kj	KJ	word_label	kj_2	kj_2	2	-0.36633749653671993
sub-03	meta_metaphor	meta_R_IFG	kj	KJ	word_label	kj_38	kj_38	38	0.01886379703740125
sub-03	meta_metaphor	meta_R_IFG	kj	KJ	word_label	kj_9	kj_9	9	-0.5944619173199486
sub-03	meta_metaphor	meta_R_IFG	kj	KJ	word_label	kj_8	kj_8	8	0.3195915113463994
sub-03	meta_metaphor	meta_R_IFG	kj	KJ	word_label	kj_37	kj_37	37	0.37081489832492087
sub-03	meta_metaphor	meta_R_IFG	kj	KJ	word_label	kj_28	kj_28	28	-0.4883263193179253
sub-03	meta_metaphor	meta_R_IFG	kj	KJ	word_label	kj_24	kj_24	24	0.0875923518334679
sub-03	meta_metaphor	meta_R_IFG	kj	KJ	word_label	kj_10	kj_10	10	0.30940083529989293
sub-03	meta_metaphor	meta_R_IFG	kj	KJ	word_label	kj_21	kj_21	21	0.24951918260357409
sub-03	meta_metaphor	meta_R_IFG	kj	KJ	word_label	kj_16	kj_16	16	0.33539878698657555
sub-03	meta_metaphor	meta_R_IFG	kj	KJ	word_label	kj_17	kj_17	17	0.1400366505944186
sub-03	meta_metaphor	meta_R_IFG	kj	KJ	word_label	kj_34	kj_34	34	-0.13711107874917952
sub-03	meta_metaphor	meta_R_IFG	kj	KJ	word_label	kj_26	kj_26	26	-0.25326322411118907
sub-03	meta_metaphor	meta_R_IFG	kj	KJ	word_label	kj_3	kj_3	3	-0.7319731193292043
sub-03	meta_metaphor	meta_R_IFG	kj	KJ	word_label	kj_25	kj_25	25	0.13706038141555751
sub-03	meta_metaphor	meta_R_IFG	kj	KJ	word_label	kj_13	kj_13	13	-0.22195650254904417
sub-03	meta_metaphor	meta_R_IFG	kj	KJ	word_label	kj_36	kj_36	36	0.540437226147004
sub-03	meta_metaphor	meta_R_IFG	kj	KJ	word_label	kj_30	kj_30	30	-0.3943098281339141
sub-03	meta_metaphor	meta_R_IFG	kj	KJ	word_label	kj_6	kj_6	6	-0.7910145818592669
sub-03	meta_metaphor	meta_R_IFG	kj	KJ	word_label	kj_33	kj_33	33	0.14617210839862116
sub-03	meta_metaphor	meta_R_IFG	kj	KJ	word_label	kj_29	kj_29	29	0.6182329955648025
sub-03	meta_metaphor	meta_R_IFG	kj	KJ	word_label	kj_19	kj_19	19	-0.585559330669575
sub-03	meta_metaphor	meta_R_IFG	kj	KJ	word_label	kj_22	kj_22	22	0.4348307892632429
sub-03	meta_metaphor	meta_R_IFG	kj	KJ	word_label	kj_31	kj_31	31	0.26445733464969357
sub-03	meta_metaphor	meta_R_IFG	kj	KJ	word_label	kj_1	kj_1	1	-0.2657250043785829
sub-03	meta_metaphor	meta_R_IFG	kj	KJ	word_label	kj_39	kj_39	39	-0.40440973711024264
sub-03	meta_metaphor	meta_R_IFG	kj	KJ	word_label	kj_7	kj_7	7	0.312027357036183
sub-03	meta_metaphor	meta_R_IFG	kj	KJ	word_label	kj_5	kj_5	5	-0.38495234503200965
sub-03	meta_metaphor	meta_R_IFG	kj	KJ	word_label	kj_12	kj_12	12	0.8474886019311784
sub-03	meta_metaphor	meta_R_IFG	kj	KJ	word_label	kj_27	kj_27	27	0.03139808258264755
sub-03	meta_metaphor	meta_R_IFG	kj	KJ	word_label	kj_15	kj_15	15	0.3412035429164623
sub-03	meta_metaphor	meta_R_IFG	kj	KJ	word_label	kj_20	kj_20	20	0.2995566232398112
sub-03	meta_metaphor	meta_R_IFG	kj	KJ	word_label	kj_14	kj_14	14	-0.5870644988887855
sub-03	meta_metaphor	meta_R_IFG	kj	KJ	word_label	kj_11	kj_11	11	-0.3062104298734666
sub-03	meta_metaphor	meta_R_pMTG_pSTS	yy	YY	word_label	yy_8	yy_8	8	-0.1240402691813504
sub-03	meta_metaphor	meta_R_pMTG_pSTS	yy	YY	word_label	yy_26	yy_26	26	-0.5232283427896535
sub-03	meta_metaphor	meta_R_pMTG_pSTS	yy	YY	word_label	yy_37	yy_37	37	-0.6242404011873877
sub-03	meta_metaphor	meta_R_pMTG_pSTS	yy	YY	word_label	yy_4	yy_4	4	-0.02683232290796603
sub-03	meta_metaphor	meta_R_pMTG_pSTS	yy	YY	word_label	yy_22	yy_22	22	-0.12289959671132517
sub-03	meta_metaphor	meta_R_pMTG_pSTS	yy	YY	word_label	yy_5	yy_5	5	0.4681577333200944
sub-03	meta_metaphor	meta_R_pMTG_pSTS	yy	YY	word_label	yy_15	yy_15	15	0.0033973604125725255
sub-03	meta_metaphor	meta_R_pMTG_pSTS	yy	YY	word_label	yy_6	yy_6	6	0.62099859475587
sub-03	meta_metaphor	meta_R_pMTG_pSTS	yy	YY	word_label	yy_12	yy_12	12	0.02101721203331289
sub-03	meta_metaphor	meta_R_pMTG_pSTS	yy	YY	word_label	yy_3	yy_3	3	-0.11103202181327568
sub-03	meta_metaphor	meta_R_pMTG_pSTS	yy	YY	word_label	yy_11	yy_11	11	0.07341723349467955
sub-03	meta_metaphor	meta_R_pMTG_pSTS	yy	YY	word_label	yy_10	yy_10	10	-0.5962136165408897
sub-03	meta_metaphor	meta_R_pMTG_pSTS	yy	YY	word_label	yy_24	yy_24	24	-0.3901358296137545
sub-03	meta_metaphor	meta_R_pMTG_pSTS	yy	YY	word_label	yy_18	yy_18	18	-0.030998925297957107
sub-03	meta_metaphor	meta_R_pMTG_pSTS	yy	YY	word_label	yy_16	yy_16	16	0.7396201098207168
sub-03	meta_metaphor	meta_R_pMTG_pSTS	yy	YY	word_label	yy_38	yy_38	38	-0.2516101647930572
sub-03	meta_metaphor	meta_R_pMTG_pSTS	yy	YY	word_label	yy_40	yy_40	40	0.5939021961924342
sub-03	meta_metaphor	meta_R_pMTG_pSTS	yy	YY	word_label	yy_9	yy_9	9	-0.3408611995826744
sub-03	meta_metaphor	meta_R_pMTG_pSTS	yy	YY	word_label	yy_27	yy_27	27	0.6112063480608044
sub-03	meta_metaphor	meta_R_pMTG_pSTS	yy	YY	word_label	yy_2	yy_2	2	0.14926039668346422
sub-03	meta_metaphor	meta_R_pMTG_pSTS	yy	YY	word_label	yy_14	yy_14	14	-0.3438840145177731
sub-03	meta_metaphor	meta_R_pMTG_pSTS	yy	YY	word_label	yy_39	yy_39	39	-0.15409170598012115
sub-03	meta_metaphor	meta_R_pMTG_pSTS	yy	YY	word_label	yy_23	yy_23	23	-0.06026455997522606
sub-03	meta_metaphor	meta_R_pMTG_pSTS	yy	YY	word_label	yy_17	yy_17	17	-0.5434281424820621
sub-03	meta_metaphor	meta_R_pMTG_pSTS	yy	YY	word_label	yy_7	yy_7	7	0.046995089964717136
sub-03	meta_metaphor	meta_R_pMTG_pSTS	yy	YY	word_label	yy_36	yy_36	36	0.09719625241138287
sub-03	meta_metaphor	meta_R_pMTG_pSTS	yy	YY	word_label	yy_28	yy_28	28	0.6950090787355908
sub-03	meta_metaphor	meta_R_pMTG_pSTS	yy	YY	word_label	yy_19	yy_19	19	0.6285971359386575
sub-03	meta_metaphor	meta_R_pMTG_pSTS	yy	YY	word_label	yy_35	yy_35	35	-0.43987540994479274
sub-03	meta_metaphor	meta_R_pMTG_pSTS	yy	YY	word_label	yy_33	yy_33	33	-0.20485793444469472
sub-03	meta_metaphor	meta_R_pMTG_pSTS	yy	YY	word_label	yy_13	yy_13	13	-0.6954716021553821
sub-03	meta_metaphor	meta_R_pMTG_pSTS	yy	YY	word_label	yy_32	yy_32	32	0.07758808573174376
sub-03	meta_metaphor	meta_R_pMTG_pSTS	yy	YY	word_label	yy_1	yy_1	1	-0.43420119050748746
sub-03	meta_metaphor	meta_R_pMTG_pSTS	yy	YY	word_label	yy_29	yy_29	29	0.21418575899922057
sub-03	meta_metaphor	meta_R_pMTG_pSTS	yy	YY	word_label	yy_21	yy_21	21	-0.6993441744588837
sub-03	meta_metaphor	meta_R_pMTG_pSTS	kj	KJ	word_label	kj_23	kj_23	23	0.43105117676406873
sub-03	meta_metaphor	meta_R_pMTG_pSTS	kj	KJ	word_label	kj_2	kj_2	2	0.35895605791280855
sub-03	meta_metaphor	meta_R_pMTG_pSTS	kj	KJ	word_label	kj_38	kj_38	38	0.015704263593059528
sub-03	meta_metaphor	meta_R_pMTG_pSTS	kj	KJ	word_label	kj_9	kj_9	9	-0.025654979335920366
sub-03	meta_metaphor	meta_R_pMTG_pSTS	kj	KJ	word_label	kj_8	kj_8	8	-0.5578034583740296
sub-03	meta_metaphor	meta_R_pMTG_pSTS	kj	KJ	word_label	kj_37	kj_37	37	-0.5592640917647348
sub-03	meta_metaphor	meta_R_pMTG_pSTS	kj	KJ	word_label	kj_28	kj_28	28	-0.22816089572894133
sub-03	meta_metaphor	meta_R_pMTG_pSTS	kj	KJ	word_label	kj_24	kj_24	24	0.44145144863545743
sub-03	meta_metaphor	meta_R_pMTG_pSTS	kj	KJ	word_label	kj_10	kj_10	10	0.15984459567231563
sub-03	meta_metaphor	meta_R_pMTG_pSTS	kj	KJ	word_label	kj_21	kj_21	21	-0.3348736759820903
sub-03	meta_metaphor	meta_R_pMTG_pSTS	kj	KJ	word_label	kj_16	kj_16	16	0.5527102664204906
sub-03	meta_metaphor	meta_R_pMTG_pSTS	kj	KJ	word_label	kj_17	kj_17	17	-0.23497076616851328
sub-03	meta_metaphor	meta_R_pMTG_pSTS	kj	KJ	word_label	kj_34	kj_34	34	-0.4498056556196879
sub-03	meta_metaphor	meta_R_pMTG_pSTS	kj	KJ	word_label	kj_26	kj_26	26	-0.32209154959830477
sub-03	meta_metaphor	meta_R_pMTG_pSTS	kj	KJ	word_label	kj_3	kj_3	3	-0.14521647473644372
sub-03	meta_metaphor	meta_R_pMTG_pSTS	kj	KJ	word_label	kj_25	kj_25	25	0.2025708282042472
sub-03	meta_metaphor	meta_R_pMTG_pSTS	kj	KJ	word_label	kj_13	kj_13	13	0.234324255984625
sub-03	meta_metaphor	meta_R_pMTG_pSTS	kj	KJ	word_label	kj_36	kj_36	36	-0.46636493913975574
sub-03	meta_metaphor	meta_R_pMTG_pSTS	kj	KJ	word_label	kj_30	kj_30	30	-0.32496735519598285
sub-03	meta_metaphor	meta_R_pMTG_pSTS	kj	KJ	word_label	kj_6	kj_6	6	-0.5552928135537287
sub-03	meta_metaphor	meta_R_pMTG_pSTS	kj	KJ	word_label	kj_33	kj_33	33	-0.2603042019057193
sub-03	meta_metaphor	meta_R_pMTG_pSTS	kj	KJ	word_label	kj_29	kj_29	29	0.1400072645486463
sub-03	meta_metaphor	meta_R_pMTG_pSTS	kj	KJ	word_label	kj_19	kj_19	19	-0.10178495481453466
sub-03	meta_metaphor	meta_R_pMTG_pSTS	kj	KJ	word_label	kj_22	kj_22	22	0.13262375181612457
sub-03	meta_metaphor	meta_R_pMTG_pSTS	kj	KJ	word_label	kj_31	kj_31	31	0.37092706465481934
sub-03	meta_metaphor	meta_R_pMTG_pSTS	kj	KJ	word_label	kj_1	kj_1	1	-0.6286980034485468
sub-03	meta_metaphor	meta_R_pMTG_pSTS	kj	KJ	word_label	kj_39	kj_39	39	0.017268274243258573
sub-03	meta_metaphor	meta_R_pMTG_pSTS	kj	KJ	word_label	kj_7	kj_7	7	0.23457212926959423
sub-03	meta_metaphor	meta_R_pMTG_pSTS	kj	KJ	word_label	kj_5	kj_5	5	-0.5111345947104617
sub-03	meta_metaphor	meta_R_pMTG_pSTS	kj	KJ	word_label	kj_12	kj_12	12	-0.6885317276003045
sub-03	meta_metaphor	meta_R_pMTG_pSTS	kj	KJ	word_label	kj_27	kj_27	27	0.13397188329282278
sub-03	meta_metaphor	meta_R_pMTG_pSTS	kj	KJ	word_label	kj_15	kj_15	15	0.5727458530944297
sub-03	meta_metaphor	meta_R_pMTG_pSTS	kj	KJ	word_label	kj_20	kj_20	20	-0.05508030614228239
sub-03	meta_metaphor	meta_R_pMTG_pSTS	kj	KJ	word_label	kj_14	kj_14	14	-0.6415678448704525
sub-03	meta_metaphor	meta_R_pMTG_pSTS	kj	KJ	word_label	kj_11	kj_11	11	0.5452335827177249
sub-03	meta_metaphor	meta_R_temporal_pole	yy	YY	word_label	yy_8	yy_8	8	0.009656282950867878
sub-03	meta_metaphor	meta_R_temporal_pole	yy	YY	word_label	yy_26	yy_26	26	0.6020092836948229
sub-03	meta_metaphor	meta_R_temporal_pole	yy	YY	word_label	yy_37	yy_37	37	0.11350850082135228
sub-03	meta_metaphor	meta_R_temporal_pole	yy	YY	word_label	yy_4	yy_4	4	-0.1633656964729088
sub-03	meta_metaphor	meta_R_temporal_pole	yy	YY	word_label	yy_22	yy_22	22	-0.10798614994590465
sub-03	meta_metaphor	meta_R_temporal_pole	yy	YY	word_label	yy_5	yy_5	5	0.1615849598802761
sub-03	meta_metaphor	meta_R_temporal_pole	yy	YY	word_label	yy_15	yy_15	15	-0.7302377730261945
sub-03	meta_metaphor	meta_R_temporal_pole	yy	YY	word_label	yy_6	yy_6	6	-0.11874294453152112
sub-03	meta_metaphor	meta_R_temporal_pole	yy	YY	word_label	yy_12	yy_12	12	0.7219636977671676
sub-03	meta_metaphor	meta_R_temporal_pole	yy	YY	word_label	yy_3	yy_3	3	-0.5880367944939372
sub-03	meta_metaphor	meta_R_temporal_pole	yy	YY	word_label	yy_11	yy_11	11	0.49225982359852327
sub-03	meta_metaphor	meta_R_temporal_pole	yy	YY	word_label	yy_10	yy_10	10	-0.05587219491821426
sub-03	meta_metaphor	meta_R_temporal_pole	yy	YY	word_label	yy_24	yy_24	24	-0.2682610946853155
sub-03	meta_metaphor	meta_R_temporal_pole	yy	YY	word_label	yy_18	yy_18	18	0.05974565013855419
sub-03	meta_metaphor	meta_R_temporal_pole	yy	YY	word_label	yy_16	yy_16	16	-0.31186955507058894
sub-03	meta_metaphor	meta_R_temporal_pole	yy	YY	word_label	yy_38	yy_38	38	-0.14963538075957628
sub-03	meta_metaphor	meta_R_temporal_pole	yy	YY	word_label	yy_40	yy_40	40	-0.7805104288312886
sub-03	meta_metaphor	meta_R_temporal_pole	yy	YY	word_label	yy_9	yy_9	9	-0.15189924014163178
sub-03	meta_metaphor	meta_R_temporal_pole	yy	YY	word_label	yy_27	yy_27	27	0.4053390324470849
sub-03	meta_metaphor	meta_R_temporal_pole	yy	YY	word_label	yy_2	yy_2	2	-0.07338561634295872
sub-03	meta_metaphor	meta_R_temporal_pole	yy	YY	word_label	yy_14	yy_14	14	-0.09858835387039735
sub-03	meta_metaphor	meta_R_temporal_pole	yy	YY	word_label	yy_39	yy_39	39	-0.24032823273688822
sub-03	meta_metaphor	meta_R_temporal_pole	yy	YY	word_label	yy_23	yy_23	23	0.2579866733707931
sub-03	meta_metaphor	meta_R_temporal_pole	yy	YY	word_label	yy_17	yy_17	17	-0.36716039675822576
sub-03	meta_metaphor	meta_R_temporal_pole	yy	YY	word_label	yy_7	yy_7	7	0.043916039232070124
sub-03	meta_metaphor	meta_R_temporal_pole	yy	YY	word_label	yy_36	yy_36	36	0.2799481188775118
sub-03	meta_metaphor	meta_R_temporal_pole	yy	YY	word_label	yy_28	yy_28	28	-0.085803383759585
sub-03	meta_metaphor	meta_R_temporal_pole	yy	YY	word_label	yy_19	yy_19	19	-0.2360612480921337
sub-03	meta_metaphor	meta_R_temporal_pole	yy	YY	word_label	yy_35	yy_35	35	0.10914200239127261
sub-03	meta_metaphor	meta_R_temporal_pole	yy	YY	word_label	yy_33	yy_33	33	0.15285243823019265
sub-03	meta_metaphor	meta_R_temporal_pole	yy	YY	word_label	yy_13	yy_13	13	0.3259495650978692
sub-03	meta_metaphor	meta_R_temporal_pole	yy	YY	word_label	yy_32	yy_32	32	0.18835498680338444
sub-03	meta_metaphor	meta_R_temporal_pole	yy	YY	word_label	yy_1	yy_1	1	0.07368283625459852
sub-03	meta_metaphor	meta_R_temporal_pole	yy	YY	word_label	yy_29	yy_29	29	-0.28422057936685924
sub-03	meta_metaphor	meta_R_temporal_pole	yy	YY	word_label	yy_21	yy_21	21	-0.10292378154056181
sub-03	meta_metaphor	meta_R_temporal_pole	kj	KJ	word_label	kj_23	kj_23	23	-0.23956736082597394
sub-03	meta_metaphor	meta_R_temporal_pole	kj	KJ	word_label	kj_2	kj_2	2	0.267042727681347
sub-03	meta_metaphor	meta_R_temporal_pole	kj	KJ	word_label	kj_38	kj_38	38	-0.13995521693732893
sub-03	meta_metaphor	meta_R_temporal_pole	kj	KJ	word_label	kj_9	kj_9	9	-0.05481148000904636
sub-03	meta_metaphor	meta_R_temporal_pole	kj	KJ	word_label	kj_8	kj_8	8	-0.07920778491955424
sub-03	meta_metaphor	meta_R_temporal_pole	kj	KJ	word_label	kj_37	kj_37	37	-0.10330250856136779
sub-03	meta_metaphor	meta_R_temporal_pole	kj	KJ	word_label	kj_28	kj_28	28	0.10152492108352126
sub-03	meta_metaphor	meta_R_temporal_pole	kj	KJ	word_label	kj_24	kj_24	24	-0.003368399974905053
sub-03	meta_metaphor	meta_R_temporal_pole	kj	KJ	word_label	kj_10	kj_10	10	0.010792390751200594
sub-03	meta_metaphor	meta_R_temporal_pole	kj	KJ	word_label	kj_21	kj_21	21	-0.23777211160695205
sub-03	meta_metaphor	meta_R_temporal_pole	kj	KJ	word_label	kj_16	kj_16	16	0.46226622354409963
sub-03	meta_metaphor	meta_R_temporal_pole	kj	KJ	word_label	kj_17	kj_17	17	0.10147333614614082
sub-03	meta_metaphor	meta_R_temporal_pole	kj	KJ	word_label	kj_34	kj_34	34	0.2316070887873303
sub-03	meta_metaphor	meta_R_temporal_pole	kj	KJ	word_label	kj_26	kj_26	26	-0.11813415760444658
sub-03	meta_metaphor	meta_R_temporal_pole	kj	KJ	word_label	kj_3	kj_3	3	-0.2550640619736619
sub-03	meta_metaphor	meta_R_temporal_pole	kj	KJ	word_label	kj_25	kj_25	25	-0.10372350990424827
sub-03	meta_metaphor	meta_R_temporal_pole	kj	KJ	word_label	kj_13	kj_13	13	0.08283301335467812
sub-03	meta_metaphor	meta_R_temporal_pole	kj	KJ	word_label	kj_36	kj_36	36	0.08689600052002004
sub-03	meta_metaphor	meta_R_temporal_pole	kj	KJ	word_label	kj_30	kj_30	30	-0.017720685973672008
sub-03	meta_metaphor	meta_R_temporal_pole	kj	KJ	word_label	kj_6	kj_6	6	-0.10969470652316364
sub-03	meta_metaphor	meta_R_temporal_pole	kj	KJ	word_label	kj_33	kj_33	33	-0.1355250270934778
sub-03	meta_metaphor	meta_R_temporal_pole	kj	KJ	word_label	kj_29	kj_29	29	0.10430775450813044
sub-03	meta_metaphor	meta_R_temporal_pole	kj	KJ	word_label	kj_19	kj_19	19	-0.36531580058171975
sub-03	meta_metaphor	meta_R_temporal_pole	kj	KJ	word_label	kj_22	kj_22	22	0.1252336842705493
sub-03	meta_metaphor	meta_R_temporal_pole	kj	KJ	word_label	kj_31	kj_31	31	-0.4295020189586251
sub-03	meta_metaphor	meta_R_temporal_pole	kj	KJ	word_label	kj_1	kj_1	1	0.028329567015165657
sub-03	meta_metaphor	meta_R_temporal_pole	kj	KJ	word_label	kj_39	kj_39	39	0.10032973270120646
sub-03	meta_metaphor	meta_R_temporal_pole	kj	KJ	word_label	kj_7	kj_7	7	-0.5994389966135817
sub-03	meta_metaphor	meta_R_temporal_pole	kj	KJ	word_label	kj_5	kj_5	5	0.15888391498827864
sub-03	meta_metaphor	meta_R_temporal_pole	kj	KJ	word_label	kj_12	kj_12	12	-0.07590331158435144
sub-03	meta_metaphor	meta_R_temporal_pole	kj	KJ	word_label	kj_27	kj_27	27	0.3726279349846836
sub-03	meta_metaphor	meta_R_temporal_pole	kj	KJ	word_label	kj_15	kj_15	15	-0.04298291141670957
sub-03	meta_metaphor	meta_R_temporal_pole	kj	KJ	word_label	kj_20	kj_20	20	-0.26515606597131347
sub-03	meta_metaphor	meta_R_temporal_pole	kj	KJ	word_label	kj_14	kj_14	14	0.2288394738799261
sub-03	meta_metaphor	meta_R_temporal_pole	kj	KJ	word_label	kj_11	kj_11	11	0.15427248833346546
sub-04	meta_metaphor	meta_L_AG	yy	YY	word_label	yy_27	yy_27	27	-0.35692047412585826
sub-04	meta_metaphor	meta_L_AG	yy	YY	word_label	yy_35	yy_35	35	-0.5518913582931823
sub-04	meta_metaphor	meta_L_AG	yy	YY	word_label	yy_28	yy_28	28	-0.5864459063413413
sub-04	meta_metaphor	meta_L_AG	yy	YY	word_label	yy_15	yy_15	15	0.5858446606289864
sub-04	meta_metaphor	meta_L_AG	yy	YY	word_label	yy_1	yy_1	1	0.405023888115775
sub-04	meta_metaphor	meta_L_AG	yy	YY	word_label	yy_23	yy_23	23	-0.10067823560205193
sub-04	meta_metaphor	meta_L_AG	yy	YY	word_label	yy_16	yy_16	16	0.6309111549583672
sub-04	meta_metaphor	meta_L_AG	yy	YY	word_label	yy_6	yy_6	6	0.4385029842250263
sub-04	meta_metaphor	meta_L_AG	yy	YY	word_label	yy_5	yy_5	5	0.7458713171520206
sub-04	meta_metaphor	meta_L_AG	yy	YY	word_label	yy_29	yy_29	29	0.8135504767249633
sub-04	meta_metaphor	meta_L_AG	yy	YY	word_label	yy_14	yy_14	14	-0.37444499390566066
sub-04	meta_metaphor	meta_L_AG	yy	YY	word_label	yy_24	yy_24	24	0.13074040700663386
sub-04	meta_metaphor	meta_L_AG	yy	YY	word_label	yy_26	yy_26	26	-0.23437550272226831
sub-04	meta_metaphor	meta_L_AG	yy	YY	word_label	yy_33	yy_33	33	-0.19167468146581118
sub-04	meta_metaphor	meta_L_AG	yy	YY	word_label	yy_4	yy_4	4	0.6394139757804752
sub-04	meta_metaphor	meta_L_AG	yy	YY	word_label	yy_32	yy_32	32	-0.2659378105179977
sub-04	meta_metaphor	meta_L_AG	yy	YY	word_label	yy_40	yy_40	40	0.36743325873600935
sub-04	meta_metaphor	meta_L_AG	yy	YY	word_label	yy_8	yy_8	8	0.5807121133615961
sub-04	meta_metaphor	meta_L_AG	yy	YY	word_label	yy_9	yy_9	9	0.04704208457494823
sub-04	meta_metaphor	meta_L_AG	yy	YY	word_label	yy_19	yy_19	19	0.6375100011342568
sub-04	meta_metaphor	meta_L_AG	yy	YY	word_label	yy_18	yy_18	18	0.18361687199491067
sub-04	meta_metaphor	meta_L_AG	yy	YY	word_label	yy_12	yy_12	12	-0.3790884694811887
sub-04	meta_metaphor	meta_L_AG	yy	YY	word_label	yy_37	yy_37	37	-0.6080808391542902
sub-04	meta_metaphor	meta_L_AG	yy	YY	word_label	yy_13	yy_13	13	0.729909455384627
sub-04	meta_metaphor	meta_L_AG	yy	YY	word_label	yy_17	yy_17	17	0.6887823387892531
sub-04	meta_metaphor	meta_L_AG	yy	YY	word_label	yy_3	yy_3	3	0.12141602257766301
sub-04	meta_metaphor	meta_L_AG	yy	YY	word_label	yy_7	yy_7	7	-0.6701818927009283
sub-04	meta_metaphor	meta_L_AG	yy	YY	word_label	yy_11	yy_11	11	0.4691813288341718
sub-04	meta_metaphor	meta_L_AG	yy	YY	word_label	yy_36	yy_36	36	0.6257615655906953
sub-04	meta_metaphor	meta_L_AG	yy	YY	word_label	yy_21	yy_21	21	-0.28632394551195267
sub-04	meta_metaphor	meta_L_AG	yy	YY	word_label	yy_22	yy_22	22	0.2291128567478194
sub-04	meta_metaphor	meta_L_AG	yy	YY	word_label	yy_38	yy_38	38	-0.8234101866884583
sub-04	meta_metaphor	meta_L_AG	yy	YY	word_label	yy_2	yy_2	2	0.16573295001584537
sub-04	meta_metaphor	meta_L_AG	yy	YY	word_label	yy_39	yy_39	39	-0.4419682042845459
sub-04	meta_metaphor	meta_L_AG	yy	YY	word_label	yy_10	yy_10	10	0.8376517445658844
sub-04	meta_metaphor	meta_L_AG	kj	KJ	word_label	kj_38	kj_38	38	0.2790827697332857
sub-04	meta_metaphor	meta_L_AG	kj	KJ	word_label	kj_30	kj_30	30	0.25105068086948834
sub-04	meta_metaphor	meta_L_AG	kj	KJ	word_label	kj_34	kj_34	34	0.5395577395052668
sub-04	meta_metaphor	meta_L_AG	kj	KJ	word_label	kj_17	kj_17	17	0.814211806739989
sub-04	meta_metaphor	meta_L_AG	kj	KJ	word_label	kj_8	kj_8	8	0.29010723663246035
sub-04	meta_metaphor	meta_L_AG	kj	KJ	word_label	kj_22	kj_22	22	0.06464638670666181
sub-04	meta_metaphor	meta_L_AG	kj	KJ	word_label	kj_12	kj_12	12	-0.7455384986977228
sub-04	meta_metaphor	meta_L_AG	kj	KJ	word_label	kj_13	kj_13	13	0.7469693779641392
sub-04	meta_metaphor	meta_L_AG	kj	KJ	word_label	kj_28	kj_28	28	0.6676448280872941
sub-04	meta_metaphor	meta_L_AG	kj	KJ	word_label	kj_11	kj_11	11	-0.05744236468048182
sub-04	meta_metaphor	meta_L_AG	kj	KJ	word_label	kj_19	kj_19	19	0.3625813713669817
sub-04	meta_metaphor	meta_L_AG	kj	KJ	word_label	kj_27	kj_27	27	-0.3574926017490693
sub-04	meta_metaphor	meta_L_AG	kj	KJ	word_label	kj_9	kj_9	9	0.6410684735862429
sub-04	meta_metaphor	meta_L_AG	kj	KJ	word_label	kj_5	kj_5	5	0.2047881945334291
sub-04	meta_metaphor	meta_L_AG	kj	KJ	word_label	kj_16	kj_16	16	-0.6248798610393217
sub-04	meta_metaphor	meta_L_AG	kj	KJ	word_label	kj_36	kj_36	36	0.33779138114206214
sub-04	meta_metaphor	meta_L_AG	kj	KJ	word_label	kj_25	kj_25	25	-0.3141984112219518
sub-04	meta_metaphor	meta_L_AG	kj	KJ	word_label	kj_6	kj_6	6	-0.5002023995501675
sub-04	meta_metaphor	meta_L_AG	kj	KJ	word_label	kj_33	kj_33	33	0.24971006078661057
sub-04	meta_metaphor	meta_L_AG	kj	KJ	word_label	kj_23	kj_23	23	0.29683070171155046
sub-04	meta_metaphor	meta_L_AG	kj	KJ	word_label	kj_39	kj_39	39	-0.12248955740004394
sub-04	meta_metaphor	meta_L_AG	kj	KJ	word_label	kj_15	kj_15	15	0.7988469144539487
sub-04	meta_metaphor	meta_L_AG	kj	KJ	word_label	kj_31	kj_31	31	0.2786686096636366
sub-04	meta_metaphor	meta_L_AG	kj	KJ	word_label	kj_24	kj_24	24	-0.7779831817503984
sub-04	meta_metaphor	meta_L_AG	kj	KJ	word_label	kj_26	kj_26	26	0.19731357528654841
sub-04	meta_metaphor	meta_L_AG	kj	KJ	word_label	kj_29	kj_29	29	-0.3614785389867781
sub-04	meta_metaphor	meta_L_AG	kj	KJ	word_label	kj_2	kj_2	2	0.017447274868199157
sub-04	meta_metaphor	meta_L_AG	kj	KJ	word_label	kj_14	kj_14	14	0.6597146194064967
sub-04	meta_metaphor	meta_L_AG	kj	KJ	word_label	kj_37	kj_37	37	0.5241004377536369
sub-04	meta_metaphor	meta_L_AG	kj	KJ	word_label	kj_1	kj_1	1	0.20797191271864232
sub-04	meta_metaphor	meta_L_AG	kj	KJ	word_label	kj_20	kj_20	20	-0.26295635046664606
sub-04	meta_metaphor	meta_L_AG	kj	KJ	word_label	kj_7	kj_7	7	0.22678118094906916
sub-04	meta_metaphor	meta_L_AG	kj	KJ	word_label	kj_10	kj_10	10	0.14866425831068716
sub-04	meta_metaphor	meta_L_AG	kj	KJ	word_label	kj_21	kj_21	21	0.7873223315368981
sub-04	meta_metaphor	meta_L_AG	kj	KJ	word_label	kj_3	kj_3	3	0.5572896036243644
sub-04	meta_metaphor	meta_L_IFG	yy	YY	word_label	yy_27	yy_27	27	-0.31041537391851876
sub-04	meta_metaphor	meta_L_IFG	yy	YY	word_label	yy_35	yy_35	35	-0.2192730590530062
sub-04	meta_metaphor	meta_L_IFG	yy	YY	word_label	yy_28	yy_28	28	0.20158716125058415
sub-04	meta_metaphor	meta_L_IFG	yy	YY	word_label	yy_15	yy_15	15	-0.30008973141312917
sub-04	meta_metaphor	meta_L_IFG	yy	YY	word_label	yy_1	yy_1	1	-0.3977428279983192
sub-04	meta_metaphor	meta_L_IFG	yy	YY	word_label	yy_23	yy_23	23	0.31511905967156856
sub-04	meta_metaphor	meta_L_IFG	yy	YY	word_label	yy_16	yy_16	16	0.3800888152689266
sub-04	meta_metaphor	meta_L_IFG	yy	YY	word_label	yy_6	yy_6	6	-0.09921000261293418
sub-04	meta_metaphor	meta_L_IFG	yy	YY	word_label	yy_5	yy_5	5	-0.09962768262795922
sub-04	meta_metaphor	meta_L_IFG	yy	YY	word_label	yy_29	yy_29	29	0.13837484943044823
sub-04	meta_metaphor	meta_L_IFG	yy	YY	word_label	yy_14	yy_14	14	0.1635094869423851
sub-04	meta_metaphor	meta_L_IFG	yy	YY	word_label	yy_24	yy_24	24	-0.17902514102849976
sub-04	meta_metaphor	meta_L_IFG	yy	YY	word_label	yy_26	yy_26	26	0.1304178545692841
sub-04	meta_metaphor	meta_L_IFG	yy	YY	word_label	yy_33	yy_33	33	0.5505216139825286
sub-04	meta_metaphor	meta_L_IFG	yy	YY	word_label	yy_4	yy_4	4	0.383131120555353
sub-04	meta_metaphor	meta_L_IFG	yy	YY	word_label	yy_32	yy_32	32	0.1705190928616663
sub-04	meta_metaphor	meta_L_IFG	yy	YY	word_label	yy_40	yy_40	40	-0.03925592067996025
sub-04	meta_metaphor	meta_L_IFG	yy	YY	word_label	yy_8	yy_8	8	-0.418079004079309
sub-04	meta_metaphor	meta_L_IFG	yy	YY	word_label	yy_9	yy_9	9	-0.08352779522560207
sub-04	meta_metaphor	meta_L_IFG	yy	YY	word_label	yy_19	yy_19	19	0.2806511912391537
sub-04	meta_metaphor	meta_L_IFG	yy	YY	word_label	yy_18	yy_18	18	-0.17466065405244455
sub-04	meta_metaphor	meta_L_IFG	yy	YY	word_label	yy_12	yy_12	12	-0.19111977785580037
sub-04	meta_metaphor	meta_L_IFG	yy	YY	word_label	yy_37	yy_37	37	0.12226887362512026
sub-04	meta_metaphor	meta_L_IFG	yy	YY	word_label	yy_13	yy_13	13	-0.517333040195769
sub-04	meta_metaphor	meta_L_IFG	yy	YY	word_label	yy_17	yy_17	17	-0.12855130080473126
sub-04	meta_metaphor	meta_L_IFG	yy	YY	word_label	yy_3	yy_3	3	-0.23148928330042554
sub-04	meta_metaphor	meta_L_IFG	yy	YY	word_label	yy_7	yy_7	7	-0.10189286911627755
sub-04	meta_metaphor	meta_L_IFG	yy	YY	word_label	yy_11	yy_11	11	-0.14928402350095835
sub-04	meta_metaphor	meta_L_IFG	yy	YY	word_label	yy_36	yy_36	36	0.32562189074641706
sub-04	meta_metaphor	meta_L_IFG	yy	YY	word_label	yy_21	yy_21	21	0.023446884328731554
sub-04	meta_metaphor	meta_L_IFG	yy	YY	word_label	yy_22	yy_22	22	0.08513139808029314
sub-04	meta_metaphor	meta_L_IFG	yy	YY	word_label	yy_38	yy_38	38	-0.7571977269236648
sub-04	meta_metaphor	meta_L_IFG	yy	YY	word_label	yy_2	yy_2	2	0.11170874020027963
sub-04	meta_metaphor	meta_L_IFG	yy	YY	word_label	yy_39	yy_39	39	-0.3287549347467603
sub-04	meta_metaphor	meta_L_IFG	yy	YY	word_label	yy_10	yy_10	10	-0.04132767645025518
sub-04	meta_metaphor	meta_L_IFG	kj	KJ	word_label	kj_38	kj_38	38	0.03377055333902895
sub-04	meta_metaphor	meta_L_IFG	kj	KJ	word_label	kj_30	kj_30	30	-0.2992571868996577
sub-04	meta_metaphor	meta_L_IFG	kj	KJ	word_label	kj_34	kj_34	34	0.367471011196723
sub-04	meta_metaphor	meta_L_IFG	kj	KJ	word_label	kj_17	kj_17	17	0.009700671564164405
sub-04	meta_metaphor	meta_L_IFG	kj	KJ	word_label	kj_8	kj_8	8	-0.018983890686380865
sub-04	meta_metaphor	meta_L_IFG	kj	KJ	word_label	kj_22	kj_22	22	0.3813145045145283
sub-04	meta_metaphor	meta_L_IFG	kj	KJ	word_label	kj_12	kj_12	12	-0.014112772517938108
sub-04	meta_metaphor	meta_L_IFG	kj	KJ	word_label	kj_13	kj_13	13	0.6774472986267438
sub-04	meta_metaphor	meta_L_IFG	kj	KJ	word_label	kj_28	kj_28	28	-0.16138574191529265
sub-04	meta_metaphor	meta_L_IFG	kj	KJ	word_label	kj_11	kj_11	11	0.24088030062038895
sub-04	meta_metaphor	meta_L_IFG	kj	KJ	word_label	kj_19	kj_19	19	-0.13186109975457472
sub-04	meta_metaphor	meta_L_IFG	kj	KJ	word_label	kj_27	kj_27	27	-0.07531337805318543
sub-04	meta_metaphor	meta_L_IFG	kj	KJ	word_label	kj_9	kj_9	9	0.0457675687243005
sub-04	meta_metaphor	meta_L_IFG	kj	KJ	word_label	kj_5	kj_5	5	0.6314046951607114
sub-04	meta_metaphor	meta_L_IFG	kj	KJ	word_label	kj_16	kj_16	16	0.0886212629457044
sub-04	meta_metaphor	meta_L_IFG	kj	KJ	word_label	kj_36	kj_36	36	-0.13961554056454048
sub-04	meta_metaphor	meta_L_IFG	kj	KJ	word_label	kj_25	kj_25	25	-0.18442049795747503
sub-04	meta_metaphor	meta_L_IFG	kj	KJ	word_label	kj_6	kj_6	6	-0.40376200237688786
sub-04	meta_metaphor	meta_L_IFG	kj	KJ	word_label	kj_33	kj_33	33	-0.5374483334312602
sub-04	meta_metaphor	meta_L_IFG	kj	KJ	word_label	kj_23	kj_23	23	0.016792237291726835
sub-04	meta_metaphor	meta_L_IFG	kj	KJ	word_label	kj_39	kj_39	39	0.2875956560612063
sub-04	meta_metaphor	meta_L_IFG	kj	KJ	word_label	kj_15	kj_15	15	0.3140864542797857
sub-04	meta_metaphor	meta_L_IFG	kj	KJ	word_label	kj_31	kj_31	31	0.14507850594135535
sub-04	meta_metaphor	meta_L_IFG	kj	KJ	word_label	kj_24	kj_24	24	0.1302991016635421
sub-04	meta_metaphor	meta_L_IFG	kj	KJ	word_label	kj_26	kj_26	26	0.013761600715587763
sub-04	meta_metaphor	meta_L_IFG	kj	KJ	word_label	kj_29	kj_29	29	0.6160456176296507
sub-04	meta_metaphor	meta_L_IFG	kj	KJ	word_label	kj_2	kj_2	2	0.42789262269195644
sub-04	meta_metaphor	meta_L_IFG	kj	KJ	word_label	kj_14	kj_14	14	0.3587702928755032
sub-04	meta_metaphor	meta_L_IFG	kj	KJ	word_label	kj_37	kj_37	37	-0.3242780732716504
sub-04	meta_metaphor	meta_L_IFG	kj	KJ	word_label	kj_1	kj_1	1	-0.007436384013000792
sub-04	meta_metaphor	meta_L_IFG	kj	KJ	word_label	kj_20	kj_20	20	0.12362072947769305
sub-04	meta_metaphor	meta_L_IFG	kj	KJ	word_label	kj_7	kj_7	7	0.09880754191967211
sub-04	meta_metaphor	meta_L_IFG	kj	KJ	word_label	kj_10	kj_10	10	-0.08180756583609992
sub-04	meta_metaphor	meta_L_IFG	kj	KJ	word_label	kj_21	kj_21	21	-0.1275644499050093
sub-04	meta_metaphor	meta_L_IFG	kj	KJ	word_label	kj_3	kj_3	3	-0.047367255717410496
sub-04	meta_metaphor	meta_L_pMTG_pSTS	yy	YY	word_label	yy_27	yy_27	27	-0.15666916434742667
sub-04	meta_metaphor	meta_L_pMTG_pSTS	yy	YY	word_label	yy_35	yy_35	35	0.38615192367329726
sub-04	meta_metaphor	meta_L_pMTG_pSTS	yy	YY	word_label	yy_28	yy_28	28	0.6228081516044189
sub-04	meta_metaphor	meta_L_pMTG_pSTS	yy	YY	word_label	yy_15	yy_15	15	-0.18891063198986938
sub-04	meta_metaphor	meta_L_pMTG_pSTS	yy	YY	word_label	yy_1	yy_1	1	0.028154968029427623
sub-04	meta_metaphor	meta_L_pMTG_pSTS	yy	YY	word_label	yy_23	yy_23	23	0.2614152297795524
sub-04	meta_metaphor	meta_L_pMTG_pSTS	yy	YY	word_label	yy_16	yy_16	16	0.6047121126960545
sub-04	meta_metaphor	meta_L_pMTG_pSTS	yy	YY	word_label	yy_6	yy_6	6	0.6080933211520113
sub-04	meta_metaphor	meta_L_pMTG_pSTS	yy	YY	word_label	yy_5	yy_5	5	0.42023910577927664
sub-04	meta_metaphor	meta_L_pMTG_pSTS	yy	YY	word_label	yy_29	yy_29	29	0.4321962280957618
sub-04	meta_metaphor	meta_L_pMTG_pSTS	yy	YY	word_label	yy_14	yy_14	14	0.0582097426452966
sub-04	meta_metaphor	meta_L_pMTG_pSTS	yy	YY	word_label	yy_24	yy_24	24	0.48663483056166923
sub-04	meta_metaphor	meta_L_pMTG_pSTS	yy	YY	word_label	yy_26	yy_26	26	0.2615500823643551
sub-04	meta_metaphor	meta_L_pMTG_pSTS	yy	YY	word_label	yy_33	yy_33	33	0.5519271665141658
sub-04	meta_metaphor	meta_L_pMTG_pSTS	yy	YY	word_label	yy_4	yy_4	4	-0.08463590250792337
sub-04	meta_metaphor	meta_L_pMTG_pSTS	yy	YY	word_label	yy_32	yy_32	32	0.3344730274503419
sub-04	meta_metaphor	meta_L_pMTG_pSTS	yy	YY	word_label	yy_40	yy_40	40	0.4700653370275194
sub-04	meta_metaphor	meta_L_pMTG_pSTS	yy	YY	word_label	yy_8	yy_8	8	0.6987300379366244
sub-04	meta_metaphor	meta_L_pMTG_pSTS	yy	YY	word_label	yy_9	yy_9	9	0.025112587041171607
sub-04	meta_metaphor	meta_L_pMTG_pSTS	yy	YY	word_label	yy_19	yy_19	19	0.1270044991717023
sub-04	meta_metaphor	meta_L_pMTG_pSTS	yy	YY	word_label	yy_18	yy_18	18	0.4151639647794177
sub-04	meta_metaphor	meta_L_pMTG_pSTS	yy	YY	word_label	yy_12	yy_12	12	0.33559356763014836
sub-04	meta_metaphor	meta_L_pMTG_pSTS	yy	YY	word_label	yy_37	yy_37	37	-0.2363332737800136
sub-04	meta_metaphor	meta_L_pMTG_pSTS	yy	YY	word_label	yy_13	yy_13	13	0.43626909466269137
sub-04	meta_metaphor	meta_L_pMTG_pSTS	yy	YY	word_label	yy_17	yy_17	17	-0.004176744080174874
sub-04	meta_metaphor	meta_L_pMTG_pSTS	yy	YY	word_label	yy_3	yy_3	3	0.49915675724184794
sub-04	meta_metaphor	meta_L_pMTG_pSTS	yy	YY	word_label	yy_7	yy_7	7	0.05626484298947464
sub-04	meta_metaphor	meta_L_pMTG_pSTS	yy	YY	word_label	yy_11	yy_11	11	0.04966086065635945
sub-04	meta_metaphor	meta_L_pMTG_pSTS	yy	YY	word_label	yy_36	yy_36	36	-0.028991216388625247
sub-04	meta_metaphor	meta_L_pMTG_pSTS	yy	YY	word_label	yy_21	yy_21	21	0.3365678374373633
sub-04	meta_metaphor	meta_L_pMTG_pSTS	yy	YY	word_label	yy_22	yy_22	22	-0.3033588207926675
sub-04	meta_metaphor	meta_L_pMTG_pSTS	yy	YY	word_label	yy_38	yy_38	38	-0.5399891824837211
sub-04	meta_metaphor	meta_L_pMTG_pSTS	yy	YY	word_label	yy_2	yy_2	2	0.10972346122404973
sub-04	meta_metaphor	meta_L_pMTG_pSTS	yy	YY	word_label	yy_39	yy_39	39	-0.4189666174233235
sub-04	meta_metaphor	meta_L_pMTG_pSTS	yy	YY	word_label	yy_10	yy_10	10	0.3613094761691097
sub-04	meta_metaphor	meta_L_pMTG_pSTS	kj	KJ	word_label	kj_38	kj_38	38	0.040526439246706875
sub-04	meta_metaphor	meta_L_pMTG_pSTS	kj	KJ	word_label	kj_30	kj_30	30	0.4483414391079989
sub-04	meta_metaphor	meta_L_pMTG_pSTS	kj	KJ	word_label	kj_34	kj_34	34	-0.02606938095983723
sub-04	meta_metaphor	meta_L_pMTG_pSTS	kj	KJ	word_label	kj_17	kj_17	17	0.6652272674656091
sub-04	meta_metaphor	meta_L_pMTG_pSTS	kj	KJ	word_label	kj_8	kj_8	8	0.04928364216133583
sub-04	meta_metaphor	meta_L_pMTG_pSTS	kj	KJ	word_label	kj_22	kj_22	22	-0.4979415401344182
sub-04	meta_metaphor	meta_L_pMTG_pSTS	kj	KJ	word_label	kj_12	kj_12	12	-0.10201181686504171
sub-04	meta_metaphor	meta_L_pMTG_pSTS	kj	KJ	word_label	kj_13	kj_13	13	0.24292675414785675
sub-04	meta_metaphor	meta_L_pMTG_pSTS	kj	KJ	word_label	kj_28	kj_28	28	0.42271481362243796
sub-04	meta_metaphor	meta_L_pMTG_pSTS	kj	KJ	word_label	kj_11	kj_11	11	0.41608918016294033
sub-04	meta_metaphor	meta_L_pMTG_pSTS	kj	KJ	word_label	kj_19	kj_19	19	-0.12746479802903957
sub-04	meta_metaphor	meta_L_pMTG_pSTS	kj	KJ	word_label	kj_27	kj_27	27	-0.006755889006151418
sub-04	meta_metaphor	meta_L_pMTG_pSTS	kj	KJ	word_label	kj_9	kj_9	9	0.10772572635056657
sub-04	meta_metaphor	meta_L_pMTG_pSTS	kj	KJ	word_label	kj_5	kj_5	5	0.6963088195097173
sub-04	meta_metaphor	meta_L_pMTG_pSTS	kj	KJ	word_label	kj_16	kj_16	16	-0.007944931061380752
sub-04	meta_metaphor	meta_L_pMTG_pSTS	kj	KJ	word_label	kj_36	kj_36	36	-0.042913831560411356
sub-04	meta_metaphor	meta_L_pMTG_pSTS	kj	KJ	word_label	kj_25	kj_25	25	-0.1549145375334868
sub-04	meta_metaphor	meta_L_pMTG_pSTS	kj	KJ	word_label	kj_6	kj_6	6	0.46386163161233274
sub-04	meta_metaphor	meta_L_pMTG_pSTS	kj	KJ	word_label	kj_33	kj_33	33	0.1552214566095069
sub-04	meta_metaphor	meta_L_pMTG_pSTS	kj	KJ	word_label	kj_23	kj_23	23	0.47886204341205263
sub-04	meta_metaphor	meta_L_pMTG_pSTS	kj	KJ	word_label	kj_39	kj_39	39	0.6909434127932318
sub-04	meta_metaphor	meta_L_pMTG_pSTS	kj	KJ	word_label	kj_15	kj_15	15	0.03243005022844957
sub-04	meta_metaphor	meta_L_pMTG_pSTS	kj	KJ	word_label	kj_31	kj_31	31	0.08371529530903436
sub-04	meta_metaphor	meta_L_pMTG_pSTS	kj	KJ	word_label	kj_24	kj_24	24	0.03852085478018735
sub-04	meta_metaphor	meta_L_pMTG_pSTS	kj	KJ	word_label	kj_26	kj_26	26	0.28283673692180583
sub-04	meta_metaphor	meta_L_pMTG_pSTS	kj	KJ	word_label	kj_29	kj_29	29	0.1390246051528145
sub-04	meta_metaphor	meta_L_pMTG_pSTS	kj	KJ	word_label	kj_2	kj_2	2	0.5928755795882835
sub-04	meta_metaphor	meta_L_pMTG_pSTS	kj	KJ	word_label	kj_14	kj_14	14	0.15710641768505723
sub-04	meta_metaphor	meta_L_pMTG_pSTS	kj	KJ	word_label	kj_37	kj_37	37	0.657756937530596
sub-04	meta_metaphor	meta_L_pMTG_pSTS	kj	KJ	word_label	kj_1	kj_1	1	0.3278337629142113
sub-04	meta_metaphor	meta_L_pMTG_pSTS	kj	KJ	word_label	kj_20	kj_20	20	0.5423558113249615
sub-04	meta_metaphor	meta_L_pMTG_pSTS	kj	KJ	word_label	kj_7	kj_7	7	-0.38837285938001914
sub-04	meta_metaphor	meta_L_pMTG_pSTS	kj	KJ	word_label	kj_10	kj_10	10	0.198722101334145
sub-04	meta_metaphor	meta_L_pMTG_pSTS	kj	KJ	word_label	kj_21	kj_21	21	-0.21517219366613843
sub-04	meta_metaphor	meta_L_pMTG_pSTS	kj	KJ	word_label	kj_3	kj_3	3	-0.633903545665603
sub-04	meta_metaphor	meta_L_temporal_pole	yy	YY	word_label	yy_27	yy_27	27	0.20287823640354982
sub-04	meta_metaphor	meta_L_temporal_pole	yy	YY	word_label	yy_35	yy_35	35	0.37116394911331424
sub-04	meta_metaphor	meta_L_temporal_pole	yy	YY	word_label	yy_28	yy_28	28	0.3334005614872263
sub-04	meta_metaphor	meta_L_temporal_pole	yy	YY	word_label	yy_15	yy_15	15	0.19393503670310483
sub-04	meta_metaphor	meta_L_temporal_pole	yy	YY	word_label	yy_1	yy_1	1	0.09941798822591745
sub-04	meta_metaphor	meta_L_temporal_pole	yy	YY	word_label	yy_23	yy_23	23	0.37619973516448874
sub-04	meta_metaphor	meta_L_temporal_pole	yy	YY	word_label	yy_16	yy_16	16	-0.02412612383325954
sub-04	meta_metaphor	meta_L_temporal_pole	yy	YY	word_label	yy_6	yy_6	6	-0.15646798465231818
sub-04	meta_metaphor	meta_L_temporal_pole	yy	YY	word_label	yy_5	yy_5	5	0.4441579540985164
sub-04	meta_metaphor	meta_L_temporal_pole	yy	YY	word_label	yy_29	yy_29	29	0.5257601414757899
sub-04	meta_metaphor	meta_L_temporal_pole	yy	YY	word_label	yy_14	yy_14	14	0.3124962201900068
sub-04	meta_metaphor	meta_L_temporal_pole	yy	YY	word_label	yy_24	yy_24	24	-0.34688837788877175
sub-04	meta_metaphor	meta_L_temporal_pole	yy	YY	word_label	yy_26	yy_26	26	-0.1905077835440979
sub-04	meta_metaphor	meta_L_temporal_pole	yy	YY	word_label	yy_33	yy_33	33	0.3200636979639917
sub-04	meta_metaphor	meta_L_temporal_pole	yy	YY	word_label	yy_4	yy_4	4	-0.12267675670118891
sub-04	meta_metaphor	meta_L_temporal_pole	yy	YY	word_label	yy_32	yy_32	32	-0.4704510385804041
sub-04	meta_metaphor	meta_L_temporal_pole	yy	YY	word_label	yy_40	yy_40	40	-0.056375256088767596
sub-04	meta_metaphor	meta_L_temporal_pole	yy	YY	word_label	yy_8	yy_8	8	-0.4811375211748862
sub-04	meta_metaphor	meta_L_temporal_pole	yy	YY	word_label	yy_9	yy_9	9	0.04197469426990992
sub-04	meta_metaphor	meta_L_temporal_pole	yy	YY	word_label	yy_19	yy_19	19	-0.09767489634928359
sub-04	meta_metaphor	meta_L_temporal_pole	yy	YY	word_label	yy_18	yy_18	18	0.031151359619812774
sub-04	meta_metaphor	meta_L_temporal_pole	yy	YY	word_label	yy_12	yy_12	12	-0.10419991649245874
sub-04	meta_metaphor	meta_L_temporal_pole	yy	YY	word_label	yy_37	yy_37	37	-0.058650236116992875
sub-04	meta_metaphor	meta_L_temporal_pole	yy	YY	word_label	yy_13	yy_13	13	-0.1700550442687474
sub-04	meta_metaphor	meta_L_temporal_pole	yy	YY	word_label	yy_17	yy_17	17	-0.41334449998635
sub-04	meta_metaphor	meta_L_temporal_pole	yy	YY	word_label	yy_3	yy_3	3	0.26508454052742336
sub-04	meta_metaphor	meta_L_temporal_pole	yy	YY	word_label	yy_7	yy_7	7	-0.22846409171505008
sub-04	meta_metaphor	meta_L_temporal_pole	yy	YY	word_label	yy_11	yy_11	11	0.5125934532603129
sub-04	meta_metaphor	meta_L_temporal_pole	yy	YY	word_label	yy_36	yy_36	36	0.08380929511203414
sub-04	meta_metaphor	meta_L_temporal_pole	yy	YY	word_label	yy_21	yy_21	21	0.2192039642595847
sub-04	meta_metaphor	meta_L_temporal_pole	yy	YY	word_label	yy_22	yy_22	22	-0.08360461263482245
sub-04	meta_metaphor	meta_L_temporal_pole	yy	YY	word_label	yy_38	yy_38	38	-0.28620945760944044
sub-04	meta_metaphor	meta_L_temporal_pole	yy	YY	word_label	yy_2	yy_2	2	0.4894464694996162
sub-04	meta_metaphor	meta_L_temporal_pole	yy	YY	word_label	yy_39	yy_39	39	0.18392061441733673
sub-04	meta_metaphor	meta_L_temporal_pole	yy	YY	word_label	yy_10	yy_10	10	-0.1762175857189143
sub-04	meta_metaphor	meta_L_temporal_pole	kj	KJ	word_label	kj_38	kj_38	38	0.020304043716827782
sub-04	meta_metaphor	meta_L_temporal_pole	kj	KJ	word_label	kj_30	kj_30	30	-0.18928598702649407
sub-04	meta_metaphor	meta_L_temporal_pole	kj	KJ	word_label	kj_34	kj_34	34	-0.14070226179832834
sub-04	meta_metaphor	meta_L_temporal_pole	kj	KJ	word_label	kj_17	kj_17	17	-0.18782017653605515
sub-04	meta_metaphor	meta_L_temporal_pole	kj	KJ	word_label	kj_8	kj_8	8	0.04963903490176007
sub-04	meta_metaphor	meta_L_temporal_pole	kj	KJ	word_label	kj_22	kj_22	22	-0.27883892080835526
sub-04	meta_metaphor	meta_L_temporal_pole	kj	KJ	word_label	kj_12	kj_12	12	0.39052967038730035
sub-04	meta_metaphor	meta_L_temporal_pole	kj	KJ	word_label	kj_13	kj_13	13	-0.10949589449984663
sub-04	meta_metaphor	meta_L_temporal_pole	kj	KJ	word_label	kj_28	kj_28	28	-0.003350377100827668
sub-04	meta_metaphor	meta_L_temporal_pole	kj	KJ	word_label	kj_11	kj_11	11	0.04270936513644734
sub-04	meta_metaphor	meta_L_temporal_pole	kj	KJ	word_label	kj_19	kj_19	19	0.6712923781691336
sub-04	meta_metaphor	meta_L_temporal_pole	kj	KJ	word_label	kj_27	kj_27	27	-0.03102980503208765
sub-04	meta_metaphor	meta_L_temporal_pole	kj	KJ	word_label	kj_9	kj_9	9	0.0592734163024956
sub-04	meta_metaphor	meta_L_temporal_pole	kj	KJ	word_label	kj_5	kj_5	5	0.030113561464783493
sub-04	meta_metaphor	meta_L_temporal_pole	kj	KJ	word_label	kj_16	kj_16	16	0.08891312002860857
sub-04	meta_metaphor	meta_L_temporal_pole	kj	KJ	word_label	kj_36	kj_36	36	-0.2492713456410567
sub-04	meta_metaphor	meta_L_temporal_pole	kj	KJ	word_label	kj_25	kj_25	25	0.178250524356381
sub-04	meta_metaphor	meta_L_temporal_pole	kj	KJ	word_label	kj_6	kj_6	6	-0.1473722389271907
sub-04	meta_metaphor	meta_L_temporal_pole	kj	KJ	word_label	kj_33	kj_33	33	0.0856864576240303
sub-04	meta_metaphor	meta_L_temporal_pole	kj	KJ	word_label	kj_23	kj_23	23	0.33716002299031894
sub-04	meta_metaphor	meta_L_temporal_pole	kj	KJ	word_label	kj_39	kj_39	39	-0.29648531238428893
sub-04	meta_metaphor	meta_L_temporal_pole	kj	KJ	word_label	kj_15	kj_15	15	0.12134425744346047
sub-04	meta_metaphor	meta_L_temporal_pole	kj	KJ	word_label	kj_31	kj_31	31	0.2542359346834655
sub-04	meta_metaphor	meta_L_temporal_pole	kj	KJ	word_label	kj_24	kj_24	24	-0.06623494932678849
sub-04	meta_metaphor	meta_L_temporal_pole	kj	KJ	word_label	kj_26	kj_26	26	0.09191124092558353
sub-04	meta_metaphor	meta_L_temporal_pole	kj	KJ	word_label	kj_29	kj_29	29	0.40180890897939725
sub-04	meta_metaphor	meta_L_temporal_pole	kj	KJ	word_label	kj_2	kj_2	2	0.41216126803384073
sub-04	meta_metaphor	meta_L_temporal_pole	kj	KJ	word_label	kj_14	kj_14	14	0.16806181830853148
sub-04	meta_metaphor	meta_L_temporal_pole	kj	KJ	word_label	kj_37	kj_37	37	-0.22334106984402927
sub-04	meta_metaphor	meta_L_temporal_pole	kj	KJ	word_label	kj_1	kj_1	1	0.33040020250244095
sub-04	meta_metaphor	meta_L_temporal_pole	kj	KJ	word_label	kj_20	kj_20	20	-0.2142296553752733
sub-04	meta_metaphor	meta_L_temporal_pole	kj	KJ	word_label	kj_7	kj_7	7	0.28535026453446394
sub-04	meta_metaphor	meta_L_temporal_pole	kj	KJ	word_label	kj_10	kj_10	10	0.18623447554715997
sub-04	meta_metaphor	meta_L_temporal_pole	kj	KJ	word_label	kj_21	kj_21	21	-0.01926300858726429
sub-04	meta_metaphor	meta_L_temporal_pole	kj	KJ	word_label	kj_3	kj_3	3	-0.013118774304572142
sub-04	meta_metaphor	meta_R_AG	yy	YY	word_label	yy_27	yy_27	27	0.23415714255899173
sub-04	meta_metaphor	meta_R_AG	yy	YY	word_label	yy_35	yy_35	35	0.2077601677611712
sub-04	meta_metaphor	meta_R_AG	yy	YY	word_label	yy_28	yy_28	28	0.1577663460682859
sub-04	meta_metaphor	meta_R_AG	yy	YY	word_label	yy_15	yy_15	15	-0.30383962746144255
sub-04	meta_metaphor	meta_R_AG	yy	YY	word_label	yy_1	yy_1	1	0.08482291832095877
sub-04	meta_metaphor	meta_R_AG	yy	YY	word_label	yy_23	yy_23	23	0.09724067716893793
sub-04	meta_metaphor	meta_R_AG	yy	YY	word_label	yy_16	yy_16	16	-0.12368587000693616
sub-04	meta_metaphor	meta_R_AG	yy	YY	word_label	yy_6	yy_6	6	0.25353058709045107
sub-04	meta_metaphor	meta_R_AG	yy	YY	word_label	yy_5	yy_5	5	-0.21126195290300717
sub-04	meta_metaphor	meta_R_AG	yy	YY	word_label	yy_29	yy_29	29	0.0035299536622976986
sub-04	meta_metaphor	meta_R_AG	yy	YY	word_label	yy_14	yy_14	14	-0.24276039769629984
sub-04	meta_metaphor	meta_R_AG	yy	YY	word_label	yy_24	yy_24	24	-0.02436378297824556
sub-04	meta_metaphor	meta_R_AG	yy	YY	word_label	yy_26	yy_26	26	0.02547404328207471
sub-04	meta_metaphor	meta_R_AG	yy	YY	word_label	yy_33	yy_33	33	0.6612764845140839
sub-04	meta_metaphor	meta_R_AG	yy	YY	word_label	yy_4	yy_4	4	0.0527684013938938
sub-04	meta_metaphor	meta_R_AG	yy	YY	word_label	yy_32	yy_32	32	-0.48665524372307556
sub-04	meta_metaphor	meta_R_AG	yy	YY	word_label	yy_40	yy_40	40	0.1883630350076046
sub-04	meta_metaphor	meta_R_AG	yy	YY	word_label	yy_8	yy_8	8	-0.38915071159097925
sub-04	meta_metaphor	meta_R_AG	yy	YY	word_label	yy_9	yy_9	9	-0.0871371389832279
sub-04	meta_metaphor	meta_R_AG	yy	YY	word_label	yy_19	yy_19	19	0.41230772742212474
sub-04	meta_metaphor	meta_R_AG	yy	YY	word_label	yy_18	yy_18	18	-0.3104935334794439
sub-04	meta_metaphor	meta_R_AG	yy	YY	word_label	yy_12	yy_12	12	0.25751464496472476
sub-04	meta_metaphor	meta_R_AG	yy	YY	word_label	yy_37	yy_37	37	0.10853469287407802
sub-04	meta_metaphor	meta_R_AG	yy	YY	word_label	yy_13	yy_13	13	-0.020029060529282654
sub-04	meta_metaphor	meta_R_AG	yy	YY	word_label	yy_17	yy_17	17	-0.024860476228919407
sub-04	meta_metaphor	meta_R_AG	yy	YY	word_label	yy_3	yy_3	3	-0.05164066859036427
sub-04	meta_metaphor	meta_R_AG	yy	YY	word_label	yy_7	yy_7	7	0.17834351913188382
sub-04	meta_metaphor	meta_R_AG	yy	YY	word_label	yy_11	yy_11	11	0.1533733132367726
sub-04	meta_metaphor	meta_R_AG	yy	YY	word_label	yy_36	yy_36	36	0.14395587681539476
sub-04	meta_metaphor	meta_R_AG	yy	YY	word_label	yy_21	yy_21	21	-0.07136064671675159
sub-04	meta_metaphor	meta_R_AG	yy	YY	word_label	yy_22	yy_22	22	0.06644670303975968
sub-04	meta_metaphor	meta_R_AG	yy	YY	word_label	yy_38	yy_38	38	-0.43360762176469925
sub-04	meta_metaphor	meta_R_AG	yy	YY	word_label	yy_2	yy_2	2	-0.01985889956318646
sub-04	meta_metaphor	meta_R_AG	yy	YY	word_label	yy_39	yy_39	39	0.1724610118041157
sub-04	meta_metaphor	meta_R_AG	yy	YY	word_label	yy_10	yy_10	10	-0.17107558412798532
sub-04	meta_metaphor	meta_R_AG	kj	KJ	word_label	kj_38	kj_38	38	-0.03075388136999321
sub-04	meta_metaphor	meta_R_AG	kj	KJ	word_label	kj_30	kj_30	30	-0.12073165581706853
sub-04	meta_metaphor	meta_R_AG	kj	KJ	word_label	kj_34	kj_34	34	0.15368215185978643
sub-04	meta_metaphor	meta_R_AG	kj	KJ	word_label	kj_17	kj_17	17	0.00784094880338928
sub-04	meta_metaphor	meta_R_AG	kj	KJ	word_label	kj_8	kj_8	8	0.5523442164489016
sub-04	meta_metaphor	meta_R_AG	kj	KJ	word_label	kj_22	kj_22	22	-0.399358858763127
sub-04	meta_metaphor	meta_R_AG	kj	KJ	word_label	kj_12	kj_12	12	-0.10681467181963002
sub-04	meta_metaphor	meta_R_AG	kj	KJ	word_label	kj_13	kj_13	13	0.10023525886944717
sub-04	meta_metaphor	meta_R_AG	kj	KJ	word_label	kj_28	kj_28	28	0.1776949887055745
sub-04	meta_metaphor	meta_R_AG	kj	KJ	word_label	kj_11	kj_11	11	-0.19066546901137582
sub-04	meta_metaphor	meta_R_AG	kj	KJ	word_label	kj_19	kj_19	19	0.11833174704563103
sub-04	meta_metaphor	meta_R_AG	kj	KJ	word_label	kj_27	kj_27	27	0.14724124901365035
sub-04	meta_metaphor	meta_R_AG	kj	KJ	word_label	kj_9	kj_9	9	0.14157687711295294
sub-04	meta_metaphor	meta_R_AG	kj	KJ	word_label	kj_5	kj_5	5	0.26867473819504095
sub-04	meta_metaphor	meta_R_AG	kj	KJ	word_label	kj_16	kj_16	16	-0.3502391398738877
sub-04	meta_metaphor	meta_R_AG	kj	KJ	word_label	kj_36	kj_36	36	0.2359861758974276
sub-04	meta_metaphor	meta_R_AG	kj	KJ	word_label	kj_25	kj_25	25	-0.29938829087480534
sub-04	meta_metaphor	meta_R_AG	kj	KJ	word_label	kj_6	kj_6	6	-0.2910245218280463
sub-04	meta_metaphor	meta_R_AG	kj	KJ	word_label	kj_33	kj_33	33	-0.27385055415327164
sub-04	meta_metaphor	meta_R_AG	kj	KJ	word_label	kj_23	kj_23	23	-0.4483578943365007
sub-04	meta_metaphor	meta_R_AG	kj	KJ	word_label	kj_39	kj_39	39	0.1489687262933291
sub-04	meta_metaphor	meta_R_AG	kj	KJ	word_label	kj_15	kj_15	15	0.1248437706212178
sub-04	meta_metaphor	meta_R_AG	kj	KJ	word_label	kj_31	kj_31	31	0.6522246435216313
sub-04	meta_metaphor	meta_R_AG	kj	KJ	word_label	kj_24	kj_24	24	-0.30929301152862987
sub-04	meta_metaphor	meta_R_AG	kj	KJ	word_label	kj_26	kj_26	26	-0.12147062600332896
sub-04	meta_metaphor	meta_R_AG	kj	KJ	word_label	kj_29	kj_29	29	-0.10984757640383486
sub-04	meta_metaphor	meta_R_AG	kj	KJ	word_label	kj_2	kj_2	2	-0.1684909912011748
sub-04	meta_metaphor	meta_R_AG	kj	KJ	word_label	kj_14	kj_14	14	0.29868307636459174
sub-04	meta_metaphor	meta_R_AG	kj	KJ	word_label	kj_37	kj_37	37	-0.06841548609814181
sub-04	meta_metaphor	meta_R_AG	kj	KJ	word_label	kj_1	kj_1	1	-0.0005760142059003953
sub-04	meta_metaphor	meta_R_AG	kj	KJ	word_label	kj_20	kj_20	20	-0.0938067110477829
sub-04	meta_metaphor	meta_R_AG	kj	KJ	word_label	kj_7	kj_7	7	-0.4608187664124247
sub-04	meta_metaphor	meta_R_AG	kj	KJ	word_label	kj_10	kj_10	10	-0.02944422428100765
sub-04	meta_metaphor	meta_R_AG	kj	KJ	word_label	kj_21	kj_21	21	0.027907200850463977
sub-04	meta_metaphor	meta_R_AG	kj	KJ	word_label	kj_3	kj_3	3	0.22559659179860037
sub-04	meta_metaphor	meta_R_IFG	yy	YY	word_label	yy_27	yy_27	27	0.033208491612895796
sub-04	meta_metaphor	meta_R_IFG	yy	YY	word_label	yy_35	yy_35	35	-0.10387639856655681
sub-04	meta_metaphor	meta_R_IFG	yy	YY	word_label	yy_28	yy_28	28	0.34464975609140025
sub-04	meta_metaphor	meta_R_IFG	yy	YY	word_label	yy_15	yy_15	15	-0.24372251734199452
sub-04	meta_metaphor	meta_R_IFG	yy	YY	word_label	yy_1	yy_1	1	-0.3676262644091314
sub-04	meta_metaphor	meta_R_IFG	yy	YY	word_label	yy_23	yy_23	23	-0.0064302474982891
sub-04	meta_metaphor	meta_R_IFG	yy	YY	word_label	yy_16	yy_16	16	0.32172774050217123
sub-04	meta_metaphor	meta_R_IFG	yy	YY	word_label	yy_6	yy_6	6	0.07201435773534719
sub-04	meta_metaphor	meta_R_IFG	yy	YY	word_label	yy_5	yy_5	5	-0.0791314119855173
sub-04	meta_metaphor	meta_R_IFG	yy	YY	word_label	yy_29	yy_29	29	0.08807525747905433
sub-04	meta_metaphor	meta_R_IFG	yy	YY	word_label	yy_14	yy_14	14	0.004337125112160679
sub-04	meta_metaphor	meta_R_IFG	yy	YY	word_label	yy_24	yy_24	24	0.5270449119224779
sub-04	meta_metaphor	meta_R_IFG	yy	YY	word_label	yy_26	yy_26	26	-0.4258119393904764
sub-04	meta_metaphor	meta_R_IFG	yy	YY	word_label	yy_33	yy_33	33	0.2575050295884898
sub-04	meta_metaphor	meta_R_IFG	yy	YY	word_label	yy_4	yy_4	4	0.472618682901931
sub-04	meta_metaphor	meta_R_IFG	yy	YY	word_label	yy_32	yy_32	32	0.349847866800557
sub-04	meta_metaphor	meta_R_IFG	yy	YY	word_label	yy_40	yy_40	40	0.41977403309686423
sub-04	meta_metaphor	meta_R_IFG	yy	YY	word_label	yy_8	yy_8	8	-0.02748629044798168
sub-04	meta_metaphor	meta_R_IFG	yy	YY	word_label	yy_9	yy_9	9	0.2654460363722409
sub-04	meta_metaphor	meta_R_IFG	yy	YY	word_label	yy_19	yy_19	19	0.39078235772291897
sub-04	meta_metaphor	meta_R_IFG	yy	YY	word_label	yy_18	yy_18	18	0.41649832925708286
sub-04	meta_metaphor	meta_R_IFG	yy	YY	word_label	yy_12	yy_12	12	0.3763049972193222
sub-04	meta_metaphor	meta_R_IFG	yy	YY	word_label	yy_37	yy_37	37	0.4676528112030189
sub-04	meta_metaphor	meta_R_IFG	yy	YY	word_label	yy_13	yy_13	13	0.04954733390867618
sub-04	meta_metaphor	meta_R_IFG	yy	YY	word_label	yy_17	yy_17	17	-0.12414729962665919
sub-04	meta_metaphor	meta_R_IFG	yy	YY	word_label	yy_3	yy_3	3	0.1930006489866945
sub-04	meta_metaphor	meta_R_IFG	yy	YY	word_label	yy_7	yy_7	7	-0.2276603336567538
sub-04	meta_metaphor	meta_R_IFG	yy	YY	word_label	yy_11	yy_11	11	-0.4470764026176697
sub-04	meta_metaphor	meta_R_IFG	yy	YY	word_label	yy_36	yy_36	36	-0.49965770951696836
sub-04	meta_metaphor	meta_R_IFG	yy	YY	word_label	yy_21	yy_21	21	-0.10655623956347163
sub-04	meta_metaphor	meta_R_IFG	yy	YY	word_label	yy_22	yy_22	22	0.6458689669834073
sub-04	meta_metaphor	meta_R_IFG	yy	YY	word_label	yy_38	yy_38	38	-0.6033088674443542
sub-04	meta_metaphor	meta_R_IFG	yy	YY	word_label	yy_2	yy_2	2	0.34454248508196406
sub-04	meta_metaphor	meta_R_IFG	yy	YY	word_label	yy_39	yy_39	39	-0.43646306091991643
sub-04	meta_metaphor	meta_R_IFG	yy	YY	word_label	yy_10	yy_10	10	0.28385283291210367
sub-04	meta_metaphor	meta_R_IFG	kj	KJ	word_label	kj_38	kj_38	38	0.002994275840030111
sub-04	meta_metaphor	meta_R_IFG	kj	KJ	word_label	kj_30	kj_30	30	-0.2394979478253692
sub-04	meta_metaphor	meta_R_IFG	kj	KJ	word_label	kj_34	kj_34	34	-0.25265900117084683
sub-04	meta_metaphor	meta_R_IFG	kj	KJ	word_label	kj_17	kj_17	17	0.04493315327705105
sub-04	meta_metaphor	meta_R_IFG	kj	KJ	word_label	kj_8	kj_8	8	0.5125816251222814
sub-04	meta_metaphor	meta_R_IFG	kj	KJ	word_label	kj_22	kj_22	22	0.30178166790033156
sub-04	meta_metaphor	meta_R_IFG	kj	KJ	word_label	kj_12	kj_12	12	0.0636235508410949
sub-04	meta_metaphor	meta_R_IFG	kj	KJ	word_label	kj_13	kj_13	13	-0.18228736606702045
sub-04	meta_metaphor	meta_R_IFG	kj	KJ	word_label	kj_28	kj_28	28	0.6164460804847817
sub-04	meta_metaphor	meta_R_IFG	kj	KJ	word_label	kj_11	kj_11	11	0.05665321332732522
sub-04	meta_metaphor	meta_R_IFG	kj	KJ	word_label	kj_19	kj_19	19	-0.4237282928554065
sub-04	meta_metaphor	meta_R_IFG	kj	KJ	word_label	kj_27	kj_27	27	0.46755040444902074
sub-04	meta_metaphor	meta_R_IFG	kj	KJ	word_label	kj_9	kj_9	9	0.24715557629329873
sub-04	meta_metaphor	meta_R_IFG	kj	KJ	word_label	kj_5	kj_5	5	0.14341407597948921
sub-04	meta_metaphor	meta_R_IFG	kj	KJ	word_label	kj_16	kj_16	16	0.5872160134456889
sub-04	meta_metaphor	meta_R_IFG	kj	KJ	word_label	kj_36	kj_36	36	0.027194277016541365
sub-04	meta_metaphor	meta_R_IFG	kj	KJ	word_label	kj_25	kj_25	25	0.08269149083070701
sub-04	meta_metaphor	meta_R_IFG	kj	KJ	word_label	kj_6	kj_6	6	-0.488169285299634
sub-04	meta_metaphor	meta_R_IFG	kj	KJ	word_label	kj_33	kj_33	33	-0.14201522115232915
sub-04	meta_metaphor	meta_R_IFG	kj	KJ	word_label	kj_23	kj_23	23	-0.3890321323155612
sub-04	meta_metaphor	meta_R_IFG	kj	KJ	word_label	kj_39	kj_39	39	-0.3979244980035066
sub-04	meta_metaphor	meta_R_IFG	kj	KJ	word_label	kj_15	kj_15	15	-0.1767925737461303
sub-04	meta_metaphor	meta_R_IFG	kj	KJ	word_label	kj_31	kj_31	31	-0.48706360184819614
sub-04	meta_metaphor	meta_R_IFG	kj	KJ	word_label	kj_24	kj_24	24	-0.11200092845099538
sub-04	meta_metaphor	meta_R_IFG	kj	KJ	word_label	kj_26	kj_26	26	-0.32523362778172804
sub-04	meta_metaphor	meta_R_IFG	kj	KJ	word_label	kj_29	kj_29	29	-0.17691125932773183
sub-04	meta_metaphor	meta_R_IFG	kj	KJ	word_label	kj_2	kj_2	2	-0.16972545154113755
sub-04	meta_metaphor	meta_R_IFG	kj	KJ	word_label	kj_14	kj_14	14	0.5843106485649031
sub-04	meta_metaphor	meta_R_IFG	kj	KJ	word_label	kj_37	kj_37	37	-0.5640109279395916
sub-04	meta_metaphor	meta_R_IFG	kj	KJ	word_label	kj_1	kj_1	1	0.05340603956385291
sub-04	meta_metaphor	meta_R_IFG	kj	KJ	word_label	kj_20	kj_20	20	-0.13539392499529063
sub-04	meta_metaphor	meta_R_IFG	kj	KJ	word_label	kj_7	kj_7	7	-0.22485497630846604
sub-04	meta_metaphor	meta_R_IFG	kj	KJ	word_label	kj_10	kj_10	10	-0.09026385685835674
sub-04	meta_metaphor	meta_R_IFG	kj	KJ	word_label	kj_21	kj_21	21	-0.6391545316592121
sub-04	meta_metaphor	meta_R_IFG	kj	KJ	word_label	kj_3	kj_3	3	-0.21652047677691086
sub-04	meta_metaphor	meta_R_pMTG_pSTS	yy	YY	word_label	yy_27	yy_27	27	0.5462114510692643
sub-04	meta_metaphor	meta_R_pMTG_pSTS	yy	YY	word_label	yy_35	yy_35	35	-0.10732897484982226
sub-04	meta_metaphor	meta_R_pMTG_pSTS	yy	YY	word_label	yy_28	yy_28	28	-0.20319704617465223
sub-04	meta_metaphor	meta_R_pMTG_pSTS	yy	YY	word_label	yy_15	yy_15	15	-0.040217228219072025
sub-04	meta_metaphor	meta_R_pMTG_pSTS	yy	YY	word_label	yy_1	yy_1	1	0.050610099088934477
sub-04	meta_metaphor	meta_R_pMTG_pSTS	yy	YY	word_label	yy_23	yy_23	23	-0.38295343001085286
sub-04	meta_metaphor	meta_R_pMTG_pSTS	yy	YY	word_label	yy_16	yy_16	16	0.4284338388491238
sub-04	meta_metaphor	meta_R_pMTG_pSTS	yy	YY	word_label	yy_6	yy_6	6	-0.33079846827819853
sub-04	meta_metaphor	meta_R_pMTG_pSTS	yy	YY	word_label	yy_5	yy_5	5	0.33799870423010253
sub-04	meta_metaphor	meta_R_pMTG_pSTS	yy	YY	word_label	yy_29	yy_29	29	0.016616719371223894
sub-04	meta_metaphor	meta_R_pMTG_pSTS	yy	YY	word_label	yy_14	yy_14	14	0.21122425585611482
sub-04	meta_metaphor	meta_R_pMTG_pSTS	yy	YY	word_label	yy_24	yy_24	24	0.15425927242083015
sub-04	meta_metaphor	meta_R_pMTG_pSTS	yy	YY	word_label	yy_26	yy_26	26	-0.2597589831629291
sub-04	meta_metaphor	meta_R_pMTG_pSTS	yy	YY	word_label	yy_33	yy_33	33	0.5010568836523204
sub-04	meta_metaphor	meta_R_pMTG_pSTS	yy	YY	word_label	yy_4	yy_4	4	0.1279392604378936
sub-04	meta_metaphor	meta_R_pMTG_pSTS	yy	YY	word_label	yy_32	yy_32	32	-0.15666390824020815
sub-04	meta_metaphor	meta_R_pMTG_pSTS	yy	YY	word_label	yy_40	yy_40	40	0.09637721611662145
sub-04	meta_metaphor	meta_R_pMTG_pSTS	yy	YY	word_label	yy_8	yy_8	8	0.08733473151522557
sub-04	meta_metaphor	meta_R_pMTG_pSTS	yy	YY	word_label	yy_9	yy_9	9	0.32088206789290924
sub-04	meta_metaphor	meta_R_pMTG_pSTS	yy	YY	word_label	yy_19	yy_19	19	-0.23469613794606822
sub-04	meta_metaphor	meta_R_pMTG_pSTS	yy	YY	word_label	yy_18	yy_18	18	0.1767539891272549
sub-04	meta_metaphor	meta_R_pMTG_pSTS	yy	YY	word_label	yy_12	yy_12	12	-0.36211351298938227
sub-04	meta_metaphor	meta_R_pMTG_pSTS	yy	YY	word_label	yy_37	yy_37	37	-0.04956375526505533
sub-04	meta_metaphor	meta_R_pMTG_pSTS	yy	YY	word_label	yy_13	yy_13	13	-0.03426829018528278
sub-04	meta_metaphor	meta_R_pMTG_pSTS	yy	YY	word_label	yy_17	yy_17	17	-0.17545274402356045
sub-04	meta_metaphor	meta_R_pMTG_pSTS	yy	YY	word_label	yy_3	yy_3	3	-0.3959163237431646
sub-04	meta_metaphor	meta_R_pMTG_pSTS	yy	YY	word_label	yy_7	yy_7	7	-0.16966727437265755
sub-04	meta_metaphor	meta_R_pMTG_pSTS	yy	YY	word_label	yy_11	yy_11	11	-0.5273592216240268
sub-04	meta_metaphor	meta_R_pMTG_pSTS	yy	YY	word_label	yy_36	yy_36	36	0.00975403965321005
sub-04	meta_metaphor	meta_R_pMTG_pSTS	yy	YY	word_label	yy_21	yy_21	21	-0.2558136080058251
sub-04	meta_metaphor	meta_R_pMTG_pSTS	yy	YY	word_label	yy_22	yy_22	22	-0.2556981009469172
sub-04	meta_metaphor	meta_R_pMTG_pSTS	yy	YY	word_label	yy_38	yy_38	38	-0.5225644492536522
sub-04	meta_metaphor	meta_R_pMTG_pSTS	yy	YY	word_label	yy_2	yy_2	2	0.08968712530599533
sub-04	meta_metaphor	meta_R_pMTG_pSTS	yy	YY	word_label	yy_39	yy_39	39	-0.007173413180565455
sub-04	meta_metaphor	meta_R_pMTG_pSTS	yy	YY	word_label	yy_10	yy_10	10	-0.21806002598316582
sub-04	meta_metaphor	meta_R_pMTG_pSTS	kj	KJ	word_label	kj_38	kj_38	38	0.00843530161783759
sub-04	meta_metaphor	meta_R_pMTG_pSTS	kj	KJ	word_label	kj_30	kj_30	30	-0.010923778678604695
sub-04	meta_metaphor	meta_R_pMTG_pSTS	kj	KJ	word_label	kj_34	kj_34	34	0.138892461678288
sub-04	meta_metaphor	meta_R_pMTG_pSTS	kj	KJ	word_label	kj_17	kj_17	17	-0.12730138656946888
sub-04	meta_metaphor	meta_R_pMTG_pSTS	kj	KJ	word_label	kj_8	kj_8	8	-0.18027479575316654
sub-04	meta_metaphor	meta_R_pMTG_pSTS	kj	KJ	word_label	kj_22	kj_22	22	0.08043829522276133
sub-04	meta_metaphor	meta_R_pMTG_pSTS	kj	KJ	word_label	kj_12	kj_12	12	-0.3517747792380517
sub-04	meta_metaphor	meta_R_pMTG_pSTS	kj	KJ	word_label	kj_13	kj_13	13	0.13387624167170076
sub-04	meta_metaphor	meta_R_pMTG_pSTS	kj	KJ	word_label	kj_28	kj_28	28	-0.3305748026822182
sub-04	meta_metaphor	meta_R_pMTG_pSTS	kj	KJ	word_label	kj_11	kj_11	11	0.09924803468191923
sub-04	meta_metaphor	meta_R_pMTG_pSTS	kj	KJ	word_label	kj_19	kj_19	19	0.18081424439526672
sub-04	meta_metaphor	meta_R_pMTG_pSTS	kj	KJ	word_label	kj_27	kj_27	27	-0.11288515668920986
sub-04	meta_metaphor	meta_R_pMTG_pSTS	kj	KJ	word_label	kj_9	kj_9	9	0.18285068281721215
sub-04	meta_metaphor	meta_R_pMTG_pSTS	kj	KJ	word_label	kj_5	kj_5	5	-0.14091091415280008
sub-04	meta_metaphor	meta_R_pMTG_pSTS	kj	KJ	word_label	kj_16	kj_16	16	-0.4376124823314048
sub-04	meta_metaphor	meta_R_pMTG_pSTS	kj	KJ	word_label	kj_36	kj_36	36	-0.4742969368615092
sub-04	meta_metaphor	meta_R_pMTG_pSTS	kj	KJ	word_label	kj_25	kj_25	25	0.026488899253625766
sub-04	meta_metaphor	meta_R_pMTG_pSTS	kj	KJ	word_label	kj_6	kj_6	6	0.11382406540325987
sub-04	meta_metaphor	meta_R_pMTG_pSTS	kj	KJ	word_label	kj_33	kj_33	33	0.0644044395883715
sub-04	meta_metaphor	meta_R_pMTG_pSTS	kj	KJ	word_label	kj_23	kj_23	23	-0.4022606332586309
sub-04	meta_metaphor	meta_R_pMTG_pSTS	kj	KJ	word_label	kj_39	kj_39	39	-0.08742888771267988
sub-04	meta_metaphor	meta_R_pMTG_pSTS	kj	KJ	word_label	kj_15	kj_15	15	-0.03856055068798929
sub-04	meta_metaphor	meta_R_pMTG_pSTS	kj	KJ	word_label	kj_31	kj_31	31	0.20213822288952488
sub-04	meta_metaphor	meta_R_pMTG_pSTS	kj	KJ	word_label	kj_24	kj_24	24	-0.21766275424673742
sub-04	meta_metaphor	meta_R_pMTG_pSTS	kj	KJ	word_label	kj_26	kj_26	26	-0.23465964836822492
sub-04	meta_metaphor	meta_R_pMTG_pSTS	kj	KJ	word_label	kj_29	kj_29	29	0.32262828366690327
sub-04	meta_metaphor	meta_R_pMTG_pSTS	kj	KJ	word_label	kj_2	kj_2	2	-0.07092685425922296
sub-04	meta_metaphor	meta_R_pMTG_pSTS	kj	KJ	word_label	kj_14	kj_14	14	0.2965690615854195
sub-04	meta_metaphor	meta_R_pMTG_pSTS	kj	KJ	word_label	kj_37	kj_37	37	-0.08540953136723099
sub-04	meta_metaphor	meta_R_pMTG_pSTS	kj	KJ	word_label	kj_1	kj_1	1	0.3651549843686849
sub-04	meta_metaphor	meta_R_pMTG_pSTS	kj	KJ	word_label	kj_20	kj_20	20	-0.3137263992826083
sub-04	meta_metaphor	meta_R_pMTG_pSTS	kj	KJ	word_label	kj_7	kj_7	7	0.5095731450347205
sub-04	meta_metaphor	meta_R_pMTG_pSTS	kj	KJ	word_label	kj_10	kj_10	10	-0.42861255039623736
sub-04	meta_metaphor	meta_R_pMTG_pSTS	kj	KJ	word_label	kj_21	kj_21	21	-0.010960857194794503
sub-04	meta_metaphor	meta_R_pMTG_pSTS	kj	KJ	word_label	kj_3	kj_3	3	-0.18342982583099568
sub-04	meta_metaphor	meta_R_temporal_pole	yy	YY	word_label	yy_27	yy_27	27	0.017768194342138846
sub-04	meta_metaphor	meta_R_temporal_pole	yy	YY	word_label	yy_35	yy_35	35	-0.1901212784270257
sub-04	meta_metaphor	meta_R_temporal_pole	yy	YY	word_label	yy_28	yy_28	28	-0.08143282781674017
sub-04	meta_metaphor	meta_R_temporal_pole	yy	YY	word_label	yy_15	yy_15	15	-0.020658834188211694
sub-04	meta_metaphor	meta_R_temporal_pole	yy	YY	word_label	yy_1	yy_1	1	0.18817568256870965
sub-04	meta_metaphor	meta_R_temporal_pole	yy	YY	word_label	yy_23	yy_23	23	0.1366533006828246
sub-04	meta_metaphor	meta_R_temporal_pole	yy	YY	word_label	yy_16	yy_16	16	-0.11272349335249966
sub-04	meta_metaphor	meta_R_temporal_pole	yy	YY	word_label	yy_6	yy_6	6	-0.15178522578904097
sub-04	meta_metaphor	meta_R_temporal_pole	yy	YY	word_label	yy_5	yy_5	5	-0.044451131131754425
sub-04	meta_metaphor	meta_R_temporal_pole	yy	YY	word_label	yy_29	yy_29	29	0.012047663275873874
sub-04	meta_metaphor	meta_R_temporal_pole	yy	YY	word_label	yy_14	yy_14	14	-0.022346533753523554
sub-04	meta_metaphor	meta_R_temporal_pole	yy	YY	word_label	yy_24	yy_24	24	0.06808160325693123
sub-04	meta_metaphor	meta_R_temporal_pole	yy	YY	word_label	yy_26	yy_26	26	-0.31159667692276216
sub-04	meta_metaphor	meta_R_temporal_pole	yy	YY	word_label	yy_33	yy_33	33	0.007952376569520803
sub-04	meta_metaphor	meta_R_temporal_pole	yy	YY	word_label	yy_4	yy_4	4	0.2012583337353065
sub-04	meta_metaphor	meta_R_temporal_pole	yy	YY	word_label	yy_32	yy_32	32	0.2108641686471404
sub-04	meta_metaphor	meta_R_temporal_pole	yy	YY	word_label	yy_40	yy_40	40	-0.03386960929052362
sub-04	meta_metaphor	meta_R_temporal_pole	yy	YY	word_label	yy_8	yy_8	8	0.08956249304983711
sub-04	meta_metaphor	meta_R_temporal_pole	yy	YY	word_label	yy_9	yy_9	9	0.11242673262913686
sub-04	meta_metaphor	meta_R_temporal_pole	yy	YY	word_label	yy_19	yy_19	19	0.11989005953175826
sub-04	meta_metaphor	meta_R_temporal_pole	yy	YY	word_label	yy_18	yy_18	18	0.19883981787636296
sub-04	meta_metaphor	meta_R_temporal_pole	yy	YY	word_label	yy_12	yy_12	12	-0.18227796438088223
sub-04	meta_metaphor	meta_R_temporal_pole	yy	YY	word_label	yy_37	yy_37	37	-0.11936709255704568
sub-04	meta_metaphor	meta_R_temporal_pole	yy	YY	word_label	yy_13	yy_13	13	-0.1575662236707996
sub-04	meta_metaphor	meta_R_temporal_pole	yy	YY	word_label	yy_17	yy_17	17	-0.24300361421376707
sub-04	meta_metaphor	meta_R_temporal_pole	yy	YY	word_label	yy_3	yy_3	3	0.0969528530274014
sub-04	meta_metaphor	meta_R_temporal_pole	yy	YY	word_label	yy_7	yy_7	7	-0.010652199663096704
sub-04	meta_metaphor	meta_R_temporal_pole	yy	YY	word_label	yy_11	yy_11	11	0.1432912487891018
sub-04	meta_metaphor	meta_R_temporal_pole	yy	YY	word_label	yy_36	yy_36	36	-0.0011651007113137205
sub-04	meta_metaphor	meta_R_temporal_pole	yy	YY	word_label	yy_21	yy_21	21	-0.2641910727554225
sub-04	meta_metaphor	meta_R_temporal_pole	yy	YY	word_label	yy_22	yy_22	22	-0.3298914574980698
sub-04	meta_metaphor	meta_R_temporal_pole	yy	YY	word_label	yy_38	yy_38	38	-0.026236851372714132
sub-04	meta_metaphor	meta_R_temporal_pole	yy	YY	word_label	yy_2	yy_2	2	0.0845197256480335
sub-04	meta_metaphor	meta_R_temporal_pole	yy	YY	word_label	yy_39	yy_39	39	-0.5652303896276326
sub-04	meta_metaphor	meta_R_temporal_pole	yy	YY	word_label	yy_10	yy_10	10	-0.20847767555533459
sub-04	meta_metaphor	meta_R_temporal_pole	kj	KJ	word_label	kj_38	kj_38	38	-0.17464134170536547
sub-04	meta_metaphor	meta_R_temporal_pole	kj	KJ	word_label	kj_30	kj_30	30	-0.03334251353365813
sub-04	meta_metaphor	meta_R_temporal_pole	kj	KJ	word_label	kj_34	kj_34	34	-0.12868149852360916
sub-04	meta_metaphor	meta_R_temporal_pole	kj	KJ	word_label	kj_17	kj_17	17	0.4062001208399571
sub-04	meta_metaphor	meta_R_temporal_pole	kj	KJ	word_label	kj_8	kj_8	8	-0.4783754135537212
sub-04	meta_metaphor	meta_R_temporal_pole	kj	KJ	word_label	kj_22	kj_22	22	-0.10775219582200776
sub-04	meta_metaphor	meta_R_temporal_pole	kj	KJ	word_label	kj_12	kj_12	12	-0.0681077879949491
sub-04	meta_metaphor	meta_R_temporal_pole	kj	KJ	word_label	kj_13	kj_13	13	0.015370128220585007
sub-04	meta_metaphor	meta_R_temporal_pole	kj	KJ	word_label	kj_28	kj_28	28	0.22911954285910865
sub-04	meta_metaphor	meta_R_temporal_pole	kj	KJ	word_label	kj_11	kj_11	11	-0.15226537356226816
sub-04	meta_metaphor	meta_R_temporal_pole	kj	KJ	word_label	kj_19	kj_19	19	0.25835276755627457
sub-04	meta_metaphor	meta_R_temporal_pole	kj	KJ	word_label	kj_27	kj_27	27	-0.04033998956944773
sub-04	meta_metaphor	meta_R_temporal_pole	kj	KJ	word_label	kj_9	kj_9	9	-0.046947718205073
sub-04	meta_metaphor	meta_R_temporal_pole	kj	KJ	word_label	kj_5	kj_5	5	0.06285383841934895
sub-04	meta_metaphor	meta_R_temporal_pole	kj	KJ	word_label	kj_16	kj_16	16	0.2723375124588242
sub-04	meta_metaphor	meta_R_temporal_pole	kj	KJ	word_label	kj_36	kj_36	36	-0.08525280969543779
sub-04	meta_metaphor	meta_R_temporal_pole	kj	KJ	word_label	kj_25	kj_25	25	0.37605657650247604
sub-04	meta_metaphor	meta_R_temporal_pole	kj	KJ	word_label	kj_6	kj_6	6	0.16813064635228808
sub-04	meta_metaphor	meta_R_temporal_pole	kj	KJ	word_label	kj_33	kj_33	33	0.11598178562555726
sub-04	meta_metaphor	meta_R_temporal_pole	kj	KJ	word_label	kj_23	kj_23	23	0.11263475201241112
sub-04	meta_metaphor	meta_R_temporal_pole	kj	KJ	word_label	kj_39	kj_39	39	-0.3189848037525906
sub-04	meta_metaphor	meta_R_temporal_pole	kj	KJ	word_label	kj_15	kj_15	15	-0.028701927524383098
sub-04	meta_metaphor	meta_R_temporal_pole	kj	KJ	word_label	kj_31	kj_31	31	-0.10052759995322656
sub-04	meta_metaphor	meta_R_temporal_pole	kj	KJ	word_label	kj_24	kj_24	24	0.09803636891106092
sub-04	meta_metaphor	meta_R_temporal_pole	kj	KJ	word_label	kj_26	kj_26	26	0.27099219598377833
sub-04	meta_metaphor	meta_R_temporal_pole	kj	KJ	word_label	kj_29	kj_29	29	0.0798122211873252
sub-04	meta_metaphor	meta_R_temporal_pole	kj	KJ	word_label	kj_2	kj_2	2	-0.22230474193861546
sub-04	meta_metaphor	meta_R_temporal_pole	kj	KJ	word_label	kj_14	kj_14	14	-0.31917172065393545
sub-04	meta_metaphor	meta_R_temporal_pole	kj	KJ	word_label	kj_37	kj_37	37	0.1336320651914615
sub-04	meta_metaphor	meta_R_temporal_pole	kj	KJ	word_label	kj_1	kj_1	1	-0.20355600261520043
sub-04	meta_metaphor	meta_R_temporal_pole	kj	KJ	word_label	kj_20	kj_20	20	-0.017135455706336365
sub-04	meta_metaphor	meta_R_temporal_pole	kj	KJ	word_label	kj_7	kj_7	7	0.30743010231435797
sub-04	meta_metaphor	meta_R_temporal_pole	kj	KJ	word_label	kj_10	kj_10	10	0.11906288342015785
sub-04	meta_metaphor	meta_R_temporal_pole	kj	KJ	word_label	kj_21	kj_21	21	-0.2401643098422219
sub-04	meta_metaphor	meta_R_temporal_pole	kj	KJ	word_label	kj_3	kj_3	3	-0.33862967076441136
sub-05	meta_metaphor	meta_L_AG	yy	YY	word_label	yy_23	yy_23	23	0.6334095032728009
sub-05	meta_metaphor	meta_L_AG	yy	YY	word_label	yy_11	yy_11	11	0.35146721844956347
sub-05	meta_metaphor	meta_L_AG	yy	YY	word_label	yy_17	yy_17	17	-0.049987826215588706
sub-05	meta_metaphor	meta_L_AG	yy	YY	word_label	yy_3	yy_3	3	0.09962537555055093
sub-05	meta_metaphor	meta_L_AG	yy	YY	word_label	yy_22	yy_22	22	0.08358019948148779
sub-05	meta_metaphor	meta_L_AG	yy	YY	word_label	yy_15	yy_15	15	0.34340523665150696
sub-05	meta_metaphor	meta_L_AG	yy	YY	word_label	yy_38	yy_38	38	-0.1138963553888589
sub-05	meta_metaphor	meta_L_AG	yy	YY	word_label	yy_2	yy_2	2	0.10983157526005002
sub-05	meta_metaphor	meta_L_AG	yy	YY	word_label	yy_29	yy_29	29	0.011368436884262772
sub-05	meta_metaphor	meta_L_AG	yy	YY	word_label	yy_26	yy_26	26	-0.5602639826471979
sub-05	meta_metaphor	meta_L_AG	yy	YY	word_label	yy_12	yy_12	12	0.6035017509954321
sub-05	meta_metaphor	meta_L_AG	yy	YY	word_label	yy_4	yy_4	4	0.2947554880036046
sub-05	meta_metaphor	meta_L_AG	yy	YY	word_label	yy_27	yy_27	27	0.19311549352387247
sub-05	meta_metaphor	meta_L_AG	yy	YY	word_label	yy_8	yy_8	8	0.6779441692450724
sub-05	meta_metaphor	meta_L_AG	yy	YY	word_label	yy_36	yy_36	36	-0.025732460076743978
sub-05	meta_metaphor	meta_L_AG	yy	YY	word_label	yy_35	yy_35	35	-0.4037721401270741
sub-05	meta_metaphor	meta_L_AG	yy	YY	word_label	yy_10	yy_10	10	0.17873263497310687
sub-05	meta_metaphor	meta_L_AG	yy	YY	word_label	yy_14	yy_14	14	0.6856190069411466
sub-05	meta_metaphor	meta_L_AG	yy	YY	word_label	yy_40	yy_40	40	0.12921702781405942
sub-05	meta_metaphor	meta_L_AG	yy	YY	word_label	yy_39	yy_39	39	-0.675805421502077
sub-05	meta_metaphor	meta_L_AG	yy	YY	word_label	yy_9	yy_9	9	0.6733416863678595
sub-05	meta_metaphor	meta_L_AG	yy	YY	word_label	yy_37	yy_37	37	0.2109990437095659
sub-05	meta_metaphor	meta_L_AG	yy	YY	word_label	yy_13	yy_13	13	0.4445426882937821
sub-05	meta_metaphor	meta_L_AG	yy	YY	word_label	yy_7	yy_7	7	0.5053488519922513
sub-05	meta_metaphor	meta_L_AG	yy	YY	word_label	yy_16	yy_16	16	0.5316358214720722
sub-05	meta_metaphor	meta_L_AG	yy	YY	word_label	yy_24	yy_24	24	0.3163689975495975
sub-05	meta_metaphor	meta_L_AG	yy	YY	word_label	yy_18	yy_18	18	0.576235589478804
sub-05	meta_metaphor	meta_L_AG	yy	YY	word_label	yy_1	yy_1	1	0.5356916905650795
sub-05	meta_metaphor	meta_L_AG	yy	YY	word_label	yy_21	yy_21	21	0.4361957802133791
sub-05	meta_metaphor	meta_L_AG	yy	YY	word_label	yy_19	yy_19	19	0.6136874990907274
sub-05	meta_metaphor	meta_L_AG	yy	YY	word_label	yy_33	yy_33	33	0.16371109909776127
sub-05	meta_metaphor	meta_L_AG	yy	YY	word_label	yy_5	yy_5	5	0.27240073292240685
sub-05	meta_metaphor	meta_L_AG	yy	YY	word_label	yy_32	yy_32	32	0.6178273405832897
sub-05	meta_metaphor	meta_L_AG	yy	YY	word_label	yy_28	yy_28	28	0.5224000041055309
sub-05	meta_metaphor	meta_L_AG	yy	YY	word_label	yy_6	yy_6	6	0.38433028758744364
sub-05	meta_metaphor	meta_L_AG	kj	KJ	word_label	kj_9	kj_9	9	0.7003152252116099
sub-05	meta_metaphor	meta_L_AG	kj	KJ	word_label	kj_10	kj_10	10	0.45647249732402967
sub-05	meta_metaphor	meta_L_AG	kj	KJ	word_label	kj_11	kj_11	11	0.35584260735538553
sub-05	meta_metaphor	meta_L_AG	kj	KJ	word_label	kj_16	kj_16	16	-0.15851153272401064
sub-05	meta_metaphor	meta_L_AG	kj	KJ	word_label	kj_24	kj_24	24	0.20192765564933185
sub-05	meta_metaphor	meta_L_AG	kj	KJ	word_label	kj_5	kj_5	5	-0.2963803112507744
sub-05	meta_metaphor	meta_L_AG	kj	KJ	word_label	kj_34	kj_34	34	0.5894250956041112
sub-05	meta_metaphor	meta_L_AG	kj	KJ	word_label	kj_30	kj_30	30	-0.0539049548053365
sub-05	meta_metaphor	meta_L_AG	kj	KJ	word_label	kj_23	kj_23	23	-0.6004356885657838
sub-05	meta_metaphor	meta_L_AG	kj	KJ	word_label	kj_25	kj_25	25	-0.2690694548553357
sub-05	meta_metaphor	meta_L_AG	kj	KJ	word_label	kj_14	kj_14	14	0.7357092959788981
sub-05	meta_metaphor	meta_L_AG	kj	KJ	word_label	kj_38	kj_38	38	0.3371328629155483
sub-05	meta_metaphor	meta_L_AG	kj	KJ	word_label	kj_7	kj_7	7	-0.2020967310040696
sub-05	meta_metaphor	meta_L_AG	kj	KJ	word_label	kj_6	kj_6	6	0.47046002377810003
sub-05	meta_metaphor	meta_L_AG	kj	KJ	word_label	kj_27	kj_27	27	0.6062917662715739
sub-05	meta_metaphor	meta_L_AG	kj	KJ	word_label	kj_20	kj_20	20	0.687221692377402
sub-05	meta_metaphor	meta_L_AG	kj	KJ	word_label	kj_26	kj_26	26	0.30891190502066246
sub-05	meta_metaphor	meta_L_AG	kj	KJ	word_label	kj_13	kj_13	13	0.6701047826092216
sub-05	meta_metaphor	meta_L_AG	kj	KJ	word_label	kj_21	kj_21	21	0.3534871092115509
sub-05	meta_metaphor	meta_L_AG	kj	KJ	word_label	kj_31	kj_31	31	0.1325753293302989
sub-05	meta_metaphor	meta_L_AG	kj	KJ	word_label	kj_33	kj_33	33	0.45504743609595183
sub-05	meta_metaphor	meta_L_AG	kj	KJ	word_label	kj_2	kj_2	2	-0.15357339346990972
sub-05	meta_metaphor	meta_L_AG	kj	KJ	word_label	kj_3	kj_3	3	-0.05582176848280067
sub-05	meta_metaphor	meta_L_AG	kj	KJ	word_label	kj_39	kj_39	39	-0.3238852357738828
sub-05	meta_metaphor	meta_L_AG	kj	KJ	word_label	kj_36	kj_36	36	-0.34119336133290445
sub-05	meta_metaphor	meta_L_AG	kj	KJ	word_label	kj_28	kj_28	28	0.7466010920269053
sub-05	meta_metaphor	meta_L_AG	kj	KJ	word_label	kj_8	kj_8	8	0.7527919524695225
sub-05	meta_metaphor	meta_L_AG	kj	KJ	word_label	kj_19	kj_19	19	0.4679097746276974
sub-05	meta_metaphor	meta_L_AG	kj	KJ	word_label	kj_37	kj_37	37	-0.1922798267724326
sub-05	meta_metaphor	meta_L_AG	kj	KJ	word_label	kj_17	kj_17	17	0.03721690889160024
sub-05	meta_metaphor	meta_L_AG	kj	KJ	word_label	kj_15	kj_15	15	0.11689457832859507
sub-05	meta_metaphor	meta_L_AG	kj	KJ	word_label	kj_22	kj_22	22	0.2291717878699131
sub-05	meta_metaphor	meta_L_AG	kj	KJ	word_label	kj_1	kj_1	1	0.19837032798668452
sub-05	meta_metaphor	meta_L_AG	kj	KJ	word_label	kj_12	kj_12	12	0.6842773758221325
sub-05	meta_metaphor	meta_L_AG	kj	KJ	word_label	kj_29	kj_29	29	0.44193509254552515
sub-05	meta_metaphor	meta_L_IFG	yy	YY	word_label	yy_23	yy_23	23	-0.13208478972461987
sub-05	meta_metaphor	meta_L_IFG	yy	YY	word_label	yy_11	yy_11	11	-0.00031075900792777933
sub-05	meta_metaphor	meta_L_IFG	yy	YY	word_label	yy_17	yy_17	17	0.14273066715780078
sub-05	meta_metaphor	meta_L_IFG	yy	YY	word_label	yy_3	yy_3	3	0.22382326508218253
sub-05	meta_metaphor	meta_L_IFG	yy	YY	word_label	yy_22	yy_22	22	-0.39736775106201766
sub-05	meta_metaphor	meta_L_IFG	yy	YY	word_label	yy_15	yy_15	15	0.4189579166433476
sub-05	meta_metaphor	meta_L_IFG	yy	YY	word_label	yy_38	yy_38	38	-0.20483210045339206
sub-05	meta_metaphor	meta_L_IFG	yy	YY	word_label	yy_2	yy_2	2	0.1032612660883163
sub-05	meta_metaphor	meta_L_IFG	yy	YY	word_label	yy_29	yy_29	29	0.12975371514265063
sub-05	meta_metaphor	meta_L_IFG	yy	YY	word_label	yy_26	yy_26	26	-0.3209005682881049
sub-05	meta_metaphor	meta_L_IFG	yy	YY	word_label	yy_12	yy_12	12	0.4897427638925395
sub-05	meta_metaphor	meta_L_IFG	yy	YY	word_label	yy_4	yy_4	4	-0.13185227045602552
sub-05	meta_metaphor	meta_L_IFG	yy	YY	word_label	yy_27	yy_27	27	0.028170305095081647
sub-05	meta_metaphor	meta_L_IFG	yy	YY	word_label	yy_8	yy_8	8	0.19343875672619645
sub-05	meta_metaphor	meta_L_IFG	yy	YY	word_label	yy_36	yy_36	36	-0.5423839011665412
sub-05	meta_metaphor	meta_L_IFG	yy	YY	word_label	yy_35	yy_35	35	-0.1657758273239603
sub-05	meta_metaphor	meta_L_IFG	yy	YY	word_label	yy_10	yy_10	10	0.288464723052957
sub-05	meta_metaphor	meta_L_IFG	yy	YY	word_label	yy_14	yy_14	14	0.2018317681476777
sub-05	meta_metaphor	meta_L_IFG	yy	YY	word_label	yy_40	yy_40	40	-0.15281593133204527
sub-05	meta_metaphor	meta_L_IFG	yy	YY	word_label	yy_39	yy_39	39	-0.6394439533076524
sub-05	meta_metaphor	meta_L_IFG	yy	YY	word_label	yy_9	yy_9	9	0.04258387063515313
sub-05	meta_metaphor	meta_L_IFG	yy	YY	word_label	yy_37	yy_37	37	0.5027801465578782
sub-05	meta_metaphor	meta_L_IFG	yy	YY	word_label	yy_13	yy_13	13	0.3612379245706533
sub-05	meta_metaphor	meta_L_IFG	yy	YY	word_label	yy_7	yy_7	7	0.646837365054175
sub-05	meta_metaphor	meta_L_IFG	yy	YY	word_label	yy_16	yy_16	16	0.6294560868891654
sub-05	meta_metaphor	meta_L_IFG	yy	YY	word_label	yy_24	yy_24	24	-0.09962141243617871
sub-05	meta_metaphor	meta_L_IFG	yy	YY	word_label	yy_18	yy_18	18	0.492377022239978
sub-05	meta_metaphor	meta_L_IFG	yy	YY	word_label	yy_1	yy_1	1	0.311870529640083
sub-05	meta_metaphor	meta_L_IFG	yy	YY	word_label	yy_21	yy_21	21	0.5445463375612924
sub-05	meta_metaphor	meta_L_IFG	yy	YY	word_label	yy_19	yy_19	19	0.4890402030987423
sub-05	meta_metaphor	meta_L_IFG	yy	YY	word_label	yy_33	yy_33	33	0.296919770851739
sub-05	meta_metaphor	meta_L_IFG	yy	YY	word_label	yy_5	yy_5	5	-0.17533069513270969
sub-05	meta_metaphor	meta_L_IFG	yy	YY	word_label	yy_32	yy_32	32	0.5749140334070273
sub-05	meta_metaphor	meta_L_IFG	yy	YY	word_label	yy_28	yy_28	28	0.5065460770523699
sub-05	meta_metaphor	meta_L_IFG	yy	YY	word_label	yy_6	yy_6	6	0.6167543177860004
sub-05	meta_metaphor	meta_L_IFG	kj	KJ	word_label	kj_9	kj_9	9	0.7748217849497993
sub-05	meta_metaphor	meta_L_IFG	kj	KJ	word_label	kj_10	kj_10	10	0.5212708136017128
sub-05	meta_metaphor	meta_L_IFG	kj	KJ	word_label	kj_11	kj_11	11	0.13699197809289948
sub-05	meta_metaphor	meta_L_IFG	kj	KJ	word_label	kj_16	kj_16	16	-0.2941816492657492
sub-05	meta_metaphor	meta_L_IFG	kj	KJ	word_label	kj_24	kj_24	24	0.08120054550549755
sub-05	meta_metaphor	meta_L_IFG	kj	KJ	word_label	kj_5	kj_5	5	-0.28865916491185156
sub-05	meta_metaphor	meta_L_IFG	kj	KJ	word_label	kj_34	kj_34	34	0.3976040855739301
sub-05	meta_metaphor	meta_L_IFG	kj	KJ	word_label	kj_30	kj_30	30	-0.16349981580615108
sub-05	meta_metaphor	meta_L_IFG	kj	KJ	word_label	kj_23	kj_23	23	-0.5668034289582079
sub-05	meta_metaphor	meta_L_IFG	kj	KJ	word_label	kj_25	kj_25	25	0.06635401881513944
sub-05	meta_metaphor	meta_L_IFG	kj	KJ	word_label	kj_14	kj_14	14	0.46238967098667133
sub-05	meta_metaphor	meta_L_IFG	kj	KJ	word_label	kj_38	kj_38	38	0.09979264582264345
sub-05	meta_metaphor	meta_L_IFG	kj	KJ	word_label	kj_7	kj_7	7	-0.1780076282161432
sub-05	meta_metaphor	meta_L_IFG	kj	KJ	word_label	kj_6	kj_6	6	0.24510606859068423
sub-05	meta_metaphor	meta_L_IFG	kj	KJ	word_label	kj_27	kj_27	27	0.4002304652298407
sub-05	meta_metaphor	meta_L_IFG	kj	KJ	word_label	kj_20	kj_20	20	0.21174524832986766
sub-05	meta_metaphor	meta_L_IFG	kj	KJ	word_label	kj_26	kj_26	26	0.33304171824075324
sub-05	meta_metaphor	meta_L_IFG	kj	KJ	word_label	kj_13	kj_13	13	0.5850121248575584
sub-05	meta_metaphor	meta_L_IFG	kj	KJ	word_label	kj_21	kj_21	21	0.5033481106333413
sub-05	meta_metaphor	meta_L_IFG	kj	KJ	word_label	kj_31	kj_31	31	-0.08557522717669017
sub-05	meta_metaphor	meta_L_IFG	kj	KJ	word_label	kj_33	kj_33	33	0.40661273823402094
sub-05	meta_metaphor	meta_L_IFG	kj	KJ	word_label	kj_2	kj_2	2	0.2623439989923146
sub-05	meta_metaphor	meta_L_IFG	kj	KJ	word_label	kj_3	kj_3	3	-0.08739688637412664
sub-05	meta_metaphor	meta_L_IFG	kj	KJ	word_label	kj_39	kj_39	39	-0.26190579088234744
sub-05	meta_metaphor	meta_L_IFG	kj	KJ	word_label	kj_36	kj_36	36	0.6183227676537042
sub-05	meta_metaphor	meta_L_IFG	kj	KJ	word_label	kj_28	kj_28	28	0.5004253493918138
sub-05	meta_metaphor	meta_L_IFG	kj	KJ	word_label	kj_8	kj_8	8	0.6789977803458952
sub-05	meta_metaphor	meta_L_IFG	kj	KJ	word_label	kj_19	kj_19	19	-0.15542644797930774
sub-05	meta_metaphor	meta_L_IFG	kj	KJ	word_label	kj_37	kj_37	37	-0.03452871536525151
sub-05	meta_metaphor	meta_L_IFG	kj	KJ	word_label	kj_17	kj_17	17	0.15666611080013593
sub-05	meta_metaphor	meta_L_IFG	kj	KJ	word_label	kj_15	kj_15	15	0.6243897774174046
sub-05	meta_metaphor	meta_L_IFG	kj	KJ	word_label	kj_22	kj_22	22	0.06399306589555287
sub-05	meta_metaphor	meta_L_IFG	kj	KJ	word_label	kj_1	kj_1	1	0.15369937011815682
sub-05	meta_metaphor	meta_L_IFG	kj	KJ	word_label	kj_12	kj_12	12	0.6562215413250319
sub-05	meta_metaphor	meta_L_IFG	kj	KJ	word_label	kj_29	kj_29	29	0.4791473571458119
sub-05	meta_metaphor	meta_L_pMTG_pSTS	yy	YY	word_label	yy_23	yy_23	23	0.13024768937430334
sub-05	meta_metaphor	meta_L_pMTG_pSTS	yy	YY	word_label	yy_11	yy_11	11	0.4229204212576431
sub-05	meta_metaphor	meta_L_pMTG_pSTS	yy	YY	word_label	yy_17	yy_17	17	0.29331545383032176
sub-05	meta_metaphor	meta_L_pMTG_pSTS	yy	YY	word_label	yy_3	yy_3	3	0.21085046119220163
sub-05	meta_metaphor	meta_L_pMTG_pSTS	yy	YY	word_label	yy_22	yy_22	22	-0.4034671325780174
sub-05	meta_metaphor	meta_L_pMTG_pSTS	yy	YY	word_label	yy_15	yy_15	15	0.18653431534065795
sub-05	meta_metaphor	meta_L_pMTG_pSTS	yy	YY	word_label	yy_38	yy_38	38	0.38640733004759675
sub-05	meta_metaphor	meta_L_pMTG_pSTS	yy	YY	word_label	yy_2	yy_2	2	0.018052520720278492
sub-05	meta_metaphor	meta_L_pMTG_pSTS	yy	YY	word_label	yy_29	yy_29	29	0.32246119182118693
sub-05	meta_metaphor	meta_L_pMTG_pSTS	yy	YY	word_label	yy_26	yy_26	26	-0.6422298517633525
sub-05	meta_metaphor	meta_L_pMTG_pSTS	yy	YY	word_label	yy_12	yy_12	12	0.3785638148648492
sub-05	meta_metaphor	meta_L_pMTG_pSTS	yy	YY	word_label	yy_4	yy_4	4	-0.28608939197730665
sub-05	meta_metaphor	meta_L_pMTG_pSTS	yy	YY	word_label	yy_27	yy_27	27	-0.2616191523144831
sub-05	meta_metaphor	meta_L_pMTG_pSTS	yy	YY	word_label	yy_8	yy_8	8	0.3960628873354684
sub-05	meta_metaphor	meta_L_pMTG_pSTS	yy	YY	word_label	yy_36	yy_36	36	-0.2958683290084383
sub-05	meta_metaphor	meta_L_pMTG_pSTS	yy	YY	word_label	yy_35	yy_35	35	-0.4827744212015217
sub-05	meta_metaphor	meta_L_pMTG_pSTS	yy	YY	word_label	yy_10	yy_10	10	0.31596128690457304
sub-05	meta_metaphor	meta_L_pMTG_pSTS	yy	YY	word_label	yy_14	yy_14	14	0.1480599391850183
sub-05	meta_metaphor	meta_L_pMTG_pSTS	yy	YY	word_label	yy_40	yy_40	40	0.26896687255300145
sub-05	meta_metaphor	meta_L_pMTG_pSTS	yy	YY	word_label	yy_39	yy_39	39	-0.18833773333175216
sub-05	meta_metaphor	meta_L_pMTG_pSTS	yy	YY	word_label	yy_9	yy_9	9	-0.20448840880531904
sub-05	meta_metaphor	meta_L_pMTG_pSTS	yy	YY	word_label	yy_37	yy_37	37	0.38432903848938044
sub-05	meta_metaphor	meta_L_pMTG_pSTS	yy	YY	word_label	yy_13	yy_13	13	0.4200037391302268
sub-05	meta_metaphor	meta_L_pMTG_pSTS	yy	YY	word_label	yy_7	yy_7	7	-0.09788914782097416
sub-05	meta_metaphor	meta_L_pMTG_pSTS	yy	YY	word_label	yy_16	yy_16	16	0.6376430722180814
sub-05	meta_metaphor	meta_L_pMTG_pSTS	yy	YY	word_label	yy_24	yy_24	24	0.013705059436361763
sub-05	meta_metaphor	meta_L_pMTG_pSTS	yy	YY	word_label	yy_18	yy_18	18	0.037505003592132366
sub-05	meta_metaphor	meta_L_pMTG_pSTS	yy	YY	word_label	yy_1	yy_1	1	0.42639566407880203
sub-05	meta_metaphor	meta_L_pMTG_pSTS	yy	YY	word_label	yy_21	yy_21	21	-0.031472652489294525
sub-05	meta_metaphor	meta_L_pMTG_pSTS	yy	YY	word_label	yy_19	yy_19	19	-0.09422749573794281
sub-05	meta_metaphor	meta_L_pMTG_pSTS	yy	YY	word_label	yy_33	yy_33	33	-0.357591312970803
sub-05	meta_metaphor	meta_L_pMTG_pSTS	yy	YY	word_label	yy_5	yy_5	5	0.22232675768091412
sub-05	meta_metaphor	meta_L_pMTG_pSTS	yy	YY	word_label	yy_32	yy_32	32	0.1194701605513822
sub-05	meta_metaphor	meta_L_pMTG_pSTS	yy	YY	word_label	yy_28	yy_28	28	0.1535523653560444
sub-05	meta_metaphor	meta_L_pMTG_pSTS	yy	YY	word_label	yy_6	yy_6	6	0.4559636703160372
sub-05	meta_metaphor	meta_L_pMTG_pSTS	kj	KJ	word_label	kj_9	kj_9	9	0.44722394345050215
sub-05	meta_metaphor	meta_L_pMTG_pSTS	kj	KJ	word_label	kj_10	kj_10	10	-0.1395096497517634
sub-05	meta_metaphor	meta_L_pMTG_pSTS	kj	KJ	word_label	kj_11	kj_11	11	-0.04730678871792551
sub-05	meta_metaphor	meta_L_pMTG_pSTS	kj	KJ	word_label	kj_16	kj_16	16	0.22586790658811734
sub-05	meta_metaphor	meta_L_pMTG_pSTS	kj	KJ	word_label	kj_24	kj_24	24	-0.018360153351481546
sub-05	meta_metaphor	meta_L_pMTG_pSTS	kj	KJ	word_label	kj_5	kj_5	5	-0.3183350537790687
sub-05	meta_metaphor	meta_L_pMTG_pSTS	kj	KJ	word_label	kj_34	kj_34	34	0.3862961674215351
sub-05	meta_metaphor	meta_L_pMTG_pSTS	kj	KJ	word_label	kj_30	kj_30	30	-0.3734450361489222
sub-05	meta_metaphor	meta_L_pMTG_pSTS	kj	KJ	word_label	kj_23	kj_23	23	-0.19641647714911073
sub-05	meta_metaphor	meta_L_pMTG_pSTS	kj	KJ	word_label	kj_25	kj_25	25	-0.16517661456348603
sub-05	meta_metaphor	meta_L_pMTG_pSTS	kj	KJ	word_label	kj_14	kj_14	14	0.561560639716983
sub-05	meta_metaphor	meta_L_pMTG_pSTS	kj	KJ	word_label	kj_38	kj_38	38	-0.2887656240397922
sub-05	meta_metaphor	meta_L_pMTG_pSTS	kj	KJ	word_label	kj_7	kj_7	7	0.35290920337459497
sub-05	meta_metaphor	meta_L_pMTG_pSTS	kj	KJ	word_label	kj_6	kj_6	6	0.3666479815632325
sub-05	meta_metaphor	meta_L_pMTG_pSTS	kj	KJ	word_label	kj_27	kj_27	27	-0.03317770838192174
sub-05	meta_metaphor	meta_L_pMTG_pSTS	kj	KJ	word_label	kj_20	kj_20	20	-0.2975240449273396
sub-05	meta_metaphor	meta_L_pMTG_pSTS	kj	KJ	word_label	kj_26	kj_26	26	0.32064070704175063
sub-05	meta_metaphor	meta_L_pMTG_pSTS	kj	KJ	word_label	kj_13	kj_13	13	0.16792842350306023
sub-05	meta_metaphor	meta_L_pMTG_pSTS	kj	KJ	word_label	kj_21	kj_21	21	-0.049642785875678205
sub-05	meta_metaphor	meta_L_pMTG_pSTS	kj	KJ	word_label	kj_31	kj_31	31	0.5992987881458673
sub-05	meta_metaphor	meta_L_pMTG_pSTS	kj	KJ	word_label	kj_33	kj_33	33	0.22263426606441147
sub-05	meta_metaphor	meta_L_pMTG_pSTS	kj	KJ	word_label	kj_2	kj_2	2	-0.18382796887696978
sub-05	meta_metaphor	meta_L_pMTG_pSTS	kj	KJ	word_label	kj_3	kj_3	3	-0.17273827119450544
sub-05	meta_metaphor	meta_L_pMTG_pSTS	kj	KJ	word_label	kj_39	kj_39	39	0.19569342757110209
sub-05	meta_metaphor	meta_L_pMTG_pSTS	kj	KJ	word_label	kj_36	kj_36	36	-0.010729965031887802
sub-05	meta_metaphor	meta_L_pMTG_pSTS	kj	KJ	word_label	kj_28	kj_28	28	0.008241554594080302
sub-05	meta_metaphor	meta_L_pMTG_pSTS	kj	KJ	word_label	kj_8	kj_8	8	0.4641087748245079
sub-05	meta_metaphor	meta_L_pMTG_pSTS	kj	KJ	word_label	kj_19	kj_19	19	0.000915820271592404
sub-05	meta_metaphor	meta_L_pMTG_pSTS	kj	KJ	word_label	kj_37	kj_37	37	0.05870997772772338
sub-05	meta_metaphor	meta_L_pMTG_pSTS	kj	KJ	word_label	kj_17	kj_17	17	-0.22382746137516002
sub-05	meta_metaphor	meta_L_pMTG_pSTS	kj	KJ	word_label	kj_15	kj_15	15	0.18399812492883888
sub-05	meta_metaphor	meta_L_pMTG_pSTS	kj	KJ	word_label	kj_22	kj_22	22	-0.17926442726504174
sub-05	meta_metaphor	meta_L_pMTG_pSTS	kj	KJ	word_label	kj_1	kj_1	1	0.06584525743086159
sub-05	meta_metaphor	meta_L_pMTG_pSTS	kj	KJ	word_label	kj_12	kj_12	12	0.37250633710447617
sub-05	meta_metaphor	meta_L_pMTG_pSTS	kj	KJ	word_label	kj_29	kj_29	29	0.4258658153533708
sub-05	meta_metaphor	meta_L_temporal_pole	yy	YY	word_label	yy_23	yy_23	23	-0.23116640318492818
sub-05	meta_metaphor	meta_L_temporal_pole	yy	YY	word_label	yy_11	yy_11	11	-0.23681857624704195
sub-05	meta_metaphor	meta_L_temporal_pole	yy	YY	word_label	yy_17	yy_17	17	-0.06013331628270438
sub-05	meta_metaphor	meta_L_temporal_pole	yy	YY	word_label	yy_3	yy_3	3	0.03356946694273176
sub-05	meta_metaphor	meta_L_temporal_pole	yy	YY	word_label	yy_22	yy_22	22	-0.02439228420873471
sub-05	meta_metaphor	meta_L_temporal_pole	yy	YY	word_label	yy_15	yy_15	15	-0.04778640490736685
sub-05	meta_metaphor	meta_L_temporal_pole	yy	YY	word_label	yy_38	yy_38	38	0.07883775817991748
sub-05	meta_metaphor	meta_L_temporal_pole	yy	YY	word_label	yy_2	yy_2	2	0.06772018728602179
sub-05	meta_metaphor	meta_L_temporal_pole	yy	YY	word_label	yy_29	yy_29	29	0.11845014164425796
sub-05	meta_metaphor	meta_L_temporal_pole	yy	YY	word_label	yy_26	yy_26	26	-0.06171192935533048
sub-05	meta_metaphor	meta_L_temporal_pole	yy	YY	word_label	yy_12	yy_12	12	0.1285976321337591
sub-05	meta_metaphor	meta_L_temporal_pole	yy	YY	word_label	yy_4	yy_4	4	-0.07894951714031202
sub-05	meta_metaphor	meta_L_temporal_pole	yy	YY	word_label	yy_27	yy_27	27	0.36117491970284715
sub-05	meta_metaphor	meta_L_temporal_pole	yy	YY	word_label	yy_8	yy_8	8	0.01787427282850112
sub-05	meta_metaphor	meta_L_temporal_pole	yy	YY	word_label	yy_36	yy_36	36	0.09254164861193336
sub-05	meta_metaphor	meta_L_temporal_pole	yy	YY	word_label	yy_35	yy_35	35	-0.06569962908693798
sub-05	meta_metaphor	meta_L_temporal_pole	yy	YY	word_label	yy_10	yy_10	10	0.24698141121810563
sub-05	meta_metaphor	meta_L_temporal_pole	yy	YY	word_label	yy_14	yy_14	14	0.060058063952603734
sub-05	meta_metaphor	meta_L_temporal_pole	yy	YY	word_label	yy_40	yy_40	40	0.12259432135805251
sub-05	meta_metaphor	meta_L_temporal_pole	yy	YY	word_label	yy_39	yy_39	39	-0.026806313550605088
sub-05	meta_metaphor	meta_L_temporal_pole	yy	YY	word_label	yy_9	yy_9	9	0.08129166740954773
sub-05	meta_metaphor	meta_L_temporal_pole	yy	YY	word_label	yy_37	yy_37	37	-0.1588192292022096
sub-05	meta_metaphor	meta_L_temporal_pole	yy	YY	word_label	yy_13	yy_13	13	0.32083569592756217
sub-05	meta_metaphor	meta_L_temporal_pole	yy	YY	word_label	yy_7	yy_7	7	-0.16108719056399012
sub-05	meta_metaphor	meta_L_temporal_pole	yy	YY	word_label	yy_16	yy_16	16	0.1294541500009402
sub-05	meta_metaphor	meta_L_temporal_pole	yy	YY	word_label	yy_24	yy_24	24	-0.0675663608064287
sub-05	meta_metaphor	meta_L_temporal_pole	yy	YY	word_label	yy_18	yy_18	18	-0.1970458835298545
sub-05	meta_metaphor	meta_L_temporal_pole	yy	YY	word_label	yy_1	yy_1	1	-0.15222411122733998
sub-05	meta_metaphor	meta_L_temporal_pole	yy	YY	word_label	yy_21	yy_21	21	-0.21456696495205632
sub-05	meta_metaphor	meta_L_temporal_pole	yy	YY	word_label	yy_19	yy_19	19	-0.13381094285019446
sub-05	meta_metaphor	meta_L_temporal_pole	yy	YY	word_label	yy_33	yy_33	33	0.16267517831794123
sub-05	meta_metaphor	meta_L_temporal_pole	yy	YY	word_label	yy_5	yy_5	5	-0.0502843586782699
sub-05	meta_metaphor	meta_L_temporal_pole	yy	YY	word_label	yy_32	yy_32	32	-0.15624759054157786
sub-05	meta_metaphor	meta_L_temporal_pole	yy	YY	word_label	yy_28	yy_28	28	-0.10143092948979111
sub-05	meta_metaphor	meta_L_temporal_pole	yy	YY	word_label	yy_6	yy_6	6	0.3895771589873026
sub-05	meta_metaphor	meta_L_temporal_pole	kj	KJ	word_label	kj_9	kj_9	9	-0.002960184385079788
sub-05	meta_metaphor	meta_L_temporal_pole	kj	KJ	word_label	kj_10	kj_10	10	-0.006130045710782214
sub-05	meta_metaphor	meta_L_temporal_pole	kj	KJ	word_label	kj_11	kj_11	11	0.16222979744753638
sub-05	meta_metaphor	meta_L_temporal_pole	kj	KJ	word_label	kj_16	kj_16	16	0.40652883178768057
sub-05	meta_metaphor	meta_L_temporal_pole	kj	KJ	word_label	kj_24	kj_24	24	-0.049749728717334525
sub-05	meta_metaphor	meta_L_temporal_pole	kj	KJ	word_label	kj_5	kj_5	5	0.18259727529896316
sub-05	meta_metaphor	meta_L_temporal_pole	kj	KJ	word_label	kj_34	kj_34	34	0.008117119616914761
sub-05	meta_metaphor	meta_L_temporal_pole	kj	KJ	word_label	kj_30	kj_30	30	-0.10786351516007417
sub-05	meta_metaphor	meta_L_temporal_pole	kj	KJ	word_label	kj_23	kj_23	23	0.062310818317877034
sub-05	meta_metaphor	meta_L_temporal_pole	kj	KJ	word_label	kj_25	kj_25	25	0.21103417232684052
sub-05	meta_metaphor	meta_L_temporal_pole	kj	KJ	word_label	kj_14	kj_14	14	-0.15898937136152597
sub-05	meta_metaphor	meta_L_temporal_pole	kj	KJ	word_label	kj_38	kj_38	38	0.2538580797108317
sub-05	meta_metaphor	meta_L_temporal_pole	kj	KJ	word_label	kj_7	kj_7	7	-0.1576379096144087
sub-05	meta_metaphor	meta_L_temporal_pole	kj	KJ	word_label	kj_6	kj_6	6	0.012219985595690165
sub-05	meta_metaphor	meta_L_temporal_pole	kj	KJ	word_label	kj_27	kj_27	27	0.2844028465948564
sub-05	meta_metaphor	meta_L_temporal_pole	kj	KJ	word_label	kj_20	kj_20	20	-0.010252281677335716
sub-05	meta_metaphor	meta_L_temporal_pole	kj	KJ	word_label	kj_26	kj_26	26	0.6219113073058831
sub-05	meta_metaphor	meta_L_temporal_pole	kj	KJ	word_label	kj_13	kj_13	13	0.07698561809886187
sub-05	meta_metaphor	meta_L_temporal_pole	kj	KJ	word_label	kj_21	kj_21	21	0.5582357550374263
sub-05	meta_metaphor	meta_L_temporal_pole	kj	KJ	word_label	kj_31	kj_31	31	0.0897810637660399
sub-05	meta_metaphor	meta_L_temporal_pole	kj	KJ	word_label	kj_33	kj_33	33	-0.005442267905898077
sub-05	meta_metaphor	meta_L_temporal_pole	kj	KJ	word_label	kj_2	kj_2	2	0.062273622358126855
sub-05	meta_metaphor	meta_L_temporal_pole	kj	KJ	word_label	kj_3	kj_3	3	-0.054094376549028995
sub-05	meta_metaphor	meta_L_temporal_pole	kj	KJ	word_label	kj_39	kj_39	39	-0.058110785722382395
sub-05	meta_metaphor	meta_L_temporal_pole	kj	KJ	word_label	kj_36	kj_36	36	0.2657740341420404
sub-05	meta_metaphor	meta_L_temporal_pole	kj	KJ	word_label	kj_28	kj_28	28	0.23549665401087372
sub-05	meta_metaphor	meta_L_temporal_pole	kj	KJ	word_label	kj_8	kj_8	8	0.18859059001972414
sub-05	meta_metaphor	meta_L_temporal_pole	kj	KJ	word_label	kj_19	kj_19	19	-0.15607649007199606
sub-05	meta_metaphor	meta_L_temporal_pole	kj	KJ	word_label	kj_37	kj_37	37	0.12439037280863764
sub-05	meta_metaphor	meta_L_temporal_pole	kj	KJ	word_label	kj_17	kj_17	17	0.11570312039094253
sub-05	meta_metaphor	meta_L_temporal_pole	kj	KJ	word_label	kj_15	kj_15	15	0.19298763058096186
sub-05	meta_metaphor	meta_L_temporal_pole	kj	KJ	word_label	kj_22	kj_22	22	0.033349023545094204
sub-05	meta_metaphor	meta_L_temporal_pole	kj	KJ	word_label	kj_1	kj_1	1	0.5134184509664371
sub-05	meta_metaphor	meta_L_temporal_pole	kj	KJ	word_label	kj_12	kj_12	12	0.24545947251706993
sub-05	meta_metaphor	meta_L_temporal_pole	kj	KJ	word_label	kj_29	kj_29	29	-0.19350436879314664
sub-05	meta_metaphor	meta_R_AG	yy	YY	word_label	yy_23	yy_23	23	-0.6845997816402135
sub-05	meta_metaphor	meta_R_AG	yy	YY	word_label	yy_11	yy_11	11	0.3544604248686731
sub-05	meta_metaphor	meta_R_AG	yy	YY	word_label	yy_17	yy_17	17	-0.6765534568553208
sub-05	meta_metaphor	meta_R_AG	yy	YY	word_label	yy_3	yy_3	3	-0.16197645771890573
sub-05	meta_metaphor	meta_R_AG	yy	YY	word_label	yy_22	yy_22	22	0.26585083843025764
sub-05	meta_metaphor	meta_R_AG	yy	YY	word_label	yy_15	yy_15	15	-0.2808768493577988
sub-05	meta_metaphor	meta_R_AG	yy	YY	word_label	yy_38	yy_38	38	-0.05082267103281212
sub-05	meta_metaphor	meta_R_AG	yy	YY	word_label	yy_2	yy_2	2	0.2008165253211786
sub-05	meta_metaphor	meta_R_AG	yy	YY	word_label	yy_29	yy_29	29	-0.05212009630252629
sub-05	meta_metaphor	meta_R_AG	yy	YY	word_label	yy_26	yy_26	26	-0.3642186598524232
sub-05	meta_metaphor	meta_R_AG	yy	YY	word_label	yy_12	yy_12	12	0.5436996636274878
sub-05	meta_metaphor	meta_R_AG	yy	YY	word_label	yy_4	yy_4	4	0.6411558222491728
sub-05	meta_metaphor	meta_R_AG	yy	YY	word_label	yy_27	yy_27	27	-0.010983768293361361
sub-05	meta_metaphor	meta_R_AG	yy	YY	word_label	yy_8	yy_8	8	0.09977998523831481
sub-05	meta_metaphor	meta_R_AG	yy	YY	word_label	yy_36	yy_36	36	0.21697922791977914
sub-05	meta_metaphor	meta_R_AG	yy	YY	word_label	yy_35	yy_35	35	0.09265305479197725
sub-05	meta_metaphor	meta_R_AG	yy	YY	word_label	yy_10	yy_10	10	-0.5370143442464149
sub-05	meta_metaphor	meta_R_AG	yy	YY	word_label	yy_14	yy_14	14	0.6702071924484464
sub-05	meta_metaphor	meta_R_AG	yy	YY	word_label	yy_40	yy_40	40	0.012095536659939994
sub-05	meta_metaphor	meta_R_AG	yy	YY	word_label	yy_39	yy_39	39	0.18773977158174063
sub-05	meta_metaphor	meta_R_AG	yy	YY	word_label	yy_9	yy_9	9	0.44484851361120364
sub-05	meta_metaphor	meta_R_AG	yy	YY	word_label	yy_37	yy_37	37	0.6436207485758874
sub-05	meta_metaphor	meta_R_AG	yy	YY	word_label	yy_13	yy_13	13	0.2913053244041529
sub-05	meta_metaphor	meta_R_AG	yy	YY	word_label	yy_7	yy_7	7	0.3316193940022708
sub-05	meta_metaphor	meta_R_AG	yy	YY	word_label	yy_16	yy_16	16	-0.43790384723238185
sub-05	meta_metaphor	meta_R_AG	yy	YY	word_label	yy_24	yy_24	24	0.273017536136223
sub-05	meta_metaphor	meta_R_AG	yy	YY	word_label	yy_18	yy_18	18	0.07619029424514964
sub-05	meta_metaphor	meta_R_AG	yy	YY	word_label	yy_1	yy_1	1	-0.11310812461267868
sub-05	meta_metaphor	meta_R_AG	yy	YY	word_label	yy_21	yy_21	21	0.33464100408577463
sub-05	meta_metaphor	meta_R_AG	yy	YY	word_label	yy_19	yy_19	19	-0.1173299538739726
sub-05	meta_metaphor	meta_R_AG	yy	YY	word_label	yy_33	yy_33	33	0.16706815494872096
sub-05	meta_metaphor	meta_R_AG	yy	YY	word_label	yy_5	yy_5	5	-0.3039518041010059
sub-05	meta_metaphor	meta_R_AG	yy	YY	word_label	yy_32	yy_32	32	0.011452109834460437
sub-05	meta_metaphor	meta_R_AG	yy	YY	word_label	yy_28	yy_28	28	0.3480853678067762
sub-05	meta_metaphor	meta_R_AG	yy	YY	word_label	yy_6	yy_6	6	-0.0414050197343736
sub-05	meta_metaphor	meta_R_AG	kj	KJ	word_label	kj_9	kj_9	9	-0.07621295800264606
sub-05	meta_metaphor	meta_R_AG	kj	KJ	word_label	kj_10	kj_10	10	0.3971728843462393
sub-05	meta_metaphor	meta_R_AG	kj	KJ	word_label	kj_11	kj_11	11	0.11579675491640783
sub-05	meta_metaphor	meta_R_AG	kj	KJ	word_label	kj_16	kj_16	16	0.10769978884037604
sub-05	meta_metaphor	meta_R_AG	kj	KJ	word_label	kj_24	kj_24	24	-0.3640030825864235
sub-05	meta_metaphor	meta_R_AG	kj	KJ	word_label	kj_5	kj_5	5	0.3794232475418804
sub-05	meta_metaphor	meta_R_AG	kj	KJ	word_label	kj_34	kj_34	34	-0.625231604107213
sub-05	meta_metaphor	meta_R_AG	kj	KJ	word_label	kj_30	kj_30	30	-0.19410391985833975
sub-05	meta_metaphor	meta_R_AG	kj	KJ	word_label	kj_23	kj_23	23	0.14780839741492996
sub-05	meta_metaphor	meta_R_AG	kj	KJ	word_label	kj_25	kj_25	25	-0.1789883654572013
sub-05	meta_metaphor	meta_R_AG	kj	KJ	word_label	kj_14	kj_14	14	-0.14003178553674808
sub-05	meta_metaphor	meta_R_AG	kj	KJ	word_label	kj_38	kj_38	38	-0.32844610199063407
sub-05	meta_metaphor	meta_R_AG	kj	KJ	word_label	kj_7	kj_7	7	0.08110971703877762
sub-05	meta_metaphor	meta_R_AG	kj	KJ	word_label	kj_6	kj_6	6	0.2837176963394192
sub-05	meta_metaphor	meta_R_AG	kj	KJ	word_label	kj_27	kj_27	27	0.05068003948405122
sub-05	meta_metaphor	meta_R_AG	kj	KJ	word_label	kj_20	kj_20	20	-0.3433275872640053
sub-05	meta_metaphor	meta_R_AG	kj	KJ	word_label	kj_26	kj_26	26	-0.29760909869816543
sub-05	meta_metaphor	meta_R_AG	kj	KJ	word_label	kj_13	kj_13	13	0.05175930825328627
sub-05	meta_metaphor	meta_R_AG	kj	KJ	word_label	kj_21	kj_21	21	-0.24462513412000433
sub-05	meta_metaphor	meta_R_AG	kj	KJ	word_label	kj_31	kj_31	31	-0.2851759895453593
sub-05	meta_metaphor	meta_R_AG	kj	KJ	word_label	kj_33	kj_33	33	0.10905067494719359
sub-05	meta_metaphor	meta_R_AG	kj	KJ	word_label	kj_2	kj_2	2	0.46128358390565
sub-05	meta_metaphor	meta_R_AG	kj	KJ	word_label	kj_3	kj_3	3	-0.4028330416274727
sub-05	meta_metaphor	meta_R_AG	kj	KJ	word_label	kj_39	kj_39	39	0.3789776812319467
sub-05	meta_metaphor	meta_R_AG	kj	KJ	word_label	kj_36	kj_36	36	0.43644607219533244
sub-05	meta_metaphor	meta_R_AG	kj	KJ	word_label	kj_28	kj_28	28	-0.3680961708758923
sub-05	meta_metaphor	meta_R_AG	kj	KJ	word_label	kj_8	kj_8	8	0.1476090639111534
sub-05	meta_metaphor	meta_R_AG	kj	KJ	word_label	kj_19	kj_19	19	0.2496878485489768
sub-05	meta_metaphor	meta_R_AG	kj	KJ	word_label	kj_37	kj_37	37	-0.13788959114292282
sub-05	meta_metaphor	meta_R_AG	kj	KJ	word_label	kj_17	kj_17	17	0.16992323459855616
sub-05	meta_metaphor	meta_R_AG	kj	KJ	word_label	kj_15	kj_15	15	-0.30262667454985026
sub-05	meta_metaphor	meta_R_AG	kj	KJ	word_label	kj_22	kj_22	22	0.1058432505859667
sub-05	meta_metaphor	meta_R_AG	kj	KJ	word_label	kj_1	kj_1	1	0.27415297328216026
sub-05	meta_metaphor	meta_R_AG	kj	KJ	word_label	kj_12	kj_12	12	0.7307626356167595
sub-05	meta_metaphor	meta_R_AG	kj	KJ	word_label	kj_29	kj_29	29	0.40313087411351345
sub-05	meta_metaphor	meta_R_IFG	yy	YY	word_label	yy_23	yy_23	23	-0.2662275906096505
sub-05	meta_metaphor	meta_R_IFG	yy	YY	word_label	yy_11	yy_11	11	-0.3148904195240593
sub-05	meta_metaphor	meta_R_IFG	yy	YY	word_label	yy_17	yy_17	17	-0.5426440485616745
sub-05	meta_metaphor	meta_R_IFG	yy	YY	word_label	yy_3	yy_3	3	0.2800058508842068
sub-05	meta_metaphor	meta_R_IFG	yy	YY	word_label	yy_22	yy_22	22	-0.18604454495051492
sub-05	meta_metaphor	meta_R_IFG	yy	YY	word_label	yy_15	yy_15	15	-0.33543193924594017
sub-05	meta_metaphor	meta_R_IFG	yy	YY	word_label	yy_38	yy_38	38	-0.3423044069241469
sub-05	meta_metaphor	meta_R_IFG	yy	YY	word_label	yy_2	yy_2	2	-0.008157521513087247
sub-05	meta_metaphor	meta_R_IFG	yy	YY	word_label	yy_29	yy_29	29	0.33760986771127455
sub-05	meta_metaphor	meta_R_IFG	yy	YY	word_label	yy_26	yy_26	26	-0.22562231779029315
sub-05	meta_metaphor	meta_R_IFG	yy	YY	word_label	yy_12	yy_12	12	0.0012697033007724305
sub-05	meta_metaphor	meta_R_IFG	yy	YY	word_label	yy_4	yy_4	4	-0.3062205726164852
sub-05	meta_metaphor	meta_R_IFG	yy	YY	word_label	yy_27	yy_27	27	-0.49730065496896947
sub-05	meta_metaphor	meta_R_IFG	yy	YY	word_label	yy_8	yy_8	8	0.04015787094803978
sub-05	meta_metaphor	meta_R_IFG	yy	YY	word_label	yy_36	yy_36	36	0.5004130168598804
sub-05	meta_metaphor	meta_R_IFG	yy	YY	word_label	yy_35	yy_35	35	-0.3475429098216994
sub-05	meta_metaphor	meta_R_IFG	yy	YY	word_label	yy_10	yy_10	10	-0.2925040402292774
sub-05	meta_metaphor	meta_R_IFG	yy	YY	word_label	yy_14	yy_14	14	-0.14927015427906315
sub-05	meta_metaphor	meta_R_IFG	yy	YY	word_label	yy_40	yy_40	40	0.44039751074404565
sub-05	meta_metaphor	meta_R_IFG	yy	YY	word_label	yy_39	yy_39	39	0.34427716274267106
sub-05	meta_metaphor	meta_R_IFG	yy	YY	word_label	yy_9	yy_9	9	0.208779620195325
sub-05	meta_metaphor	meta_R_IFG	yy	YY	word_label	yy_37	yy_37	37	0.27642220136840434
sub-05	meta_metaphor	meta_R_IFG	yy	YY	word_label	yy_13	yy_13	13	-0.0783777583539109
sub-05	meta_metaphor	meta_R_IFG	yy	YY	word_label	yy_7	yy_7	7	0.2158790549335887
sub-05	meta_metaphor	meta_R_IFG	yy	YY	word_label	yy_16	yy_16	16	-0.5256450331517794
sub-05	meta_metaphor	meta_R_IFG	yy	YY	word_label	yy_24	yy_24	24	-0.05725522724797383
sub-05	meta_metaphor	meta_R_IFG	yy	YY	word_label	yy_18	yy_18	18	-0.3652860391732279
sub-05	meta_metaphor	meta_R_IFG	yy	YY	word_label	yy_1	yy_1	1	-0.09788308095375825
sub-05	meta_metaphor	meta_R_IFG	yy	YY	word_label	yy_21	yy_21	21	0.20725828548324238
sub-05	meta_metaphor	meta_R_IFG	yy	YY	word_label	yy_19	yy_19	19	0.0762337909027449
sub-05	meta_metaphor	meta_R_IFG	yy	YY	word_label	yy_33	yy_33	33	-0.795107727516917
sub-05	meta_metaphor	meta_R_IFG	yy	YY	word_label	yy_5	yy_5	5	-0.14598869126701813
sub-05	meta_metaphor	meta_R_IFG	yy	YY	word_label	yy_32	yy_32	32	0.3170065024949126
sub-05	meta_metaphor	meta_R_IFG	yy	YY	word_label	yy_28	yy_28	28	0.08487391522472958
sub-05	meta_metaphor	meta_R_IFG	yy	YY	word_label	yy_6	yy_6	6	-0.4003403351013005
sub-05	meta_metaphor	meta_R_IFG	kj	KJ	word_label	kj_9	kj_9	9	0.11671134040761207
sub-05	meta_metaphor	meta_R_IFG	kj	KJ	word_label	kj_10	kj_10	10	-0.21877589554156618
sub-05	meta_metaphor	meta_R_IFG	kj	KJ	word_label	kj_11	kj_11	11	-0.3800936244430227
sub-05	meta_metaphor	meta_R_IFG	kj	KJ	word_label	kj_16	kj_16	16	-0.16687967756882927
sub-05	meta_metaphor	meta_R_IFG	kj	KJ	word_label	kj_24	kj_24	24	0.13748147301251087
sub-05	meta_metaphor	meta_R_IFG	kj	KJ	word_label	kj_5	kj_5	5	-0.691001727333919
sub-05	meta_metaphor	meta_R_IFG	kj	KJ	word_label	kj_34	kj_34	34	0.5796705318336144
sub-05	meta_metaphor	meta_R_IFG	kj	KJ	word_label	kj_30	kj_30	30	-0.35417174418371394
sub-05	meta_metaphor	meta_R_IFG	kj	KJ	word_label	kj_23	kj_23	23	0.6346804639001592
sub-05	meta_metaphor	meta_R_IFG	kj	KJ	word_label	kj_25	kj_25	25	-0.2921863836462704
sub-05	meta_metaphor	meta_R_IFG	kj	KJ	word_label	kj_14	kj_14	14	-0.48202534933463886
sub-05	meta_metaphor	meta_R_IFG	kj	KJ	word_label	kj_38	kj_38	38	-0.8100937897185755
sub-05	meta_metaphor	meta_R_IFG	kj	KJ	word_label	kj_7	kj_7	7	0.3149946437955685
sub-05	meta_metaphor	meta_R_IFG	kj	KJ	word_label	kj_6	kj_6	6	0.24372182728785072
sub-05	meta_metaphor	meta_R_IFG	kj	KJ	word_label	kj_27	kj_27	27	0.2212253897372776
sub-05	meta_metaphor	meta_R_IFG	kj	KJ	word_label	kj_20	kj_20	20	-0.5867445878769605
sub-05	meta_metaphor	meta_R_IFG	kj	KJ	word_label	kj_26	kj_26	26	-0.11834400234843585
sub-05	meta_metaphor	meta_R_IFG	kj	KJ	word_label	kj_13	kj_13	13	0.26762218765929097
sub-05	meta_metaphor	meta_R_IFG	kj	KJ	word_label	kj_21	kj_21	21	-0.10630232777177076
sub-05	meta_metaphor	meta_R_IFG	kj	KJ	word_label	kj_31	kj_31	31	0.07700673187075562
sub-05	meta_metaphor	meta_R_IFG	kj	KJ	word_label	kj_33	kj_33	33	0.06472826861213957
sub-05	meta_metaphor	meta_R_IFG	kj	KJ	word_label	kj_2	kj_2	2	0.6784115899633374
sub-05	meta_metaphor	meta_R_IFG	kj	KJ	word_label	kj_3	kj_3	3	-0.31066840703485415
sub-05	meta_metaphor	meta_R_IFG	kj	KJ	word_label	kj_39	kj_39	39	-0.10936130568115866
sub-05	meta_metaphor	meta_R_IFG	kj	KJ	word_label	kj_36	kj_36	36	-0.19566669232311423
sub-05	meta_metaphor	meta_R_IFG	kj	KJ	word_label	kj_28	kj_28	28	-0.40468684352960305
sub-05	meta_metaphor	meta_R_IFG	kj	KJ	word_label	kj_8	kj_8	8	-0.4008838842045656
sub-05	meta_metaphor	meta_R_IFG	kj	KJ	word_label	kj_19	kj_19	19	0.05852701921555138
sub-05	meta_metaphor	meta_R_IFG	kj	KJ	word_label	kj_37	kj_37	37	0.7050331417976978
sub-05	meta_metaphor	meta_R_IFG	kj	KJ	word_label	kj_17	kj_17	17	0.6790715545518398
sub-05	meta_metaphor	meta_R_IFG	kj	KJ	word_label	kj_15	kj_15	15	-0.10599931132115611
sub-05	meta_metaphor	meta_R_IFG	kj	KJ	word_label	kj_22	kj_22	22	-0.6077812743311528
sub-05	meta_metaphor	meta_R_IFG	kj	KJ	word_label	kj_1	kj_1	1	0.36290179669454703
sub-05	meta_metaphor	meta_R_IFG	kj	KJ	word_label	kj_12	kj_12	12	0.6149274252593263
sub-05	meta_metaphor	meta_R_IFG	kj	KJ	word_label	kj_29	kj_29	29	-0.023211627126401627
sub-05	meta_metaphor	meta_R_pMTG_pSTS	yy	YY	word_label	yy_23	yy_23	23	-0.32074003905318604
sub-05	meta_metaphor	meta_R_pMTG_pSTS	yy	YY	word_label	yy_11	yy_11	11	0.12502445758176045
sub-05	meta_metaphor	meta_R_pMTG_pSTS	yy	YY	word_label	yy_17	yy_17	17	0.04784000071885077
sub-05	meta_metaphor	meta_R_pMTG_pSTS	yy	YY	word_label	yy_3	yy_3	3	-0.0173458846580445
sub-05	meta_metaphor	meta_R_pMTG_pSTS	yy	YY	word_label	yy_22	yy_22	22	0.3237364375470635
sub-05	meta_metaphor	meta_R_pMTG_pSTS	yy	YY	word_label	yy_15	yy_15	15	0.011241832995690365
sub-05	meta_metaphor	meta_R_pMTG_pSTS	yy	YY	word_label	yy_38	yy_38	38	-0.6333448253994501
sub-05	meta_metaphor	meta_R_pMTG_pSTS	yy	YY	word_label	yy_2	yy_2	2	-0.09675844946763078
sub-05	meta_metaphor	meta_R_pMTG_pSTS	yy	YY	word_label	yy_29	yy_29	29	0.5327946923231763
sub-05	meta_metaphor	meta_R_pMTG_pSTS	yy	YY	word_label	yy_26	yy_26	26	0.13867076868782396
sub-05	meta_metaphor	meta_R_pMTG_pSTS	yy	YY	word_label	yy_12	yy_12	12	0.11678241038633048
sub-05	meta_metaphor	meta_R_pMTG_pSTS	yy	YY	word_label	yy_4	yy_4	4	0.018321109916903958
sub-05	meta_metaphor	meta_R_pMTG_pSTS	yy	YY	word_label	yy_27	yy_27	27	0.10862624749315869
sub-05	meta_metaphor	meta_R_pMTG_pSTS	yy	YY	word_label	yy_8	yy_8	8	-0.038569182820181507
sub-05	meta_metaphor	meta_R_pMTG_pSTS	yy	YY	word_label	yy_36	yy_36	36	0.4938117817436056
sub-05	meta_metaphor	meta_R_pMTG_pSTS	yy	YY	word_label	yy_35	yy_35	35	0.048825139715452534
sub-05	meta_metaphor	meta_R_pMTG_pSTS	yy	YY	word_label	yy_10	yy_10	10	-0.23491170805398376
sub-05	meta_metaphor	meta_R_pMTG_pSTS	yy	YY	word_label	yy_14	yy_14	14	-0.38125451525546655
sub-05	meta_metaphor	meta_R_pMTG_pSTS	yy	YY	word_label	yy_40	yy_40	40	-0.23870196325236306
sub-05	meta_metaphor	meta_R_pMTG_pSTS	yy	YY	word_label	yy_39	yy_39	39	-0.4325634074222125
sub-05	meta_metaphor	meta_R_pMTG_pSTS	yy	YY	word_label	yy_9	yy_9	9	0.14721637765899273
sub-05	meta_metaphor	meta_R_pMTG_pSTS	yy	YY	word_label	yy_37	yy_37	37	0.1564591432791663
sub-05	meta_metaphor	meta_R_pMTG_pSTS	yy	YY	word_label	yy_13	yy_13	13	0.33701174192010513
sub-05	meta_metaphor	meta_R_pMTG_pSTS	yy	YY	word_label	yy_7	yy_7	7	-0.05717529024076331
sub-05	meta_metaphor	meta_R_pMTG_pSTS	yy	YY	word_label	yy_16	yy_16	16	0.02385421203601075
sub-05	meta_metaphor	meta_R_pMTG_pSTS	yy	YY	word_label	yy_24	yy_24	24	-0.4487502963753723
sub-05	meta_metaphor	meta_R_pMTG_pSTS	yy	YY	word_label	yy_18	yy_18	18	0.13930588646016018
sub-05	meta_metaphor	meta_R_pMTG_pSTS	yy	YY	word_label	yy_1	yy_1	1	0.3345528585805498
sub-05	meta_metaphor	meta_R_pMTG_pSTS	yy	YY	word_label	yy_21	yy_21	21	-0.26354120769618994
sub-05	meta_metaphor	meta_R_pMTG_pSTS	yy	YY	word_label	yy_19	yy_19	19	-0.06797288639883671
sub-05	meta_metaphor	meta_R_pMTG_pSTS	yy	YY	word_label	yy_33	yy_33	33	-0.08356792057764802
sub-05	meta_metaphor	meta_R_pMTG_pSTS	yy	YY	word_label	yy_5	yy_5	5	-0.2999500752553863
sub-05	meta_metaphor	meta_R_pMTG_pSTS	yy	YY	word_label	yy_32	yy_32	32	-0.20499704237807567
sub-05	meta_metaphor	meta_R_pMTG_pSTS	yy	YY	word_label	yy_28	yy_28	28	-0.6392031333394231
sub-05	meta_metaphor	meta_R_pMTG_pSTS	yy	YY	word_label	yy_6	yy_6	6	-0.08455527737743379
sub-05	meta_metaphor	meta_R_pMTG_pSTS	kj	KJ	word_label	kj_9	kj_9	9	0.23837235671124435
sub-05	meta_metaphor	meta_R_pMTG_pSTS	kj	KJ	word_label	kj_10	kj_10	10	-0.5074083146092656
sub-05	meta_metaphor	meta_R_pMTG_pSTS	kj	KJ	word_label	kj_11	kj_11	11	-0.11561053033617288
sub-05	meta_metaphor	meta_R_pMTG_pSTS	kj	KJ	word_label	kj_16	kj_16	16	-0.34400734617831663
sub-05	meta_metaphor	meta_R_pMTG_pSTS	kj	KJ	word_label	kj_24	kj_24	24	-0.030222215187828205
sub-05	meta_metaphor	meta_R_pMTG_pSTS	kj	KJ	word_label	kj_5	kj_5	5	-0.07078766213919555
sub-05	meta_metaphor	meta_R_pMTG_pSTS	kj	KJ	word_label	kj_34	kj_34	34	-0.5041502433840971
sub-05	meta_metaphor	meta_R_pMTG_pSTS	kj	KJ	word_label	kj_30	kj_30	30	-0.38756561261712014
sub-05	meta_metaphor	meta_R_pMTG_pSTS	kj	KJ	word_label	kj_23	kj_23	23	-0.42787989400408843
sub-05	meta_metaphor	meta_R_pMTG_pSTS	kj	KJ	word_label	kj_25	kj_25	25	0.1972371118427277
sub-05	meta_metaphor	meta_R_pMTG_pSTS	kj	KJ	word_label	kj_14	kj_14	14	-0.2026516158870228
sub-05	meta_metaphor	meta_R_pMTG_pSTS	kj	KJ	word_label	kj_38	kj_38	38	-0.5151579341344475
sub-05	meta_metaphor	meta_R_pMTG_pSTS	kj	KJ	word_label	kj_7	kj_7	7	0.44893135631331127
sub-05	meta_metaphor	meta_R_pMTG_pSTS	kj	KJ	word_label	kj_6	kj_6	6	0.3726900105325791
sub-05	meta_metaphor	meta_R_pMTG_pSTS	kj	KJ	word_label	kj_27	kj_27	27	0.5450560076276677
sub-05	meta_metaphor	meta_R_pMTG_pSTS	kj	KJ	word_label	kj_20	kj_20	20	-0.4822763811466274
sub-05	meta_metaphor	meta_R_pMTG_pSTS	kj	KJ	word_label	kj_26	kj_26	26	-0.21915849631932216
sub-05	meta_metaphor	meta_R_pMTG_pSTS	kj	KJ	word_label	kj_13	kj_13	13	0.526058899923194
sub-05	meta_metaphor	meta_R_pMTG_pSTS	kj	KJ	word_label	kj_21	kj_21	21	0.0006752801571097432
sub-05	meta_metaphor	meta_R_pMTG_pSTS	kj	KJ	word_label	kj_31	kj_31	31	-0.000460241191687937
sub-05	meta_metaphor	meta_R_pMTG_pSTS	kj	KJ	word_label	kj_33	kj_33	33	0.03714201702930056
sub-05	meta_metaphor	meta_R_pMTG_pSTS	kj	KJ	word_label	kj_2	kj_2	2	0.2343029652441666
sub-05	meta_metaphor	meta_R_pMTG_pSTS	kj	KJ	word_label	kj_3	kj_3	3	-0.1574519746534062
sub-05	meta_metaphor	meta_R_pMTG_pSTS	kj	KJ	word_label	kj_39	kj_39	39	0.09810965796281275
sub-05	meta_metaphor	meta_R_pMTG_pSTS	kj	KJ	word_label	kj_36	kj_36	36	-0.6592145851777625
sub-05	meta_metaphor	meta_R_pMTG_pSTS	kj	KJ	word_label	kj_28	kj_28	28	-0.13214618571999182
sub-05	meta_metaphor	meta_R_pMTG_pSTS	kj	KJ	word_label	kj_8	kj_8	8	-0.003415253178862563
sub-05	meta_metaphor	meta_R_pMTG_pSTS	kj	KJ	word_label	kj_19	kj_19	19	-0.3004261587089117
sub-05	meta_metaphor	meta_R_pMTG_pSTS	kj	KJ	word_label	kj_37	kj_37	37	0.5992977280290457
sub-05	meta_metaphor	meta_R_pMTG_pSTS	kj	KJ	word_label	kj_17	kj_17	17	0.5297145069020048
sub-05	meta_metaphor	meta_R_pMTG_pSTS	kj	KJ	word_label	kj_15	kj_15	15	-0.20635375412068555
sub-05	meta_metaphor	meta_R_pMTG_pSTS	kj	KJ	word_label	kj_22	kj_22	22	-0.2299320706667687
sub-05	meta_metaphor	meta_R_pMTG_pSTS	kj	KJ	word_label	kj_1	kj_1	1	-0.23480809656447066
sub-05	meta_metaphor	meta_R_pMTG_pSTS	kj	KJ	word_label	kj_12	kj_12	12	0.6040517486919814
sub-05	meta_metaphor	meta_R_pMTG_pSTS	kj	KJ	word_label	kj_29	kj_29	29	0.3417389248312576
sub-05	meta_metaphor	meta_R_temporal_pole	yy	YY	word_label	yy_23	yy_23	23	-0.005912090870256155
sub-05	meta_metaphor	meta_R_temporal_pole	yy	YY	word_label	yy_11	yy_11	11	-0.013145765785962956
sub-05	meta_metaphor	meta_R_temporal_pole	yy	YY	word_label	yy_17	yy_17	17	0.021693429749401038
sub-05	meta_metaphor	meta_R_temporal_pole	yy	YY	word_label	yy_3	yy_3	3	-0.07270392026005171
sub-05	meta_metaphor	meta_R_temporal_pole	yy	YY	word_label	yy_22	yy_22	22	-0.08961665369243928
sub-05	meta_metaphor	meta_R_temporal_pole	yy	YY	word_label	yy_15	yy_15	15	-0.015448461113578687
sub-05	meta_metaphor	meta_R_temporal_pole	yy	YY	word_label	yy_38	yy_38	38	-0.008005733631676264
sub-05	meta_metaphor	meta_R_temporal_pole	yy	YY	word_label	yy_2	yy_2	2	0.051798712883467685
sub-05	meta_metaphor	meta_R_temporal_pole	yy	YY	word_label	yy_29	yy_29	29	0.04064901669867439
sub-05	meta_metaphor	meta_R_temporal_pole	yy	YY	word_label	yy_26	yy_26	26	-0.02596873105302625
sub-05	meta_metaphor	meta_R_temporal_pole	yy	YY	word_label	yy_12	yy_12	12	0.06448597987247454
sub-05	meta_metaphor	meta_R_temporal_pole	yy	YY	word_label	yy_4	yy_4	4	0.021610778083007404
sub-05	meta_metaphor	meta_R_temporal_pole	yy	YY	word_label	yy_27	yy_27	27	-0.1448136634943368
sub-05	meta_metaphor	meta_R_temporal_pole	yy	YY	word_label	yy_8	yy_8	8	0.02360214279762887
sub-05	meta_metaphor	meta_R_temporal_pole	yy	YY	word_label	yy_36	yy_36	36	0.04119961957067123
sub-05	meta_metaphor	meta_R_temporal_pole	yy	YY	word_label	yy_35	yy_35	35	-0.09099809792072666
sub-05	meta_metaphor	meta_R_temporal_pole	yy	YY	word_label	yy_10	yy_10	10	-0.07151044837606445
sub-05	meta_metaphor	meta_R_temporal_pole	yy	YY	word_label	yy_14	yy_14	14	-0.06658927351975136
sub-05	meta_metaphor	meta_R_temporal_pole	yy	YY	word_label	yy_40	yy_40	40	-0.04523050766002787
sub-05	meta_metaphor	meta_R_temporal_pole	yy	YY	word_label	yy_39	yy_39	39	0.10576469976487189
sub-05	meta_metaphor	meta_R_temporal_pole	yy	YY	word_label	yy_9	yy_9	9	-0.04043696405674412
sub-05	meta_metaphor	meta_R_temporal_pole	yy	YY	word_label	yy_37	yy_37	37	-0.06446262614469103
sub-05	meta_metaphor	meta_R_temporal_pole	yy	YY	word_label	yy_13	yy_13	13	-0.046444148991834446
sub-05	meta_metaphor	meta_R_temporal_pole	yy	YY	word_label	yy_7	yy_7	7	0.1802441697774659
sub-05	meta_metaphor	meta_R_temporal_pole	yy	YY	word_label	yy_16	yy_16	16	-0.08218123414038532
sub-05	meta_metaphor	meta_R_temporal_pole	yy	YY	word_label	yy_24	yy_24	24	-0.10638959037418838
sub-05	meta_metaphor	meta_R_temporal_pole	yy	YY	word_label	yy_18	yy_18	18	0.38568627463069743
sub-05	meta_metaphor	meta_R_temporal_pole	yy	YY	word_label	yy_1	yy_1	1	-0.4704354656555233
sub-05	meta_metaphor	meta_R_temporal_pole	yy	YY	word_label	yy_21	yy_21	21	-0.08959629967581059
sub-05	meta_metaphor	meta_R_temporal_pole	yy	YY	word_label	yy_19	yy_19	19	0.11746453930987617
sub-05	meta_metaphor	meta_R_temporal_pole	yy	YY	word_label	yy_33	yy_33	33	0.03620220125877411
sub-05	meta_metaphor	meta_R_temporal_pole	yy	YY	word_label	yy_5	yy_5	5	-0.29674982108960224
sub-05	meta_metaphor	meta_R_temporal_pole	yy	YY	word_label	yy_32	yy_32	32	-0.08207469235004582
sub-05	meta_metaphor	meta_R_temporal_pole	yy	YY	word_label	yy_28	yy_28	28	-0.10920675456557759
sub-05	meta_metaphor	meta_R_temporal_pole	yy	YY	word_label	yy_6	yy_6	6	-0.12434717849033172
sub-05	meta_metaphor	meta_R_temporal_pole	kj	KJ	word_label	kj_9	kj_9	9	-0.11299342253248479
sub-05	meta_metaphor	meta_R_temporal_pole	kj	KJ	word_label	kj_10	kj_10	10	-0.05274049645551325
sub-05	meta_metaphor	meta_R_temporal_pole	kj	KJ	word_label	kj_11	kj_11	11	-0.008952990526421435
sub-05	meta_metaphor	meta_R_temporal_pole	kj	KJ	word_label	kj_16	kj_16	16	-0.1506907583756419
sub-05	meta_metaphor	meta_R_temporal_pole	kj	KJ	word_label	kj_24	kj_24	24	-0.027465528394131956
sub-05	meta_metaphor	meta_R_temporal_pole	kj	KJ	word_label	kj_5	kj_5	5	-0.05201741582555104
sub-05	meta_metaphor	meta_R_temporal_pole	kj	KJ	word_label	kj_34	kj_34	34	-0.03766458886128108
sub-05	meta_metaphor	meta_R_temporal_pole	kj	KJ	word_label	kj_30	kj_30	30	-0.024708627236906942
sub-05	meta_metaphor	meta_R_temporal_pole	kj	KJ	word_label	kj_23	kj_23	23	0.037334158853899305
sub-05	meta_metaphor	meta_R_temporal_pole	kj	KJ	word_label	kj_25	kj_25	25	-0.014663348702459974
sub-05	meta_metaphor	meta_R_temporal_pole	kj	KJ	word_label	kj_14	kj_14	14	-0.05255701474264209
sub-05	meta_metaphor	meta_R_temporal_pole	kj	KJ	word_label	kj_38	kj_38	38	-0.17143059585324089
sub-05	meta_metaphor	meta_R_temporal_pole	kj	KJ	word_label	kj_7	kj_7	7	-0.17251248204654604
sub-05	meta_metaphor	meta_R_temporal_pole	kj	KJ	word_label	kj_6	kj_6	6	-0.037255992783711674
sub-05	meta_metaphor	meta_R_temporal_pole	kj	KJ	word_label	kj_27	kj_27	27	-0.14884211120613702
sub-05	meta_metaphor	meta_R_temporal_pole	kj	KJ	word_label	kj_20	kj_20	20	-0.09306562736897675
sub-05	meta_metaphor	meta_R_temporal_pole	kj	KJ	word_label	kj_26	kj_26	26	-0.3503552502878661
sub-05	meta_metaphor	meta_R_temporal_pole	kj	KJ	word_label	kj_13	kj_13	13	-0.12923759995886
sub-05	meta_metaphor	meta_R_temporal_pole	kj	KJ	word_label	kj_21	kj_21	21	-0.12037089609757029
sub-05	meta_metaphor	meta_R_temporal_pole	kj	KJ	word_label	kj_31	kj_31	31	-0.12080894687593736
sub-05	meta_metaphor	meta_R_temporal_pole	kj	KJ	word_label	kj_33	kj_33	33	-0.02302489263651082
sub-05	meta_metaphor	meta_R_temporal_pole	kj	KJ	word_label	kj_2	kj_2	2	-0.16433925011409495
sub-05	meta_metaphor	meta_R_temporal_pole	kj	KJ	word_label	kj_3	kj_3	3	-0.05728347909552908
sub-05	meta_metaphor	meta_R_temporal_pole	kj	KJ	word_label	kj_39	kj_39	39	0.05070200583724087
sub-05	meta_metaphor	meta_R_temporal_pole	kj	KJ	word_label	kj_36	kj_36	36	-0.006332164014642817
sub-05	meta_metaphor	meta_R_temporal_pole	kj	KJ	word_label	kj_28	kj_28	28	-0.1801812045791807
sub-05	meta_metaphor	meta_R_temporal_pole	kj	KJ	word_label	kj_8	kj_8	8	-0.06014415864660149
sub-05	meta_metaphor	meta_R_temporal_pole	kj	KJ	word_label	kj_19	kj_19	19	-0.2676468295759105
sub-05	meta_metaphor	meta_R_temporal_pole	kj	KJ	word_label	kj_37	kj_37	37	0.012635279204929725
sub-05	meta_metaphor	meta_R_temporal_pole	kj	KJ	word_label	kj_17	kj_17	17	-0.0731627051294694
sub-05	meta_metaphor	meta_R_temporal_pole	kj	KJ	word_label	kj_15	kj_15	15	0.06287381281431545
sub-05	meta_metaphor	meta_R_temporal_pole	kj	KJ	word_label	kj_22	kj_22	22	-0.08606392488702715
sub-05	meta_metaphor	meta_R_temporal_pole	kj	KJ	word_label	kj_1	kj_1	1	0.06922312678613637
sub-05	meta_metaphor	meta_R_temporal_pole	kj	KJ	word_label	kj_12	kj_12	12	0.07944945048353308
sub-05	meta_metaphor	meta_R_temporal_pole	kj	KJ	word_label	kj_29	kj_29	29	0.057108068815538066
sub-06	meta_metaphor	meta_L_AG	yy	YY	word_label	yy_1	yy_1	1	-0.28686901391988734
sub-06	meta_metaphor	meta_L_AG	yy	YY	word_label	yy_7	yy_7	7	0.28562007479655277
sub-06	meta_metaphor	meta_L_AG	yy	YY	word_label	yy_27	yy_27	27	0.2790905304047802
sub-06	meta_metaphor	meta_L_AG	yy	YY	word_label	yy_23	yy_23	23	-0.25030527305392586
sub-06	meta_metaphor	meta_L_AG	yy	YY	word_label	yy_19	yy_19	19	0.3339792476256928
sub-06	meta_metaphor	meta_L_AG	yy	YY	word_label	yy_32	yy_32	32	0.554389808005967
sub-06	meta_metaphor	meta_L_AG	yy	YY	word_label	yy_14	yy_14	14	0.6409987088333726
sub-06	meta_metaphor	meta_L_AG	yy	YY	word_label	yy_28	yy_28	28	-0.4550980927568702
sub-06	meta_metaphor	meta_L_AG	yy	YY	word_label	yy_15	yy_15	15	0.11853294571802736
sub-06	meta_metaphor	meta_L_AG	yy	YY	word_label	yy_12	yy_12	12	0.6370883181666332
sub-06	meta_metaphor	meta_L_AG	yy	YY	word_label	yy_16	yy_16	16	0.2628933922591629
sub-06	meta_metaphor	meta_L_AG	yy	YY	word_label	yy_2	yy_2	2	0.8238543641985415
sub-06	meta_metaphor	meta_L_AG	yy	YY	word_label	yy_10	yy_10	10	0.41259863638929983
sub-06	meta_metaphor	meta_L_AG	yy	YY	word_label	yy_11	yy_11	11	0.4704115323268383
sub-06	meta_metaphor	meta_L_AG	yy	YY	word_label	yy_33	yy_33	33	0.7792977043405616
sub-06	meta_metaphor	meta_L_AG	yy	YY	word_label	yy_37	yy_37	37	0.33021898726402793
sub-06	meta_metaphor	meta_L_AG	yy	YY	word_label	yy_35	yy_35	35	0.8174160070305793
sub-06	meta_metaphor	meta_L_AG	yy	YY	word_label	yy_38	yy_38	38	0.7933498080314619
sub-06	meta_metaphor	meta_L_AG	yy	YY	word_label	yy_3	yy_3	3	-0.29281953848387554
sub-06	meta_metaphor	meta_L_AG	yy	YY	word_label	yy_6	yy_6	6	0.2731770738693115
sub-06	meta_metaphor	meta_L_AG	yy	YY	word_label	yy_18	yy_18	18	-0.07195198996693085
sub-06	meta_metaphor	meta_L_AG	yy	YY	word_label	yy_9	yy_9	9	0.680273342540974
sub-06	meta_metaphor	meta_L_AG	yy	YY	word_label	yy_29	yy_29	29	0.5592282797526001
sub-06	meta_metaphor	meta_L_AG	yy	YY	word_label	yy_5	yy_5	5	0.7161255577948075
sub-06	meta_metaphor	meta_L_AG	yy	YY	word_label	yy_13	yy_13	13	0.5095907599847421
sub-06	meta_metaphor	meta_L_AG	yy	YY	word_label	yy_22	yy_22	22	0.37921856425517103
sub-06	meta_metaphor	meta_L_AG	yy	YY	word_label	yy_36	yy_36	36	0.6193164244030154
sub-06	meta_metaphor	meta_L_AG	yy	YY	word_label	yy_17	yy_17	17	0.7235767630777808
sub-06	meta_metaphor	meta_L_AG	yy	YY	word_label	yy_4	yy_4	4	0.0006426486753377279
sub-06	meta_metaphor	meta_L_AG	yy	YY	word_label	yy_8	yy_8	8	0.1995279188931015
sub-06	meta_metaphor	meta_L_AG	yy	YY	word_label	yy_26	yy_26	26	0.7494323012654979
sub-06	meta_metaphor	meta_L_AG	yy	YY	word_label	yy_21	yy_21	21	-0.0597735272723584
sub-06	meta_metaphor	meta_L_AG	yy	YY	word_label	yy_39	yy_39	39	0.654765744087514
sub-06	meta_metaphor	meta_L_AG	yy	YY	word_label	yy_24	yy_24	24	0.16325450904451227
sub-06	meta_metaphor	meta_L_AG	yy	YY	word_label	yy_40	yy_40	40	0.6798105598012077
sub-06	meta_metaphor	meta_L_AG	kj	KJ	word_label	kj_24	kj_24	24	0.43323825806423816
sub-06	meta_metaphor	meta_L_AG	kj	KJ	word_label	kj_10	kj_10	10	0.6970910713138109
sub-06	meta_metaphor	meta_L_AG	kj	KJ	word_label	kj_1	kj_1	1	0.5569658369107022
sub-06	meta_metaphor	meta_L_AG	kj	KJ	word_label	kj_9	kj_9	9	0.7878054566530864
sub-06	meta_metaphor	meta_L_AG	kj	KJ	word_label	kj_5	kj_5	5	0.8184051542668732
sub-06	meta_metaphor	meta_L_AG	kj	KJ	word_label	kj_7	kj_7	7	0.8120305461081906
sub-06	meta_metaphor	meta_L_AG	kj	KJ	word_label	kj_13	kj_13	13	0.3555424523385418
sub-06	meta_metaphor	meta_L_AG	kj	KJ	word_label	kj_12	kj_12	12	0.7040056633365172
sub-06	meta_metaphor	meta_L_AG	kj	KJ	word_label	kj_30	kj_30	30	0.7072985267635945
sub-06	meta_metaphor	meta_L_AG	kj	KJ	word_label	kj_36	kj_36	36	0.6408416924565685
sub-06	meta_metaphor	meta_L_AG	kj	KJ	word_label	kj_22	kj_22	22	0.48838339199785863
sub-06	meta_metaphor	meta_L_AG	kj	KJ	word_label	kj_20	kj_20	20	0.6664287060894248
sub-06	meta_metaphor	meta_L_AG	kj	KJ	word_label	kj_19	kj_19	19	0.5466847838137119
sub-06	meta_metaphor	meta_L_AG	kj	KJ	word_label	kj_37	kj_37	37	0.6461636506738758
sub-06	meta_metaphor	meta_L_AG	kj	KJ	word_label	kj_39	kj_39	39	0.38546647585518523
sub-06	meta_metaphor	meta_L_AG	kj	KJ	word_label	kj_29	kj_29	29	0.20101098930181932
sub-06	meta_metaphor	meta_L_AG	kj	KJ	word_label	kj_33	kj_33	33	0.021807528792468122
sub-06	meta_metaphor	meta_L_AG	kj	KJ	word_label	kj_3	kj_3	3	0.5182255070573379
sub-06	meta_metaphor	meta_L_AG	kj	KJ	word_label	kj_8	kj_8	8	0.7182518862654983
sub-06	meta_metaphor	meta_L_AG	kj	KJ	word_label	kj_25	kj_25	25	0.5560436639382624
sub-06	meta_metaphor	meta_L_AG	kj	KJ	word_label	kj_15	kj_15	15	0.44118303672226333
sub-06	meta_metaphor	meta_L_AG	kj	KJ	word_label	kj_2	kj_2	2	0.5487252297330174
sub-06	meta_metaphor	meta_L_AG	kj	KJ	word_label	kj_38	kj_38	38	0.37635162651218346
sub-06	meta_metaphor	meta_L_AG	kj	KJ	word_label	kj_31	kj_31	31	0.5133900837768102
sub-06	meta_metaphor	meta_L_AG	kj	KJ	word_label	kj_14	kj_14	14	0.026429557440170857
sub-06	meta_metaphor	meta_L_AG	kj	KJ	word_label	kj_16	kj_16	16	0.3076941134021822
sub-06	meta_metaphor	meta_L_AG	kj	KJ	word_label	kj_11	kj_11	11	0.620663269597675
sub-06	meta_metaphor	meta_L_AG	kj	KJ	word_label	kj_28	kj_28	28	0.7794940870512373
sub-06	meta_metaphor	meta_L_AG	kj	KJ	word_label	kj_6	kj_6	6	0.10940534864598818
sub-06	meta_metaphor	meta_L_AG	kj	KJ	word_label	kj_17	kj_17	17	0.46564048353400783
sub-06	meta_metaphor	meta_L_AG	kj	KJ	word_label	kj_34	kj_34	34	0.22336130126658668
sub-06	meta_metaphor	meta_L_AG	kj	KJ	word_label	kj_26	kj_26	26	0.9028197246513165
sub-06	meta_metaphor	meta_L_AG	kj	KJ	word_label	kj_27	kj_27	27	0.4645142336603199
sub-06	meta_metaphor	meta_L_AG	kj	KJ	word_label	kj_21	kj_21	21	0.5569892207567027
sub-06	meta_metaphor	meta_L_AG	kj	KJ	word_label	kj_23	kj_23	23	0.48918885944837776
sub-06	meta_metaphor	meta_L_IFG	yy	YY	word_label	yy_1	yy_1	1	0.4144776757101057
sub-06	meta_metaphor	meta_L_IFG	yy	YY	word_label	yy_7	yy_7	7	0.34786959348857316
sub-06	meta_metaphor	meta_L_IFG	yy	YY	word_label	yy_27	yy_27	27	0.13400801991272715
sub-06	meta_metaphor	meta_L_IFG	yy	YY	word_label	yy_23	yy_23	23	0.052296624266382964
sub-06	meta_metaphor	meta_L_IFG	yy	YY	word_label	yy_19	yy_19	19	0.23392144826624117
sub-06	meta_metaphor	meta_L_IFG	yy	YY	word_label	yy_32	yy_32	32	0.1485354826477792
sub-06	meta_metaphor	meta_L_IFG	yy	YY	word_label	yy_14	yy_14	14	0.6806588338996633
sub-06	meta_metaphor	meta_L_IFG	yy	YY	word_label	yy_28	yy_28	28	0.12593572051771285
sub-06	meta_metaphor	meta_L_IFG	yy	YY	word_label	yy_15	yy_15	15	0.24764338639905512
sub-06	meta_metaphor	meta_L_IFG	yy	YY	word_label	yy_12	yy_12	12	0.08066237529197735
sub-06	meta_metaphor	meta_L_IFG	yy	YY	word_label	yy_16	yy_16	16	0.5132184533629834
sub-06	meta_metaphor	meta_L_IFG	yy	YY	word_label	yy_2	yy_2	2	0.6435375902864675
sub-06	meta_metaphor	meta_L_IFG	yy	YY	word_label	yy_10	yy_10	10	0.42161517078956623
sub-06	meta_metaphor	meta_L_IFG	yy	YY	word_label	yy_11	yy_11	11	0.7321356527958901
sub-06	meta_metaphor	meta_L_IFG	yy	YY	word_label	yy_33	yy_33	33	0.3510690413974708
sub-06	meta_metaphor	meta_L_IFG	yy	YY	word_label	yy_37	yy_37	37	-0.0986178736624156
sub-06	meta_metaphor	meta_L_IFG	yy	YY	word_label	yy_35	yy_35	35	0.7772792471483603
sub-06	meta_metaphor	meta_L_IFG	yy	YY	word_label	yy_38	yy_38	38	0.4467491430435619
sub-06	meta_metaphor	meta_L_IFG	yy	YY	word_label	yy_3	yy_3	3	0.04012695664650318
sub-06	meta_metaphor	meta_L_IFG	yy	YY	word_label	yy_6	yy_6	6	0.3286824818437811
sub-06	meta_metaphor	meta_L_IFG	yy	YY	word_label	yy_18	yy_18	18	-0.05205112064423499
sub-06	meta_metaphor	meta_L_IFG	yy	YY	word_label	yy_9	yy_9	9	0.39648016343979997
sub-06	meta_metaphor	meta_L_IFG	yy	YY	word_label	yy_29	yy_29	29	0.3956975801725517
sub-06	meta_metaphor	meta_L_IFG	yy	YY	word_label	yy_5	yy_5	5	0.20512888595233705
sub-06	meta_metaphor	meta_L_IFG	yy	YY	word_label	yy_13	yy_13	13	0.3358299006981217
sub-06	meta_metaphor	meta_L_IFG	yy	YY	word_label	yy_22	yy_22	22	0.5221780315454189
sub-06	meta_metaphor	meta_L_IFG	yy	YY	word_label	yy_36	yy_36	36	0.30001987882970255
sub-06	meta_metaphor	meta_L_IFG	yy	YY	word_label	yy_17	yy_17	17	0.5167745068076919
sub-06	meta_metaphor	meta_L_IFG	yy	YY	word_label	yy_4	yy_4	4	0.17483430422917742
sub-06	meta_metaphor	meta_L_IFG	yy	YY	word_label	yy_8	yy_8	8	0.1589802551218242
sub-06	meta_metaphor	meta_L_IFG	yy	YY	word_label	yy_26	yy_26	26	0.5790256235977891
sub-06	meta_metaphor	meta_L_IFG	yy	YY	word_label	yy_21	yy_21	21	-0.12951708053089203
sub-06	meta_metaphor	meta_L_IFG	yy	YY	word_label	yy_39	yy_39	39	0.49464099291557173
sub-06	meta_metaphor	meta_L_IFG	yy	YY	word_label	yy_24	yy_24	24	0.6533744885988803
sub-06	meta_metaphor	meta_L_IFG	yy	YY	word_label	yy_40	yy_40	40	0.62054260914823
sub-06	meta_metaphor	meta_L_IFG	kj	KJ	word_label	kj_24	kj_24	24	0.5007983286360811
sub-06	meta_metaphor	meta_L_IFG	kj	KJ	word_label	kj_10	kj_10	10	0.3910149316269352
sub-06	meta_metaphor	meta_L_IFG	kj	KJ	word_label	kj_1	kj_1	1	0.4741771721479931
sub-06	meta_metaphor	meta_L_IFG	kj	KJ	word_label	kj_9	kj_9	9	0.48562726068878787
sub-06	meta_metaphor	meta_L_IFG	kj	KJ	word_label	kj_5	kj_5	5	0.5524312320334724
sub-06	meta_metaphor	meta_L_IFG	kj	KJ	word_label	kj_7	kj_7	7	-0.31634768775760813
sub-06	meta_metaphor	meta_L_IFG	kj	KJ	word_label	kj_13	kj_13	13	0.4465918504599386
sub-06	meta_metaphor	meta_L_IFG	kj	KJ	word_label	kj_12	kj_12	12	0.00542293984169877
sub-06	meta_metaphor	meta_L_IFG	kj	KJ	word_label	kj_30	kj_30	30	-0.12824365067727714
sub-06	meta_metaphor	meta_L_IFG	kj	KJ	word_label	kj_36	kj_36	36	0.7312429660968011
sub-06	meta_metaphor	meta_L_IFG	kj	KJ	word_label	kj_22	kj_22	22	0.12722128580584116
sub-06	meta_metaphor	meta_L_IFG	kj	KJ	word_label	kj_20	kj_20	20	0.4361057488079832
sub-06	meta_metaphor	meta_L_IFG	kj	KJ	word_label	kj_19	kj_19	19	-0.13494893791298765
sub-06	meta_metaphor	meta_L_IFG	kj	KJ	word_label	kj_37	kj_37	37	0.45008868169760063
sub-06	meta_metaphor	meta_L_IFG	kj	KJ	word_label	kj_39	kj_39	39	0.024831890852469098
sub-06	meta_metaphor	meta_L_IFG	kj	KJ	word_label	kj_29	kj_29	29	0.2976784639413196
sub-06	meta_metaphor	meta_L_IFG	kj	KJ	word_label	kj_33	kj_33	33	0.3348358709841244
sub-06	meta_metaphor	meta_L_IFG	kj	KJ	word_label	kj_3	kj_3	3	-0.04036689791488604
sub-06	meta_metaphor	meta_L_IFG	kj	KJ	word_label	kj_8	kj_8	8	0.5334928552998685
sub-06	meta_metaphor	meta_L_IFG	kj	KJ	word_label	kj_25	kj_25	25	-0.18833050819094185
sub-06	meta_metaphor	meta_L_IFG	kj	KJ	word_label	kj_15	kj_15	15	0.250402475054481
sub-06	meta_metaphor	meta_L_IFG	kj	KJ	word_label	kj_2	kj_2	2	-0.06266833966956449
sub-06	meta_metaphor	meta_L_IFG	kj	KJ	word_label	kj_38	kj_38	38	0.29129401306802183
sub-06	meta_metaphor	meta_L_IFG	kj	KJ	word_label	kj_31	kj_31	31	0.5736084403002577
sub-06	meta_metaphor	meta_L_IFG	kj	KJ	word_label	kj_14	kj_14	14	-0.29588453361527356
sub-06	meta_metaphor	meta_L_IFG	kj	KJ	word_label	kj_16	kj_16	16	0.4250180260575501
sub-06	meta_metaphor	meta_L_IFG	kj	KJ	word_label	kj_11	kj_11	11	0.42761475081441913
sub-06	meta_metaphor	meta_L_IFG	kj	KJ	word_label	kj_28	kj_28	28	0.30786630821850053
sub-06	meta_metaphor	meta_L_IFG	kj	KJ	word_label	kj_6	kj_6	6	0.06678476953884938
sub-06	meta_metaphor	meta_L_IFG	kj	KJ	word_label	kj_17	kj_17	17	0.32533597896255095
sub-06	meta_metaphor	meta_L_IFG	kj	KJ	word_label	kj_34	kj_34	34	-0.006428192995617064
sub-06	meta_metaphor	meta_L_IFG	kj	KJ	word_label	kj_26	kj_26	26	0.36069929588487515
sub-06	meta_metaphor	meta_L_IFG	kj	KJ	word_label	kj_27	kj_27	27	0.5624445922443395
sub-06	meta_metaphor	meta_L_IFG	kj	KJ	word_label	kj_21	kj_21	21	0.2245263794957574
sub-06	meta_metaphor	meta_L_IFG	kj	KJ	word_label	kj_23	kj_23	23	0.4909321500283627
sub-06	meta_metaphor	meta_L_pMTG_pSTS	yy	YY	word_label	yy_1	yy_1	1	0.28860292969193563
sub-06	meta_metaphor	meta_L_pMTG_pSTS	yy	YY	word_label	yy_7	yy_7	7	-0.4533110410010328
sub-06	meta_metaphor	meta_L_pMTG_pSTS	yy	YY	word_label	yy_27	yy_27	27	0.0884986291538513
sub-06	meta_metaphor	meta_L_pMTG_pSTS	yy	YY	word_label	yy_23	yy_23	23	0.3791833137631313
sub-06	meta_metaphor	meta_L_pMTG_pSTS	yy	YY	word_label	yy_19	yy_19	19	-0.08695208605207166
sub-06	meta_metaphor	meta_L_pMTG_pSTS	yy	YY	word_label	yy_32	yy_32	32	0.5488590601212842
sub-06	meta_metaphor	meta_L_pMTG_pSTS	yy	YY	word_label	yy_14	yy_14	14	0.6536353122366574
sub-06	meta_metaphor	meta_L_pMTG_pSTS	yy	YY	word_label	yy_28	yy_28	28	-0.39938497789622207
sub-06	meta_metaphor	meta_L_pMTG_pSTS	yy	YY	word_label	yy_15	yy_15	15	-0.28769959378579446
sub-06	meta_metaphor	meta_L_pMTG_pSTS	yy	YY	word_label	yy_12	yy_12	12	0.7714685048837047
sub-06	meta_metaphor	meta_L_pMTG_pSTS	yy	YY	word_label	yy_16	yy_16	16	0.10124320963840046
sub-06	meta_metaphor	meta_L_pMTG_pSTS	yy	YY	word_label	yy_2	yy_2	2	0.35893881309771947
sub-06	meta_metaphor	meta_L_pMTG_pSTS	yy	YY	word_label	yy_10	yy_10	10	0.5584518381698577
sub-06	meta_metaphor	meta_L_pMTG_pSTS	yy	YY	word_label	yy_11	yy_11	11	0.1647245565522547
sub-06	meta_metaphor	meta_L_pMTG_pSTS	yy	YY	word_label	yy_33	yy_33	33	0.6191948606535052
sub-06	meta_metaphor	meta_L_pMTG_pSTS	yy	YY	word_label	yy_37	yy_37	37	-0.0981255894938233
sub-06	meta_metaphor	meta_L_pMTG_pSTS	yy	YY	word_label	yy_35	yy_35	35	0.4303767346136062
sub-06	meta_metaphor	meta_L_pMTG_pSTS	yy	YY	word_label	yy_38	yy_38	38	0.3174409485590217
sub-06	meta_metaphor	meta_L_pMTG_pSTS	yy	YY	word_label	yy_3	yy_3	3	0.2077368837371778
sub-06	meta_metaphor	meta_L_pMTG_pSTS	yy	YY	word_label	yy_6	yy_6	6	0.6305720745117591
sub-06	meta_metaphor	meta_L_pMTG_pSTS	yy	YY	word_label	yy_18	yy_18	18	0.2940418060145211
sub-06	meta_metaphor	meta_L_pMTG_pSTS	yy	YY	word_label	yy_9	yy_9	9	0.3591218583699099
sub-06	meta_metaphor	meta_L_pMTG_pSTS	yy	YY	word_label	yy_29	yy_29	29	0.388056102515431
sub-06	meta_metaphor	meta_L_pMTG_pSTS	yy	YY	word_label	yy_5	yy_5	5	0.5057342796984562
sub-06	meta_metaphor	meta_L_pMTG_pSTS	yy	YY	word_label	yy_13	yy_13	13	0.4417461273592863
sub-06	meta_metaphor	meta_L_pMTG_pSTS	yy	YY	word_label	yy_22	yy_22	22	-0.25223133339115017
sub-06	meta_metaphor	meta_L_pMTG_pSTS	yy	YY	word_label	yy_36	yy_36	36	0.4485346393901117
sub-06	meta_metaphor	meta_L_pMTG_pSTS	yy	YY	word_label	yy_17	yy_17	17	0.7489577759766514
sub-06	meta_metaphor	meta_L_pMTG_pSTS	yy	YY	word_label	yy_4	yy_4	4	0.26141002788886536
sub-06	meta_metaphor	meta_L_pMTG_pSTS	yy	YY	word_label	yy_8	yy_8	8	-0.3163144542410365
sub-06	meta_metaphor	meta_L_pMTG_pSTS	yy	YY	word_label	yy_26	yy_26	26	0.32586175013681956
sub-06	meta_metaphor	meta_L_pMTG_pSTS	yy	YY	word_label	yy_21	yy_21	21	-0.6865501665047591
sub-06	meta_metaphor	meta_L_pMTG_pSTS	yy	YY	word_label	yy_39	yy_39	39	0.5622994739111422
sub-06	meta_metaphor	meta_L_pMTG_pSTS	yy	YY	word_label	yy_24	yy_24	24	0.7390601520609689
sub-06	meta_metaphor	meta_L_pMTG_pSTS	yy	YY	word_label	yy_40	yy_40	40	0.6199100885828515
sub-06	meta_metaphor	meta_L_pMTG_pSTS	kj	KJ	word_label	kj_24	kj_24	24	0.2844649959825255
sub-06	meta_metaphor	meta_L_pMTG_pSTS	kj	KJ	word_label	kj_10	kj_10	10	-0.12515980298951482
sub-06	meta_metaphor	meta_L_pMTG_pSTS	kj	KJ	word_label	kj_1	kj_1	1	0.3283800175510983
sub-06	meta_metaphor	meta_L_pMTG_pSTS	kj	KJ	word_label	kj_9	kj_9	9	0.6237326008501022
sub-06	meta_metaphor	meta_L_pMTG_pSTS	kj	KJ	word_label	kj_5	kj_5	5	0.5581904105886432
sub-06	meta_metaphor	meta_L_pMTG_pSTS	kj	KJ	word_label	kj_7	kj_7	7	0.36920952802489626
sub-06	meta_metaphor	meta_L_pMTG_pSTS	kj	KJ	word_label	kj_13	kj_13	13	-0.13499218187917092
sub-06	meta_metaphor	meta_L_pMTG_pSTS	kj	KJ	word_label	kj_12	kj_12	12	-0.3566147435847419
sub-06	meta_metaphor	meta_L_pMTG_pSTS	kj	KJ	word_label	kj_30	kj_30	30	-0.09417177361164765
sub-06	meta_metaphor	meta_L_pMTG_pSTS	kj	KJ	word_label	kj_36	kj_36	36	-0.17000468494099016
sub-06	meta_metaphor	meta_L_pMTG_pSTS	kj	KJ	word_label	kj_22	kj_22	22	0.21503073812103693
sub-06	meta_metaphor	meta_L_pMTG_pSTS	kj	KJ	word_label	kj_20	kj_20	20	0.19236036005675647
sub-06	meta_metaphor	meta_L_pMTG_pSTS	kj	KJ	word_label	kj_19	kj_19	19	-0.2169313780911543
sub-06	meta_metaphor	meta_L_pMTG_pSTS	kj	KJ	word_label	kj_37	kj_37	37	-0.749285047168264
sub-06	meta_metaphor	meta_L_pMTG_pSTS	kj	KJ	word_label	kj_39	kj_39	39	-0.10554288548017232
sub-06	meta_metaphor	meta_L_pMTG_pSTS	kj	KJ	word_label	kj_29	kj_29	29	0.766970935625043
sub-06	meta_metaphor	meta_L_pMTG_pSTS	kj	KJ	word_label	kj_33	kj_33	33	-0.38280479824448665
sub-06	meta_metaphor	meta_L_pMTG_pSTS	kj	KJ	word_label	kj_3	kj_3	3	0.04995806060563209
sub-06	meta_metaphor	meta_L_pMTG_pSTS	kj	KJ	word_label	kj_8	kj_8	8	0.3785455875662343
sub-06	meta_metaphor	meta_L_pMTG_pSTS	kj	KJ	word_label	kj_25	kj_25	25	0.1010389829053746
sub-06	meta_metaphor	meta_L_pMTG_pSTS	kj	KJ	word_label	kj_15	kj_15	15	0.7004832772696962
sub-06	meta_metaphor	meta_L_pMTG_pSTS	kj	KJ	word_label	kj_2	kj_2	2	-0.19160614038884932
sub-06	meta_metaphor	meta_L_pMTG_pSTS	kj	KJ	word_label	kj_38	kj_38	38	-0.13056877185861981
sub-06	meta_metaphor	meta_L_pMTG_pSTS	kj	KJ	word_label	kj_31	kj_31	31	-0.4044440796755708
sub-06	meta_metaphor	meta_L_pMTG_pSTS	kj	KJ	word_label	kj_14	kj_14	14	-0.17082832011240137
sub-06	meta_metaphor	meta_L_pMTG_pSTS	kj	KJ	word_label	kj_16	kj_16	16	-0.617087506888014
sub-06	meta_metaphor	meta_L_pMTG_pSTS	kj	KJ	word_label	kj_11	kj_11	11	0.2184398753543001
sub-06	meta_metaphor	meta_L_pMTG_pSTS	kj	KJ	word_label	kj_28	kj_28	28	0.301570001883252
sub-06	meta_metaphor	meta_L_pMTG_pSTS	kj	KJ	word_label	kj_6	kj_6	6	-0.2168033161442081
sub-06	meta_metaphor	meta_L_pMTG_pSTS	kj	KJ	word_label	kj_17	kj_17	17	0.2277849385412644
sub-06	meta_metaphor	meta_L_pMTG_pSTS	kj	KJ	word_label	kj_34	kj_34	34	0.018522024977602258
sub-06	meta_metaphor	meta_L_pMTG_pSTS	kj	KJ	word_label	kj_26	kj_26	26	0.3284073449538864
sub-06	meta_metaphor	meta_L_pMTG_pSTS	kj	KJ	word_label	kj_27	kj_27	27	-0.3548331773462378
sub-06	meta_metaphor	meta_L_pMTG_pSTS	kj	KJ	word_label	kj_21	kj_21	21	0.6132869498963437
sub-06	meta_metaphor	meta_L_pMTG_pSTS	kj	KJ	word_label	kj_23	kj_23	23	0.6435981579148535
sub-06	meta_metaphor	meta_L_temporal_pole	yy	YY	word_label	yy_1	yy_1	1	0.01601955812740353
sub-06	meta_metaphor	meta_L_temporal_pole	yy	YY	word_label	yy_7	yy_7	7	0.04563820197528685
sub-06	meta_metaphor	meta_L_temporal_pole	yy	YY	word_label	yy_27	yy_27	27	-0.12574952784457719
sub-06	meta_metaphor	meta_L_temporal_pole	yy	YY	word_label	yy_23	yy_23	23	-0.07651999649311246
sub-06	meta_metaphor	meta_L_temporal_pole	yy	YY	word_label	yy_19	yy_19	19	0.1736959114722788
sub-06	meta_metaphor	meta_L_temporal_pole	yy	YY	word_label	yy_32	yy_32	32	0.3636984281814086
sub-06	meta_metaphor	meta_L_temporal_pole	yy	YY	word_label	yy_14	yy_14	14	-0.22157391512905522
sub-06	meta_metaphor	meta_L_temporal_pole	yy	YY	word_label	yy_28	yy_28	28	0.18732750035928533
sub-06	meta_metaphor	meta_L_temporal_pole	yy	YY	word_label	yy_15	yy_15	15	-0.01584878227480324
sub-06	meta_metaphor	meta_L_temporal_pole	yy	YY	word_label	yy_12	yy_12	12	0.0881350765043372
sub-06	meta_metaphor	meta_L_temporal_pole	yy	YY	word_label	yy_16	yy_16	16	-0.35832674032789286
sub-06	meta_metaphor	meta_L_temporal_pole	yy	YY	word_label	yy_2	yy_2	2	0.3132422344325545
sub-06	meta_metaphor	meta_L_temporal_pole	yy	YY	word_label	yy_10	yy_10	10	-0.4444364540339466
sub-06	meta_metaphor	meta_L_temporal_pole	yy	YY	word_label	yy_11	yy_11	11	-0.10680611966078442
sub-06	meta_metaphor	meta_L_temporal_pole	yy	YY	word_label	yy_33	yy_33	33	0.35992593918394966
sub-06	meta_metaphor	meta_L_temporal_pole	yy	YY	word_label	yy_37	yy_37	37	0.326440418724997
sub-06	meta_metaphor	meta_L_temporal_pole	yy	YY	word_label	yy_35	yy_35	35	0.39723300866026706
sub-06	meta_metaphor	meta_L_temporal_pole	yy	YY	word_label	yy_38	yy_38	38	0.2243713557957625
sub-06	meta_metaphor	meta_L_temporal_pole	yy	YY	word_label	yy_3	yy_3	3	-0.4203276128002779
sub-06	meta_metaphor	meta_L_temporal_pole	yy	YY	word_label	yy_6	yy_6	6	-0.1348191522239949
sub-06	meta_metaphor	meta_L_temporal_pole	yy	YY	word_label	yy_18	yy_18	18	-0.5160515032152652
sub-06	meta_metaphor	meta_L_temporal_pole	yy	YY	word_label	yy_9	yy_9	9	-0.29383276169199396
sub-06	meta_metaphor	meta_L_temporal_pole	yy	YY	word_label	yy_29	yy_29	29	0.4589919521887151
sub-06	meta_metaphor	meta_L_temporal_pole	yy	YY	word_label	yy_5	yy_5	5	-0.041222392244810016
sub-06	meta_metaphor	meta_L_temporal_pole	yy	YY	word_label	yy_13	yy_13	13	-0.19728937181152914
sub-06	meta_metaphor	meta_L_temporal_pole	yy	YY	word_label	yy_22	yy_22	22	0.2228008127761908
sub-06	meta_metaphor	meta_L_temporal_pole	yy	YY	word_label	yy_36	yy_36	36	0.2192502700486023
sub-06	meta_metaphor	meta_L_temporal_pole	yy	YY	word_label	yy_17	yy_17	17	0.1996815787195177
sub-06	meta_metaphor	meta_L_temporal_pole	yy	YY	word_label	yy_4	yy_4	4	0.46636436512237306
sub-06	meta_metaphor	meta_L_temporal_pole	yy	YY	word_label	yy_8	yy_8	8	-0.5864270744071263
sub-06	meta_metaphor	meta_L_temporal_pole	yy	YY	word_label	yy_26	yy_26	26	0.36203760728613343
sub-06	meta_metaphor	meta_L_temporal_pole	yy	YY	word_label	yy_21	yy_21	21	0.1558038135020981
sub-06	meta_metaphor	meta_L_temporal_pole	yy	YY	word_label	yy_39	yy_39	39	-0.12115075933196139
sub-06	meta_metaphor	meta_L_temporal_pole	yy	YY	word_label	yy_24	yy_24	24	-0.5105210112002075
sub-06	meta_metaphor	meta_L_temporal_pole	yy	YY	word_label	yy_40	yy_40	40	0.5515822134509445
sub-06	meta_metaphor	meta_L_temporal_pole	kj	KJ	word_label	kj_24	kj_24	24	0.5221461120437721
sub-06	meta_metaphor	meta_L_temporal_pole	kj	KJ	word_label	kj_10	kj_10	10	0.11257001875490324
sub-06	meta_metaphor	meta_L_temporal_pole	kj	KJ	word_label	kj_1	kj_1	1	0.22687292819943478
sub-06	meta_metaphor	meta_L_temporal_pole	kj	KJ	word_label	kj_9	kj_9	9	0.1748809670835251
sub-06	meta_metaphor	meta_L_temporal_pole	kj	KJ	word_label	kj_5	kj_5	5	-0.02328622153985977
sub-06	meta_metaphor	meta_L_temporal_pole	kj	KJ	word_label	kj_7	kj_7	7	-0.13932729864433405
sub-06	meta_metaphor	meta_L_temporal_pole	kj	KJ	word_label	kj_13	kj_13	13	0.428519872539355
sub-06	meta_metaphor	meta_L_temporal_pole	kj	KJ	word_label	kj_12	kj_12	12	-0.13571469514339765
sub-06	meta_metaphor	meta_L_temporal_pole	kj	KJ	word_label	kj_30	kj_30	30	-0.3320770303020899
sub-06	meta_metaphor	meta_L_temporal_pole	kj	KJ	word_label	kj_36	kj_36	36	0.0901145916675259
sub-06	meta_metaphor	meta_L_temporal_pole	kj	KJ	word_label	kj_22	kj_22	22	-0.031992141128477446
sub-06	meta_metaphor	meta_L_temporal_pole	kj	KJ	word_label	kj_20	kj_20	20	-0.08111147578258873
sub-06	meta_metaphor	meta_L_temporal_pole	kj	KJ	word_label	kj_19	kj_19	19	0.6058314299609698
sub-06	meta_metaphor	meta_L_temporal_pole	kj	KJ	word_label	kj_37	kj_37	37	-0.21323067569334964
sub-06	meta_metaphor	meta_L_temporal_pole	kj	KJ	word_label	kj_39	kj_39	39	-0.3298842806474229
sub-06	meta_metaphor	meta_L_temporal_pole	kj	KJ	word_label	kj_29	kj_29	29	0.16615579632755606
sub-06	meta_metaphor	meta_L_temporal_pole	kj	KJ	word_label	kj_33	kj_33	33	0.3580878059437948
sub-06	meta_metaphor	meta_L_temporal_pole	kj	KJ	word_label	kj_3	kj_3	3	0.023268023353875587
sub-06	meta_metaphor	meta_L_temporal_pole	kj	KJ	word_label	kj_8	kj_8	8	-0.14396639015890228
sub-06	meta_metaphor	meta_L_temporal_pole	kj	KJ	word_label	kj_25	kj_25	25	0.3477569565947208
sub-06	meta_metaphor	meta_L_temporal_pole	kj	KJ	word_label	kj_15	kj_15	15	0.42799867778443706
sub-06	meta_metaphor	meta_L_temporal_pole	kj	KJ	word_label	kj_2	kj_2	2	-0.11498793691487974
sub-06	meta_metaphor	meta_L_temporal_pole	kj	KJ	word_label	kj_38	kj_38	38	0.1430526076302051
sub-06	meta_metaphor	meta_L_temporal_pole	kj	KJ	word_label	kj_31	kj_31	31	-0.15902571404861382
sub-06	meta_metaphor	meta_L_temporal_pole	kj	KJ	word_label	kj_14	kj_14	14	0.33305700311836844
sub-06	meta_metaphor	meta_L_temporal_pole	kj	KJ	word_label	kj_16	kj_16	16	0.030103642239178732
sub-06	meta_metaphor	meta_L_temporal_pole	kj	KJ	word_label	kj_11	kj_11	11	0.2667197799332623
sub-06	meta_metaphor	meta_L_temporal_pole	kj	KJ	word_label	kj_28	kj_28	28	0.23758532320253534
sub-06	meta_metaphor	meta_L_temporal_pole	kj	KJ	word_label	kj_6	kj_6	6	-0.44325538512759255
sub-06	meta_metaphor	meta_L_temporal_pole	kj	KJ	word_label	kj_17	kj_17	17	0.5949223088720597
sub-06	meta_metaphor	meta_L_temporal_pole	kj	KJ	word_label	kj_34	kj_34	34	0.3798937561255737
sub-06	meta_metaphor	meta_L_temporal_pole	kj	KJ	word_label	kj_26	kj_26	26	-0.2425748838989182
sub-06	meta_metaphor	meta_L_temporal_pole	kj	KJ	word_label	kj_27	kj_27	27	-0.6134173178485878
sub-06	meta_metaphor	meta_L_temporal_pole	kj	KJ	word_label	kj_21	kj_21	21	-0.0792828710723627
sub-06	meta_metaphor	meta_L_temporal_pole	kj	KJ	word_label	kj_23	kj_23	23	0.2880270099602927
sub-06	meta_metaphor	meta_R_AG	yy	YY	word_label	yy_1	yy_1	1	0.16150210660959918
sub-06	meta_metaphor	meta_R_AG	yy	YY	word_label	yy_7	yy_7	7	0.15737113583483847
sub-06	meta_metaphor	meta_R_AG	yy	YY	word_label	yy_27	yy_27	27	-0.03126578142306078
sub-06	meta_metaphor	meta_R_AG	yy	YY	word_label	yy_23	yy_23	23	0.17487353710919018
sub-06	meta_metaphor	meta_R_AG	yy	YY	word_label	yy_19	yy_19	19	-0.2681742570533988
sub-06	meta_metaphor	meta_R_AG	yy	YY	word_label	yy_32	yy_32	32	-0.1075422295791084
sub-06	meta_metaphor	meta_R_AG	yy	YY	word_label	yy_14	yy_14	14	-0.377757552955133
sub-06	meta_metaphor	meta_R_AG	yy	YY	word_label	yy_28	yy_28	28	-0.5908374404680108
sub-06	meta_metaphor	meta_R_AG	yy	YY	word_label	yy_15	yy_15	15	-0.38976703171269284
sub-06	meta_metaphor	meta_R_AG	yy	YY	word_label	yy_12	yy_12	12	0.12221522957817724
sub-06	meta_metaphor	meta_R_AG	yy	YY	word_label	yy_16	yy_16	16	-0.06176762942847008
sub-06	meta_metaphor	meta_R_AG	yy	YY	word_label	yy_2	yy_2	2	-0.15023205546245902
sub-06	meta_metaphor	meta_R_AG	yy	YY	word_label	yy_10	yy_10	10	0.033802869311781676
sub-06	meta_metaphor	meta_R_AG	yy	YY	word_label	yy_11	yy_11	11	0.27400939986446154
sub-06	meta_metaphor	meta_R_AG	yy	YY	word_label	yy_33	yy_33	33	-0.13701804103715412
sub-06	meta_metaphor	meta_R_AG	yy	YY	word_label	yy_37	yy_37	37	0.06615484602314739
sub-06	meta_metaphor	meta_R_AG	yy	YY	word_label	yy_35	yy_35	35	-0.5816107938704196
sub-06	meta_metaphor	meta_R_AG	yy	YY	word_label	yy_38	yy_38	38	-0.024026047811214382
sub-06	meta_metaphor	meta_R_AG	yy	YY	word_label	yy_3	yy_3	3	-0.35931110801797334
sub-06	meta_metaphor	meta_R_AG	yy	YY	word_label	yy_6	yy_6	6	-0.2609155364222153
sub-06	meta_metaphor	meta_R_AG	yy	YY	word_label	yy_18	yy_18	18	0.039987988051529214
sub-06	meta_metaphor	meta_R_AG	yy	YY	word_label	yy_9	yy_9	9	-0.07773585451535411
sub-06	meta_metaphor	meta_R_AG	yy	YY	word_label	yy_29	yy_29	29	-0.08443316851204836
sub-06	meta_metaphor	meta_R_AG	yy	YY	word_label	yy_5	yy_5	5	-0.1373853665945427
sub-06	meta_metaphor	meta_R_AG	yy	YY	word_label	yy_13	yy_13	13	0.03422595176127599
sub-06	meta_metaphor	meta_R_AG	yy	YY	word_label	yy_22	yy_22	22	0.5251807313959161
sub-06	meta_metaphor	meta_R_AG	yy	YY	word_label	yy_36	yy_36	36	-0.2672732174810505
sub-06	meta_metaphor	meta_R_AG	yy	YY	word_label	yy_17	yy_17	17	-0.4149030821880942
sub-06	meta_metaphor	meta_R_AG	yy	YY	word_label	yy_4	yy_4	4	0.10722290198926844
sub-06	meta_metaphor	meta_R_AG	yy	YY	word_label	yy_8	yy_8	8	-0.6392524629163299
sub-06	meta_metaphor	meta_R_AG	yy	YY	word_label	yy_26	yy_26	26	0.4714193782084267
sub-06	meta_metaphor	meta_R_AG	yy	YY	word_label	yy_21	yy_21	21	0.33424449535033807
sub-06	meta_metaphor	meta_R_AG	yy	YY	word_label	yy_39	yy_39	39	-0.43381063331877334
sub-06	meta_metaphor	meta_R_AG	yy	YY	word_label	yy_24	yy_24	24	-0.16769012480113626
sub-06	meta_metaphor	meta_R_AG	yy	YY	word_label	yy_40	yy_40	40	-0.4540363308158908
sub-06	meta_metaphor	meta_R_AG	kj	KJ	word_label	kj_24	kj_24	24	-0.027670240601157345
sub-06	meta_metaphor	meta_R_AG	kj	KJ	word_label	kj_10	kj_10	10	-0.032169504414343804
sub-06	meta_metaphor	meta_R_AG	kj	KJ	word_label	kj_1	kj_1	1	0.12180744783463625
sub-06	meta_metaphor	meta_R_AG	kj	KJ	word_label	kj_9	kj_9	9	0.7019803163498517
sub-06	meta_metaphor	meta_R_AG	kj	KJ	word_label	kj_5	kj_5	5	-0.16006097757991383
sub-06	meta_metaphor	meta_R_AG	kj	KJ	word_label	kj_7	kj_7	7	-0.19092425368558513
sub-06	meta_metaphor	meta_R_AG	kj	KJ	word_label	kj_13	kj_13	13	-0.1329399027548572
sub-06	meta_metaphor	meta_R_AG	kj	KJ	word_label	kj_12	kj_12	12	-0.36194025352489384
sub-06	meta_metaphor	meta_R_AG	kj	KJ	word_label	kj_30	kj_30	30	0.03050572084853706
sub-06	meta_metaphor	meta_R_AG	kj	KJ	word_label	kj_36	kj_36	36	-0.47875464479918745
sub-06	meta_metaphor	meta_R_AG	kj	KJ	word_label	kj_22	kj_22	22	0.0674303391965471
sub-06	meta_metaphor	meta_R_AG	kj	KJ	word_label	kj_20	kj_20	20	-0.2805654654394017
sub-06	meta_metaphor	meta_R_AG	kj	KJ	word_label	kj_19	kj_19	19	-0.09591299349631603
sub-06	meta_metaphor	meta_R_AG	kj	KJ	word_label	kj_37	kj_37	37	-0.21000343792580847
sub-06	meta_metaphor	meta_R_AG	kj	KJ	word_label	kj_39	kj_39	39	0.003987443466830029
sub-06	meta_metaphor	meta_R_AG	kj	KJ	word_label	kj_29	kj_29	29	-0.25088953218821364
sub-06	meta_metaphor	meta_R_AG	kj	KJ	word_label	kj_33	kj_33	33	0.2006560404746735
sub-06	meta_metaphor	meta_R_AG	kj	KJ	word_label	kj_3	kj_3	3	-0.06035394193861376
sub-06	meta_metaphor	meta_R_AG	kj	KJ	word_label	kj_8	kj_8	8	-0.1607486171698257
sub-06	meta_metaphor	meta_R_AG	kj	KJ	word_label	kj_25	kj_25	25	0.04275358127660032
sub-06	meta_metaphor	meta_R_AG	kj	KJ	word_label	kj_15	kj_15	15	0.11045694856913316
sub-06	meta_metaphor	meta_R_AG	kj	KJ	word_label	kj_2	kj_2	2	0.3197035546238231
sub-06	meta_metaphor	meta_R_AG	kj	KJ	word_label	kj_38	kj_38	38	-0.18489112936588614
sub-06	meta_metaphor	meta_R_AG	kj	KJ	word_label	kj_31	kj_31	31	-0.550339170210396
sub-06	meta_metaphor	meta_R_AG	kj	KJ	word_label	kj_14	kj_14	14	-0.3720145825487488
sub-06	meta_metaphor	meta_R_AG	kj	KJ	word_label	kj_16	kj_16	16	-0.6890358366549388
sub-06	meta_metaphor	meta_R_AG	kj	KJ	word_label	kj_11	kj_11	11	-0.12110234445390984
sub-06	meta_metaphor	meta_R_AG	kj	KJ	word_label	kj_28	kj_28	28	-0.17529239697338928
sub-06	meta_metaphor	meta_R_AG	kj	KJ	word_label	kj_6	kj_6	6	0.24572504236582673
sub-06	meta_metaphor	meta_R_AG	kj	KJ	word_label	kj_17	kj_17	17	-0.3581773595954977
sub-06	meta_metaphor	meta_R_AG	kj	KJ	word_label	kj_34	kj_34	34	0.03914457263463149
sub-06	meta_metaphor	meta_R_AG	kj	KJ	word_label	kj_26	kj_26	26	0.4752163700893228
sub-06	meta_metaphor	meta_R_AG	kj	KJ	word_label	kj_27	kj_27	27	-0.2846554030232162
sub-06	meta_metaphor	meta_R_AG	kj	KJ	word_label	kj_21	kj_21	21	-0.09638788408300024
sub-06	meta_metaphor	meta_R_AG	kj	KJ	word_label	kj_23	kj_23	23	0.1903618411457636
sub-06	meta_metaphor	meta_R_IFG	yy	YY	word_label	yy_1	yy_1	1	0.42243377360165496
sub-06	meta_metaphor	meta_R_IFG	yy	YY	word_label	yy_7	yy_7	7	0.26818049412792183
sub-06	meta_metaphor	meta_R_IFG	yy	YY	word_label	yy_27	yy_27	27	0.12769652961660924
sub-06	meta_metaphor	meta_R_IFG	yy	YY	word_label	yy_23	yy_23	23	-0.036803149118616825
sub-06	meta_metaphor	meta_R_IFG	yy	YY	word_label	yy_19	yy_19	19	0.21713162325991908
sub-06	meta_metaphor	meta_R_IFG	yy	YY	word_label	yy_32	yy_32	32	0.08255419010707593
sub-06	meta_metaphor	meta_R_IFG	yy	YY	word_label	yy_14	yy_14	14	-0.46019008098747505
sub-06	meta_metaphor	meta_R_IFG	yy	YY	word_label	yy_28	yy_28	28	-0.023069809656350984
sub-06	meta_metaphor	meta_R_IFG	yy	YY	word_label	yy_15	yy_15	15	0.4848062271391391
sub-06	meta_metaphor	meta_R_IFG	yy	YY	word_label	yy_12	yy_12	12	0.38066685240759146
sub-06	meta_metaphor	meta_R_IFG	yy	YY	word_label	yy_16	yy_16	16	0.4865417267284506
sub-06	meta_metaphor	meta_R_IFG	yy	YY	word_label	yy_2	yy_2	2	0.40328871289946516
sub-06	meta_metaphor	meta_R_IFG	yy	YY	word_label	yy_10	yy_10	10	-0.2617863289490331
sub-06	meta_metaphor	meta_R_IFG	yy	YY	word_label	yy_11	yy_11	11	0.11514322055471485
sub-06	meta_metaphor	meta_R_IFG	yy	YY	word_label	yy_33	yy_33	33	0.4546115797090259
sub-06	meta_metaphor	meta_R_IFG	yy	YY	word_label	yy_37	yy_37	37	-0.14195880145886847
sub-06	meta_metaphor	meta_R_IFG	yy	YY	word_label	yy_35	yy_35	35	0.24706644580168544
sub-06	meta_metaphor	meta_R_IFG	yy	YY	word_label	yy_38	yy_38	38	0.2898782319552381
sub-06	meta_metaphor	meta_R_IFG	yy	YY	word_label	yy_3	yy_3	3	-0.032844827776753065
sub-06	meta_metaphor	meta_R_IFG	yy	YY	word_label	yy_6	yy_6	6	0.0861400864430503
sub-06	meta_metaphor	meta_R_IFG	yy	YY	word_label	yy_18	yy_18	18	0.2391363373200619
sub-06	meta_metaphor	meta_R_IFG	yy	YY	word_label	yy_9	yy_9	9	-0.15523450139778572
sub-06	meta_metaphor	meta_R_IFG	yy	YY	word_label	yy_29	yy_29	29	-0.1624627201016418
sub-06	meta_metaphor	meta_R_IFG	yy	YY	word_label	yy_5	yy_5	5	-0.08615938220195998
sub-06	meta_metaphor	meta_R_IFG	yy	YY	word_label	yy_13	yy_13	13	-0.19574022745786693
sub-06	meta_metaphor	meta_R_IFG	yy	YY	word_label	yy_22	yy_22	22	0.4401100611848616
sub-06	meta_metaphor	meta_R_IFG	yy	YY	word_label	yy_36	yy_36	36	0.24146394079963016
sub-06	meta_metaphor	meta_R_IFG	yy	YY	word_label	yy_17	yy_17	17	-0.0930470857116808
sub-06	meta_metaphor	meta_R_IFG	yy	YY	word_label	yy_4	yy_4	4	0.342987399630579
sub-06	meta_metaphor	meta_R_IFG	yy	YY	word_label	yy_8	yy_8	8	-0.11511672557113328
sub-06	meta_metaphor	meta_R_IFG	yy	YY	word_label	yy_26	yy_26	26	0.568597754500583
sub-06	meta_metaphor	meta_R_IFG	yy	YY	word_label	yy_21	yy_21	21	-0.006290578122385831
sub-06	meta_metaphor	meta_R_IFG	yy	YY	word_label	yy_39	yy_39	39	0.013453813825471495
sub-06	meta_metaphor	meta_R_IFG	yy	YY	word_label	yy_24	yy_24	24	0.5720494827392539
sub-06	meta_metaphor	meta_R_IFG	yy	YY	word_label	yy_40	yy_40	40	-0.2976599417107767
sub-06	meta_metaphor	meta_R_IFG	kj	KJ	word_label	kj_24	kj_24	24	0.3039903259228685
sub-06	meta_metaphor	meta_R_IFG	kj	KJ	word_label	kj_10	kj_10	10	0.28738225230470177
sub-06	meta_metaphor	meta_R_IFG	kj	KJ	word_label	kj_1	kj_1	1	0.03314750344713915
sub-06	meta_metaphor	meta_R_IFG	kj	KJ	word_label	kj_9	kj_9	9	0.3010369897830926
sub-06	meta_metaphor	meta_R_IFG	kj	KJ	word_label	kj_5	kj_5	5	0.40110276384656113
sub-06	meta_metaphor	meta_R_IFG	kj	KJ	word_label	kj_7	kj_7	7	0.10586636005614522
sub-06	meta_metaphor	meta_R_IFG	kj	KJ	word_label	kj_13	kj_13	13	0.4644288635943602
sub-06	meta_metaphor	meta_R_IFG	kj	KJ	word_label	kj_12	kj_12	12	-0.4027950701028632
sub-06	meta_metaphor	meta_R_IFG	kj	KJ	word_label	kj_30	kj_30	30	0.1737925368957298
sub-06	meta_metaphor	meta_R_IFG	kj	KJ	word_label	kj_36	kj_36	36	0.05411258797805182
sub-06	meta_metaphor	meta_R_IFG	kj	KJ	word_label	kj_22	kj_22	22	0.18346536337536257
sub-06	meta_metaphor	meta_R_IFG	kj	KJ	word_label	kj_20	kj_20	20	0.2185529519550373
sub-06	meta_metaphor	meta_R_IFG	kj	KJ	word_label	kj_19	kj_19	19	0.06628463601103679
sub-06	meta_metaphor	meta_R_IFG	kj	KJ	word_label	kj_37	kj_37	37	0.21270749757195612
sub-06	meta_metaphor	meta_R_IFG	kj	KJ	word_label	kj_39	kj_39	39	0.2609462256639242
sub-06	meta_metaphor	meta_R_IFG	kj	KJ	word_label	kj_29	kj_29	29	-0.22531528447441443
sub-06	meta_metaphor	meta_R_IFG	kj	KJ	word_label	kj_33	kj_33	33	0.056715248221034256
sub-06	meta_metaphor	meta_R_IFG	kj	KJ	word_label	kj_3	kj_3	3	0.5202903669284812
sub-06	meta_metaphor	meta_R_IFG	kj	KJ	word_label	kj_8	kj_8	8	0.4686998205032781
sub-06	meta_metaphor	meta_R_IFG	kj	KJ	word_label	kj_25	kj_25	25	-0.16620286791711494
sub-06	meta_metaphor	meta_R_IFG	kj	KJ	word_label	kj_15	kj_15	15	-0.4511889522071083
sub-06	meta_metaphor	meta_R_IFG	kj	KJ	word_label	kj_2	kj_2	2	-0.17733767927410127
sub-06	meta_metaphor	meta_R_IFG	kj	KJ	word_label	kj_38	kj_38	38	0.2757467982632139
sub-06	meta_metaphor	meta_R_IFG	kj	KJ	word_label	kj_31	kj_31	31	-0.028541951776333552
sub-06	meta_metaphor	meta_R_IFG	kj	KJ	word_label	kj_14	kj_14	14	0.06810512466649718
sub-06	meta_metaphor	meta_R_IFG	kj	KJ	word_label	kj_16	kj_16	16	0.213970111508842
sub-06	meta_metaphor	meta_R_IFG	kj	KJ	word_label	kj_11	kj_11	11	-0.22748585071078106
sub-06	meta_metaphor	meta_R_IFG	kj	KJ	word_label	kj_28	kj_28	28	0.512023220382999
sub-06	meta_metaphor	meta_R_IFG	kj	KJ	word_label	kj_6	kj_6	6	-0.3133989245224825
sub-06	meta_metaphor	meta_R_IFG	kj	KJ	word_label	kj_17	kj_17	17	-0.22270870826056877
sub-06	meta_metaphor	meta_R_IFG	kj	KJ	word_label	kj_34	kj_34	34	0.23819911445667546
sub-06	meta_metaphor	meta_R_IFG	kj	KJ	word_label	kj_26	kj_26	26	-0.28039099612594165
sub-06	meta_metaphor	meta_R_IFG	kj	KJ	word_label	kj_27	kj_27	27	-0.003202988169962423
sub-06	meta_metaphor	meta_R_IFG	kj	KJ	word_label	kj_21	kj_21	21	-0.2936548993892848
sub-06	meta_metaphor	meta_R_IFG	kj	KJ	word_label	kj_23	kj_23	23	-0.29693046500812825
sub-06	meta_metaphor	meta_R_pMTG_pSTS	yy	YY	word_label	yy_1	yy_1	1	-0.10761756487653767
sub-06	meta_metaphor	meta_R_pMTG_pSTS	yy	YY	word_label	yy_7	yy_7	7	-0.27392526652032123
sub-06	meta_metaphor	meta_R_pMTG_pSTS	yy	YY	word_label	yy_27	yy_27	27	-0.43274466106832177
sub-06	meta_metaphor	meta_R_pMTG_pSTS	yy	YY	word_label	yy_23	yy_23	23	-0.14337407100858604
sub-06	meta_metaphor	meta_R_pMTG_pSTS	yy	YY	word_label	yy_19	yy_19	19	0.24584589408739616
sub-06	meta_metaphor	meta_R_pMTG_pSTS	yy	YY	word_label	yy_32	yy_32	32	-0.3150184069110307
sub-06	meta_metaphor	meta_R_pMTG_pSTS	yy	YY	word_label	yy_14	yy_14	14	-0.03402412123067185
sub-06	meta_metaphor	meta_R_pMTG_pSTS	yy	YY	word_label	yy_28	yy_28	28	-0.35321210319907653
sub-06	meta_metaphor	meta_R_pMTG_pSTS	yy	YY	word_label	yy_15	yy_15	15	-0.478869855084239
sub-06	meta_metaphor	meta_R_pMTG_pSTS	yy	YY	word_label	yy_12	yy_12	12	-0.07210410547653662
sub-06	meta_metaphor	meta_R_pMTG_pSTS	yy	YY	word_label	yy_16	yy_16	16	0.25608570731494384
sub-06	meta_metaphor	meta_R_pMTG_pSTS	yy	YY	word_label	yy_2	yy_2	2	0.08537751315093747
sub-06	meta_metaphor	meta_R_pMTG_pSTS	yy	YY	word_label	yy_10	yy_10	10	0.3005175432072271
sub-06	meta_metaphor	meta_R_pMTG_pSTS	yy	YY	word_label	yy_11	yy_11	11	-0.10763812391024039
sub-06	meta_metaphor	meta_R_pMTG_pSTS	yy	YY	word_label	yy_33	yy_33	33	0.8093390345814717
sub-06	meta_metaphor	meta_R_pMTG_pSTS	yy	YY	word_label	yy_37	yy_37	37	-0.6792204064007679
sub-06	meta_metaphor	meta_R_pMTG_pSTS	yy	YY	word_label	yy_35	yy_35	35	-0.3003723332809834
sub-06	meta_metaphor	meta_R_pMTG_pSTS	yy	YY	word_label	yy_38	yy_38	38	-0.184368192088789
sub-06	meta_metaphor	meta_R_pMTG_pSTS	yy	YY	word_label	yy_3	yy_3	3	0.01259136957193246
sub-06	meta_metaphor	meta_R_pMTG_pSTS	yy	YY	word_label	yy_6	yy_6	6	0.4259204715146142
sub-06	meta_metaphor	meta_R_pMTG_pSTS	yy	YY	word_label	yy_18	yy_18	18	-0.05011891537229849
sub-06	meta_metaphor	meta_R_pMTG_pSTS	yy	YY	word_label	yy_9	yy_9	9	-0.004752069014620372
sub-06	meta_metaphor	meta_R_pMTG_pSTS	yy	YY	word_label	yy_29	yy_29	29	0.3628432155321026
sub-06	meta_metaphor	meta_R_pMTG_pSTS	yy	YY	word_label	yy_5	yy_5	5	-0.3436810451709437
sub-06	meta_metaphor	meta_R_pMTG_pSTS	yy	YY	word_label	yy_13	yy_13	13	-0.5725063383970157
sub-06	meta_metaphor	meta_R_pMTG_pSTS	yy	YY	word_label	yy_22	yy_22	22	-0.11871805551985444
sub-06	meta_metaphor	meta_R_pMTG_pSTS	yy	YY	word_label	yy_36	yy_36	36	0.5745730607980778
sub-06	meta_metaphor	meta_R_pMTG_pSTS	yy	YY	word_label	yy_17	yy_17	17	-0.16477571862455265
sub-06	meta_metaphor	meta_R_pMTG_pSTS	yy	YY	word_label	yy_4	yy_4	4	-0.2798194140901383
sub-06	meta_metaphor	meta_R_pMTG_pSTS	yy	YY	word_label	yy_8	yy_8	8	0.09296486725017054
sub-06	meta_metaphor	meta_R_pMTG_pSTS	yy	YY	word_label	yy_26	yy_26	26	-0.10721611375814788
sub-06	meta_metaphor	meta_R_pMTG_pSTS	yy	YY	word_label	yy_21	yy_21	21	-0.07774803280414017
sub-06	meta_metaphor	meta_R_pMTG_pSTS	yy	YY	word_label	yy_39	yy_39	39	-0.47942817517790937
sub-06	meta_metaphor	meta_R_pMTG_pSTS	yy	YY	word_label	yy_24	yy_24	24	0.606418011965602
sub-06	meta_metaphor	meta_R_pMTG_pSTS	yy	YY	word_label	yy_40	yy_40	40	0.36025575731238146
sub-06	meta_metaphor	meta_R_pMTG_pSTS	kj	KJ	word_label	kj_24	kj_24	24	-0.36329072508644056
sub-06	meta_metaphor	meta_R_pMTG_pSTS	kj	KJ	word_label	kj_10	kj_10	10	0.6325870391011035
sub-06	meta_metaphor	meta_R_pMTG_pSTS	kj	KJ	word_label	kj_1	kj_1	1	0.5571363231155314
sub-06	meta_metaphor	meta_R_pMTG_pSTS	kj	KJ	word_label	kj_9	kj_9	9	0.5507007241223625
sub-06	meta_metaphor	meta_R_pMTG_pSTS	kj	KJ	word_label	kj_5	kj_5	5	0.0018521710187978588
sub-06	meta_metaphor	meta_R_pMTG_pSTS	kj	KJ	word_label	kj_7	kj_7	7	0.5958412450121017
sub-06	meta_metaphor	meta_R_pMTG_pSTS	kj	KJ	word_label	kj_13	kj_13	13	0.2760138967007779
sub-06	meta_metaphor	meta_R_pMTG_pSTS	kj	KJ	word_label	kj_12	kj_12	12	-0.2116493454594705
sub-06	meta_metaphor	meta_R_pMTG_pSTS	kj	KJ	word_label	kj_30	kj_30	30	-0.1684009484150089
sub-06	meta_metaphor	meta_R_pMTG_pSTS	kj	KJ	word_label	kj_36	kj_36	36	-0.5844618916996108
sub-06	meta_metaphor	meta_R_pMTG_pSTS	kj	KJ	word_label	kj_22	kj_22	22	-0.2520103970527948
sub-06	meta_metaphor	meta_R_pMTG_pSTS	kj	KJ	word_label	kj_20	kj_20	20	-0.19711263024396666
sub-06	meta_metaphor	meta_R_pMTG_pSTS	kj	KJ	word_label	kj_19	kj_19	19	0.28463842281023766
sub-06	meta_metaphor	meta_R_pMTG_pSTS	kj	KJ	word_label	kj_37	kj_37	37	-0.054289961417604934
sub-06	meta_metaphor	meta_R_pMTG_pSTS	kj	KJ	word_label	kj_39	kj_39	39	-0.20045125940277364
sub-06	meta_metaphor	meta_R_pMTG_pSTS	kj	KJ	word_label	kj_29	kj_29	29	0.5025058973247745
sub-06	meta_metaphor	meta_R_pMTG_pSTS	kj	KJ	word_label	kj_33	kj_33	33	0.2832638388504601
sub-06	meta_metaphor	meta_R_pMTG_pSTS	kj	KJ	word_label	kj_3	kj_3	3	0.21506587501740126
sub-06	meta_metaphor	meta_R_pMTG_pSTS	kj	KJ	word_label	kj_8	kj_8	8	0.11364482737932541
sub-06	meta_metaphor	meta_R_pMTG_pSTS	kj	KJ	word_label	kj_25	kj_25	25	-0.2703027837388241
sub-06	meta_metaphor	meta_R_pMTG_pSTS	kj	KJ	word_label	kj_15	kj_15	15	0.0554897174162654
sub-06	meta_metaphor	meta_R_pMTG_pSTS	kj	KJ	word_label	kj_2	kj_2	2	-0.20430218021719512
sub-06	meta_metaphor	meta_R_pMTG_pSTS	kj	KJ	word_label	kj_38	kj_38	38	0.2058409471126215
sub-06	meta_metaphor	meta_R_pMTG_pSTS	kj	KJ	word_label	kj_31	kj_31	31	-0.5782233662864201
sub-06	meta_metaphor	meta_R_pMTG_pSTS	kj	KJ	word_label	kj_14	kj_14	14	-0.12647921377793522
sub-06	meta_metaphor	meta_R_pMTG_pSTS	kj	KJ	word_label	kj_16	kj_16	16	0.22981185726781825
sub-06	meta_metaphor	meta_R_pMTG_pSTS	kj	KJ	word_label	kj_11	kj_11	11	-0.012376964559536238
sub-06	meta_metaphor	meta_R_pMTG_pSTS	kj	KJ	word_label	kj_28	kj_28	28	0.5891063675251783
sub-06	meta_metaphor	meta_R_pMTG_pSTS	kj	KJ	word_label	kj_6	kj_6	6	0.3799062108962289
sub-06	meta_metaphor	meta_R_pMTG_pSTS	kj	KJ	word_label	kj_17	kj_17	17	0.3240087017699436
sub-06	meta_metaphor	meta_R_pMTG_pSTS	kj	KJ	word_label	kj_34	kj_34	34	-0.0702131396504192
sub-06	meta_metaphor	meta_R_pMTG_pSTS	kj	KJ	word_label	kj_26	kj_26	26	0.27483879873853806
sub-06	meta_metaphor	meta_R_pMTG_pSTS	kj	KJ	word_label	kj_27	kj_27	27	-0.36088193004444924
sub-06	meta_metaphor	meta_R_pMTG_pSTS	kj	KJ	word_label	kj_21	kj_21	21	-0.24890058541576524
sub-06	meta_metaphor	meta_R_pMTG_pSTS	kj	KJ	word_label	kj_23	kj_23	23	0.16700233759812638
sub-06	meta_metaphor	meta_R_temporal_pole	yy	YY	word_label	yy_1	yy_1	1	-0.011560000056738655
sub-06	meta_metaphor	meta_R_temporal_pole	yy	YY	word_label	yy_7	yy_7	7	-0.009008418909585673
sub-06	meta_metaphor	meta_R_temporal_pole	yy	YY	word_label	yy_27	yy_27	27	0.11023616987217712
sub-06	meta_metaphor	meta_R_temporal_pole	yy	YY	word_label	yy_23	yy_23	23	0.028603378302223276
sub-06	meta_metaphor	meta_R_temporal_pole	yy	YY	word_label	yy_19	yy_19	19	0.045320750967178865
sub-06	meta_metaphor	meta_R_temporal_pole	yy	YY	word_label	yy_32	yy_32	32	0.37325267079840174
sub-06	meta_metaphor	meta_R_temporal_pole	yy	YY	word_label	yy_14	yy_14	14	0.045043016908897865
sub-06	meta_metaphor	meta_R_temporal_pole	yy	YY	word_label	yy_28	yy_28	28	-0.18212373680772406
sub-06	meta_metaphor	meta_R_temporal_pole	yy	YY	word_label	yy_15	yy_15	15	0.1482109502152813
sub-06	meta_metaphor	meta_R_temporal_pole	yy	YY	word_label	yy_12	yy_12	12	-0.5239768144913272
sub-06	meta_metaphor	meta_R_temporal_pole	yy	YY	word_label	yy_16	yy_16	16	-0.27028741302750214
sub-06	meta_metaphor	meta_R_temporal_pole	yy	YY	word_label	yy_2	yy_2	2	0.2873708053795772
sub-06	meta_metaphor	meta_R_temporal_pole	yy	YY	word_label	yy_10	yy_10	10	-0.3724738873743686
sub-06	meta_metaphor	meta_R_temporal_pole	yy	YY	word_label	yy_11	yy_11	11	0.02707928073610644
sub-06	meta_metaphor	meta_R_temporal_pole	yy	YY	word_label	yy_33	yy_33	33	0.042077035739859214
sub-06	meta_metaphor	meta_R_temporal_pole	yy	YY	word_label	yy_37	yy_37	37	-0.1380962056816746
sub-06	meta_metaphor	meta_R_temporal_pole	yy	YY	word_label	yy_35	yy_35	35	0.1004105001315038
sub-06	meta_metaphor	meta_R_temporal_pole	yy	YY	word_label	yy_38	yy_38	38	0.04697682895621812
sub-06	meta_metaphor	meta_R_temporal_pole	yy	YY	word_label	yy_3	yy_3	3	0.3560583527818631
sub-06	meta_metaphor	meta_R_temporal_pole	yy	YY	word_label	yy_6	yy_6	6	0.012364414559781508
sub-06	meta_metaphor	meta_R_temporal_pole	yy	YY	word_label	yy_18	yy_18	18	0.10390505909355562
sub-06	meta_metaphor	meta_R_temporal_pole	yy	YY	word_label	yy_9	yy_9	9	-0.36348764606903716
sub-06	meta_metaphor	meta_R_temporal_pole	yy	YY	word_label	yy_29	yy_29	29	-0.009958147534028952
sub-06	meta_metaphor	meta_R_temporal_pole	yy	YY	word_label	yy_5	yy_5	5	-0.08715375901898587
sub-06	meta_metaphor	meta_R_temporal_pole	yy	YY	word_label	yy_13	yy_13	13	-0.06459479119379063
sub-06	meta_metaphor	meta_R_temporal_pole	yy	YY	word_label	yy_22	yy_22	22	-0.17631256519562125
sub-06	meta_metaphor	meta_R_temporal_pole	yy	YY	word_label	yy_36	yy_36	36	-0.009799950093593452
sub-06	meta_metaphor	meta_R_temporal_pole	yy	YY	word_label	yy_17	yy_17	17	0.06405255637660165
sub-06	meta_metaphor	meta_R_temporal_pole	yy	YY	word_label	yy_4	yy_4	4	-0.3602073885467965
sub-06	meta_metaphor	meta_R_temporal_pole	yy	YY	word_label	yy_8	yy_8	8	-0.09461674449108168
sub-06	meta_metaphor	meta_R_temporal_pole	yy	YY	word_label	yy_26	yy_26	26	0.013845059584709982
sub-06	meta_metaphor	meta_R_temporal_pole	yy	YY	word_label	yy_21	yy_21	21	-0.2315670584784703
sub-06	meta_metaphor	meta_R_temporal_pole	yy	YY	word_label	yy_39	yy_39	39	0.00013013434384347668
sub-06	meta_metaphor	meta_R_temporal_pole	yy	YY	word_label	yy_24	yy_24	24	0.05812491108075779
sub-06	meta_metaphor	meta_R_temporal_pole	yy	YY	word_label	yy_40	yy_40	40	0.2816177308069076
sub-06	meta_metaphor	meta_R_temporal_pole	kj	KJ	word_label	kj_24	kj_24	24	0.10983872774704359
sub-06	meta_metaphor	meta_R_temporal_pole	kj	KJ	word_label	kj_10	kj_10	10	-0.06906652778594394
sub-06	meta_metaphor	meta_R_temporal_pole	kj	KJ	word_label	kj_1	kj_1	1	0.1984903485676551
sub-06	meta_metaphor	meta_R_temporal_pole	kj	KJ	word_label	kj_9	kj_9	9	-0.27363438975407794
sub-06	meta_metaphor	meta_R_temporal_pole	kj	KJ	word_label	kj_5	kj_5	5	-0.1041228775387092
sub-06	meta_metaphor	meta_R_temporal_pole	kj	KJ	word_label	kj_7	kj_7	7	0.20574139969258778
sub-06	meta_metaphor	meta_R_temporal_pole	kj	KJ	word_label	kj_13	kj_13	13	0.07039910983532754
sub-06	meta_metaphor	meta_R_temporal_pole	kj	KJ	word_label	kj_12	kj_12	12	0.06903545781239812
sub-06	meta_metaphor	meta_R_temporal_pole	kj	KJ	word_label	kj_30	kj_30	30	0.0351434229741118
sub-06	meta_metaphor	meta_R_temporal_pole	kj	KJ	word_label	kj_36	kj_36	36	0.1934266389590146
sub-06	meta_metaphor	meta_R_temporal_pole	kj	KJ	word_label	kj_22	kj_22	22	0.09600112923277233
sub-06	meta_metaphor	meta_R_temporal_pole	kj	KJ	word_label	kj_20	kj_20	20	0.13054996165656604
sub-06	meta_metaphor	meta_R_temporal_pole	kj	KJ	word_label	kj_19	kj_19	19	0.11831673422003475
sub-06	meta_metaphor	meta_R_temporal_pole	kj	KJ	word_label	kj_37	kj_37	37	0.2766430087411181
sub-06	meta_metaphor	meta_R_temporal_pole	kj	KJ	word_label	kj_39	kj_39	39	0.061647887597847124
sub-06	meta_metaphor	meta_R_temporal_pole	kj	KJ	word_label	kj_29	kj_29	29	0.042598983273697676
sub-06	meta_metaphor	meta_R_temporal_pole	kj	KJ	word_label	kj_33	kj_33	33	-0.29699075748342263
sub-06	meta_metaphor	meta_R_temporal_pole	kj	KJ	word_label	kj_3	kj_3	3	-0.25462226967921764
sub-06	meta_metaphor	meta_R_temporal_pole	kj	KJ	word_label	kj_8	kj_8	8	0.2885394863289199
sub-06	meta_metaphor	meta_R_temporal_pole	kj	KJ	word_label	kj_25	kj_25	25	-0.09956386041271326
sub-06	meta_metaphor	meta_R_temporal_pole	kj	KJ	word_label	kj_15	kj_15	15	0.1274447826717789
sub-06	meta_metaphor	meta_R_temporal_pole	kj	KJ	word_label	kj_2	kj_2	2	-0.040280703308891976
sub-06	meta_metaphor	meta_R_temporal_pole	kj	KJ	word_label	kj_38	kj_38	38	-0.09904419100232346
sub-06	meta_metaphor	meta_R_temporal_pole	kj	KJ	word_label	kj_31	kj_31	31	-0.10060088514778147
sub-06	meta_metaphor	meta_R_temporal_pole	kj	KJ	word_label	kj_14	kj_14	14	-0.11699503521450945
sub-06	meta_metaphor	meta_R_temporal_pole	kj	KJ	word_label	kj_16	kj_16	16	-0.20886986451317607
sub-06	meta_metaphor	meta_R_temporal_pole	kj	KJ	word_label	kj_11	kj_11	11	-0.2594951938039307
sub-06	meta_metaphor	meta_R_temporal_pole	kj	KJ	word_label	kj_28	kj_28	28	-0.09660996127088436
sub-06	meta_metaphor	meta_R_temporal_pole	kj	KJ	word_label	kj_6	kj_6	6	0.13017168614616675
sub-06	meta_metaphor	meta_R_temporal_pole	kj	KJ	word_label	kj_17	kj_17	17	-0.32239143078688753
sub-06	meta_metaphor	meta_R_temporal_pole	kj	KJ	word_label	kj_34	kj_34	34	-0.04380283128805532
sub-06	meta_metaphor	meta_R_temporal_pole	kj	KJ	word_label	kj_26	kj_26	26	0.11597454829384003
sub-06	meta_metaphor	meta_R_temporal_pole	kj	KJ	word_label	kj_27	kj_27	27	0.2243964268665402
sub-06	meta_metaphor	meta_R_temporal_pole	kj	KJ	word_label	kj_21	kj_21	21	-0.4748793626186454
sub-06	meta_metaphor	meta_R_temporal_pole	kj	KJ	word_label	kj_23	kj_23	23	-0.49900579678215146
sub-07	meta_metaphor	meta_L_AG	yy	YY	word_label	yy_17	yy_17	17	0.1466500880483759
sub-07	meta_metaphor	meta_L_AG	yy	YY	word_label	yy_37	yy_37	37	0.38001646007224793
sub-07	meta_metaphor	meta_L_AG	yy	YY	word_label	yy_33	yy_33	33	0.10588635303544686
sub-07	meta_metaphor	meta_L_AG	yy	YY	word_label	yy_21	yy_21	21	-0.17589578784447876
sub-07	meta_metaphor	meta_L_AG	yy	YY	word_label	yy_36	yy_36	36	0.04498044841435475
sub-07	meta_metaphor	meta_L_AG	yy	YY	word_label	yy_8	yy_8	8	0.19381576094180403
sub-07	meta_metaphor	meta_L_AG	yy	YY	word_label	yy_9	yy_9	9	0.36745902787676543
sub-07	meta_metaphor	meta_L_AG	yy	YY	word_label	yy_26	yy_26	26	0.07469206502356868
sub-07	meta_metaphor	meta_L_AG	yy	YY	word_label	yy_38	yy_38	38	0.45221742661155456
sub-07	meta_metaphor	meta_L_AG	yy	YY	word_label	yy_32	yy_32	32	-0.07053268296540006
sub-07	meta_metaphor	meta_L_AG	yy	YY	word_label	yy_10	yy_10	10	0.08970352130687216
sub-07	meta_metaphor	meta_L_AG	yy	YY	word_label	yy_24	yy_24	24	-0.19793536647976648
sub-07	meta_metaphor	meta_L_AG	yy	YY	word_label	yy_12	yy_12	12	0.21555738283145467
sub-07	meta_metaphor	meta_L_AG	yy	YY	word_label	yy_2	yy_2	2	-0.5632614016243709
sub-07	meta_metaphor	meta_L_AG	yy	YY	word_label	yy_11	yy_11	11	0.08325648139799763
sub-07	meta_metaphor	meta_L_AG	yy	YY	word_label	yy_35	yy_35	35	0.4965964080787621
sub-07	meta_metaphor	meta_L_AG	yy	YY	word_label	yy_7	yy_7	7	0.7110003919322404
sub-07	meta_metaphor	meta_L_AG	yy	YY	word_label	yy_5	yy_5	5	0.3646350967274811
sub-07	meta_metaphor	meta_L_AG	yy	YY	word_label	yy_15	yy_15	15	0.5895248355855052
sub-07	meta_metaphor	meta_L_AG	yy	YY	word_label	yy_3	yy_3	3	0.16578404234574087
sub-07	meta_metaphor	meta_L_AG	yy	YY	word_label	yy_4	yy_4	4	-0.05605110983450884
sub-07	meta_metaphor	meta_L_AG	yy	YY	word_label	yy_14	yy_14	14	0.5674901542621678
sub-07	meta_metaphor	meta_L_AG	yy	YY	word_label	yy_6	yy_6	6	-0.5729512049963574
sub-07	meta_metaphor	meta_L_AG	yy	YY	word_label	yy_40	yy_40	40	0.3255924079667998
sub-07	meta_metaphor	meta_L_AG	yy	YY	word_label	yy_23	yy_23	23	0.09411471434402596
sub-07	meta_metaphor	meta_L_AG	yy	YY	word_label	yy_19	yy_19	19	0.050176822186465804
sub-07	meta_metaphor	meta_L_AG	yy	YY	word_label	yy_16	yy_16	16	0.07373982832287228
sub-07	meta_metaphor	meta_L_AG	yy	YY	word_label	yy_29	yy_29	29	0.28891219610191876
sub-07	meta_metaphor	meta_L_AG	yy	YY	word_label	yy_39	yy_39	39	0.17533568605761995
sub-07	meta_metaphor	meta_L_AG	yy	YY	word_label	yy_18	yy_18	18	-0.13148736386130222
sub-07	meta_metaphor	meta_L_AG	yy	YY	word_label	yy_13	yy_13	13	-0.4677952800493021
sub-07	meta_metaphor	meta_L_AG	yy	YY	word_label	yy_22	yy_22	22	0.17045482209282276
sub-07	meta_metaphor	meta_L_AG	yy	YY	word_label	yy_27	yy_27	27	-0.19640015585527876
sub-07	meta_metaphor	meta_L_AG	yy	YY	word_label	yy_1	yy_1	1	0.14414710971127825
sub-07	meta_metaphor	meta_L_AG	yy	YY	word_label	yy_28	yy_28	28	-0.02007457912831835
sub-07	meta_metaphor	meta_L_AG	kj	KJ	word_label	kj_6	kj_6	6	0.36501532515701895
sub-07	meta_metaphor	meta_L_AG	kj	KJ	word_label	kj_27	kj_27	27	-0.29427836641830046
sub-07	meta_metaphor	meta_L_AG	kj	KJ	word_label	kj_15	kj_15	15	0.060197260310160684
sub-07	meta_metaphor	meta_L_AG	kj	KJ	word_label	kj_19	kj_19	19	0.09235835479805309
sub-07	meta_metaphor	meta_L_AG	kj	KJ	word_label	kj_25	kj_25	25	0.48072707903049816
sub-07	meta_metaphor	meta_L_AG	kj	KJ	word_label	kj_12	kj_12	12	0.09028169203075195
sub-07	meta_metaphor	meta_L_AG	kj	KJ	word_label	kj_13	kj_13	13	0.3661507173501957
sub-07	meta_metaphor	meta_L_AG	kj	KJ	word_label	kj_28	kj_28	28	-0.12903280482034754
sub-07	meta_metaphor	meta_L_AG	kj	KJ	word_label	kj_3	kj_3	3	-0.3662142426507694
sub-07	meta_metaphor	meta_L_AG	kj	KJ	word_label	kj_10	kj_10	10	-0.015178064165907135
sub-07	meta_metaphor	meta_L_AG	kj	KJ	word_label	kj_21	kj_21	21	0.16173218290764013
sub-07	meta_metaphor	meta_L_AG	kj	KJ	word_label	kj_7	kj_7	7	0.7158749427556701
sub-07	meta_metaphor	meta_L_AG	kj	KJ	word_label	kj_16	kj_16	16	0.37307013600954464
sub-07	meta_metaphor	meta_L_AG	kj	KJ	word_label	kj_17	kj_17	17	0.10769411666498437
sub-07	meta_metaphor	meta_L_AG	kj	KJ	word_label	kj_20	kj_20	20	0.42920154565284846
sub-07	meta_metaphor	meta_L_AG	kj	KJ	word_label	kj_8	kj_8	8	0.40636438899235167
sub-07	meta_metaphor	meta_L_AG	kj	KJ	word_label	kj_34	kj_34	34	0.2943772715707633
sub-07	meta_metaphor	meta_L_AG	kj	KJ	word_label	kj_33	kj_33	33	-0.06591530778488022
sub-07	meta_metaphor	meta_L_AG	kj	KJ	word_label	kj_1	kj_1	1	-0.37475259833727753
sub-07	meta_metaphor	meta_L_AG	kj	KJ	word_label	kj_39	kj_39	39	0.4922944708941582
sub-07	meta_metaphor	meta_L_AG	kj	KJ	word_label	kj_11	kj_11	11	0.458435062583939
sub-07	meta_metaphor	meta_L_AG	kj	KJ	word_label	kj_38	kj_38	38	0.30505107688188776
sub-07	meta_metaphor	meta_L_AG	kj	KJ	word_label	kj_22	kj_22	22	-0.1372532812367759
sub-07	meta_metaphor	meta_L_AG	kj	KJ	word_label	kj_5	kj_5	5	0.414475964676745
sub-07	meta_metaphor	meta_L_AG	kj	KJ	word_label	kj_29	kj_29	29	-0.20203559200475296
sub-07	meta_metaphor	meta_L_AG	kj	KJ	word_label	kj_23	kj_23	23	0.026857990498935874
sub-07	meta_metaphor	meta_L_AG	kj	KJ	word_label	kj_9	kj_9	9	0.4612124390609033
sub-07	meta_metaphor	meta_L_AG	kj	KJ	word_label	kj_14	kj_14	14	0.4856040699986619
sub-07	meta_metaphor	meta_L_AG	kj	KJ	word_label	kj_37	kj_37	37	0.30732006221786506
sub-07	meta_metaphor	meta_L_AG	kj	KJ	word_label	kj_26	kj_26	26	0.3752012682965343
sub-07	meta_metaphor	meta_L_AG	kj	KJ	word_label	kj_24	kj_24	24	0.05667614893361901
sub-07	meta_metaphor	meta_L_AG	kj	KJ	word_label	kj_30	kj_30	30	-0.2118149635320879
sub-07	meta_metaphor	meta_L_AG	kj	KJ	word_label	kj_36	kj_36	36	-0.023528106079171118
sub-07	meta_metaphor	meta_L_AG	kj	KJ	word_label	kj_2	kj_2	2	0.47698487979186216
sub-07	meta_metaphor	meta_L_AG	kj	KJ	word_label	kj_31	kj_31	31	0.18590862929747082
sub-07	meta_metaphor	meta_L_IFG	yy	YY	word_label	yy_17	yy_17	17	0.25432687921286523
sub-07	meta_metaphor	meta_L_IFG	yy	YY	word_label	yy_37	yy_37	37	0.36080674132034035
sub-07	meta_metaphor	meta_L_IFG	yy	YY	word_label	yy_33	yy_33	33	-0.05616005879950247
sub-07	meta_metaphor	meta_L_IFG	yy	YY	word_label	yy_21	yy_21	21	-0.07019758946212225
sub-07	meta_metaphor	meta_L_IFG	yy	YY	word_label	yy_36	yy_36	36	0.40743511862456655
sub-07	meta_metaphor	meta_L_IFG	yy	YY	word_label	yy_8	yy_8	8	0.12004261034240878
sub-07	meta_metaphor	meta_L_IFG	yy	YY	word_label	yy_9	yy_9	9	0.19499484048292548
sub-07	meta_metaphor	meta_L_IFG	yy	YY	word_label	yy_26	yy_26	26	0.26382495610470524
sub-07	meta_metaphor	meta_L_IFG	yy	YY	word_label	yy_38	yy_38	38	0.29361328402976694
sub-07	meta_metaphor	meta_L_IFG	yy	YY	word_label	yy_32	yy_32	32	0.010646577072654947
sub-07	meta_metaphor	meta_L_IFG	yy	YY	word_label	yy_10	yy_10	10	0.227175642838967
sub-07	meta_metaphor	meta_L_IFG	yy	YY	word_label	yy_24	yy_24	24	-0.2768737640636067
sub-07	meta_metaphor	meta_L_IFG	yy	YY	word_label	yy_12	yy_12	12	-0.283747312521497
sub-07	meta_metaphor	meta_L_IFG	yy	YY	word_label	yy_2	yy_2	2	0.11347652388685295
sub-07	meta_metaphor	meta_L_IFG	yy	YY	word_label	yy_11	yy_11	11	-0.09043277708236817
sub-07	meta_metaphor	meta_L_IFG	yy	YY	word_label	yy_35	yy_35	35	-0.054514609186380014
sub-07	meta_metaphor	meta_L_IFG	yy	YY	word_label	yy_7	yy_7	7	0.06426819123174027
sub-07	meta_metaphor	meta_L_IFG	yy	YY	word_label	yy_5	yy_5	5	0.02406740339174392
sub-07	meta_metaphor	meta_L_IFG	yy	YY	word_label	yy_15	yy_15	15	-0.191082418238856
sub-07	meta_metaphor	meta_L_IFG	yy	YY	word_label	yy_3	yy_3	3	0.28969465665266136
sub-07	meta_metaphor	meta_L_IFG	yy	YY	word_label	yy_4	yy_4	4	-0.10825005335994105
sub-07	meta_metaphor	meta_L_IFG	yy	YY	word_label	yy_14	yy_14	14	-0.27890481623847796
sub-07	meta_metaphor	meta_L_IFG	yy	YY	word_label	yy_6	yy_6	6	-0.1654207689565113
sub-07	meta_metaphor	meta_L_IFG	yy	YY	word_label	yy_40	yy_40	40	-0.09238868825655167
sub-07	meta_metaphor	meta_L_IFG	yy	YY	word_label	yy_23	yy_23	23	0.20624678146310432
sub-07	meta_metaphor	meta_L_IFG	yy	YY	word_label	yy_19	yy_19	19	-0.11572174438367515
sub-07	meta_metaphor	meta_L_IFG	yy	YY	word_label	yy_16	yy_16	16	-0.06775740755165463
sub-07	meta_metaphor	meta_L_IFG	yy	YY	word_label	yy_29	yy_29	29	-0.2039172137699871
sub-07	meta_metaphor	meta_L_IFG	yy	YY	word_label	yy_39	yy_39	39	-0.12793859001320376
sub-07	meta_metaphor	meta_L_IFG	yy	YY	word_label	yy_18	yy_18	18	-0.2876476265174151
sub-07	meta_metaphor	meta_L_IFG	yy	YY	word_label	yy_13	yy_13	13	-0.3221195175493728
sub-07	meta_metaphor	meta_L_IFG	yy	YY	word_label	yy_22	yy_22	22	0.5259786262848116
sub-07	meta_metaphor	meta_L_IFG	yy	YY	word_label	yy_27	yy_27	27	0.3085516967049225
sub-07	meta_metaphor	meta_L_IFG	yy	YY	word_label	yy_1	yy_1	1	-0.2080705918059512
sub-07	meta_metaphor	meta_L_IFG	yy	YY	word_label	yy_28	yy_28	28	0.1371795976011425
sub-07	meta_metaphor	meta_L_IFG	kj	KJ	word_label	kj_6	kj_6	6	0.11364988163968491
sub-07	meta_metaphor	meta_L_IFG	kj	KJ	word_label	kj_27	kj_27	27	0.036139879371581037
sub-07	meta_metaphor	meta_L_IFG	kj	KJ	word_label	kj_15	kj_15	15	-0.04875933722182615
sub-07	meta_metaphor	meta_L_IFG	kj	KJ	word_label	kj_19	kj_19	19	0.39009581241125574
sub-07	meta_metaphor	meta_L_IFG	kj	KJ	word_label	kj_25	kj_25	25	0.07014678813758458
sub-07	meta_metaphor	meta_L_IFG	kj	KJ	word_label	kj_12	kj_12	12	0.32269345738492844
sub-07	meta_metaphor	meta_L_IFG	kj	KJ	word_label	kj_13	kj_13	13	0.007711946154499577
sub-07	meta_metaphor	meta_L_IFG	kj	KJ	word_label	kj_28	kj_28	28	0.016122171219178028
sub-07	meta_metaphor	meta_L_IFG	kj	KJ	word_label	kj_3	kj_3	3	-0.24243960997482117
sub-07	meta_metaphor	meta_L_IFG	kj	KJ	word_label	kj_10	kj_10	10	-0.27045220549126053
sub-07	meta_metaphor	meta_L_IFG	kj	KJ	word_label	kj_21	kj_21	21	-0.4239175752685836
sub-07	meta_metaphor	meta_L_IFG	kj	KJ	word_label	kj_7	kj_7	7	0.17155781141333246
sub-07	meta_metaphor	meta_L_IFG	kj	KJ	word_label	kj_16	kj_16	16	0.034474186735945066
sub-07	meta_metaphor	meta_L_IFG	kj	KJ	word_label	kj_17	kj_17	17	-0.2946398297317445
sub-07	meta_metaphor	meta_L_IFG	kj	KJ	word_label	kj_20	kj_20	20	-0.04523321446527098
sub-07	meta_metaphor	meta_L_IFG	kj	KJ	word_label	kj_8	kj_8	8	0.09145743718666753
sub-07	meta_metaphor	meta_L_IFG	kj	KJ	word_label	kj_34	kj_34	34	-0.41331231971606985
sub-07	meta_metaphor	meta_L_IFG	kj	KJ	word_label	kj_33	kj_33	33	0.4121524358937216
sub-07	meta_metaphor	meta_L_IFG	kj	KJ	word_label	kj_1	kj_1	1	-0.014322053337260637
sub-07	meta_metaphor	meta_L_IFG	kj	KJ	word_label	kj_39	kj_39	39	-0.08594200725322412
sub-07	meta_metaphor	meta_L_IFG	kj	KJ	word_label	kj_11	kj_11	11	0.506009722563573
sub-07	meta_metaphor	meta_L_IFG	kj	KJ	word_label	kj_38	kj_38	38	-0.08055732006895878
sub-07	meta_metaphor	meta_L_IFG	kj	KJ	word_label	kj_22	kj_22	22	0.22756011605709467
sub-07	meta_metaphor	meta_L_IFG	kj	KJ	word_label	kj_5	kj_5	5	0.3435560722403934
sub-07	meta_metaphor	meta_L_IFG	kj	KJ	word_label	kj_29	kj_29	29	0.19242919433235386
sub-07	meta_metaphor	meta_L_IFG	kj	KJ	word_label	kj_23	kj_23	23	-0.23186546571022035
sub-07	meta_metaphor	meta_L_IFG	kj	KJ	word_label	kj_9	kj_9	9	0.1595382509395806
sub-07	meta_metaphor	meta_L_IFG	kj	KJ	word_label	kj_14	kj_14	14	0.5220997828897004
sub-07	meta_metaphor	meta_L_IFG	kj	KJ	word_label	kj_37	kj_37	37	0.07338092881144287
sub-07	meta_metaphor	meta_L_IFG	kj	KJ	word_label	kj_26	kj_26	26	0.06604097426920233
sub-07	meta_metaphor	meta_L_IFG	kj	KJ	word_label	kj_24	kj_24	24	0.2257068240854641
sub-07	meta_metaphor	meta_L_IFG	kj	KJ	word_label	kj_30	kj_30	30	0.18473042597418757
sub-07	meta_metaphor	meta_L_IFG	kj	KJ	word_label	kj_36	kj_36	36	0.5849849294647251
sub-07	meta_metaphor	meta_L_IFG	kj	KJ	word_label	kj_2	kj_2	2	-0.4913454384682923
sub-07	meta_metaphor	meta_L_IFG	kj	KJ	word_label	kj_31	kj_31	31	0.5338149155887124
sub-07	meta_metaphor	meta_L_pMTG_pSTS	yy	YY	word_label	yy_17	yy_17	17	-0.7981806021782463
sub-07	meta_metaphor	meta_L_pMTG_pSTS	yy	YY	word_label	yy_37	yy_37	37	0.5482828552504394
sub-07	meta_metaphor	meta_L_pMTG_pSTS	yy	YY	word_label	yy_33	yy_33	33	0.21357620715727438
sub-07	meta_metaphor	meta_L_pMTG_pSTS	yy	YY	word_label	yy_21	yy_21	21	0.2972976059660644
sub-07	meta_metaphor	meta_L_pMTG_pSTS	yy	YY	word_label	yy_36	yy_36	36	0.7071856320451823
sub-07	meta_metaphor	meta_L_pMTG_pSTS	yy	YY	word_label	yy_8	yy_8	8	-0.3781248754450722
sub-07	meta_metaphor	meta_L_pMTG_pSTS	yy	YY	word_label	yy_9	yy_9	9	0.6742387498953301
sub-07	meta_metaphor	meta_L_pMTG_pSTS	yy	YY	word_label	yy_26	yy_26	26	0.36903557940661574
sub-07	meta_metaphor	meta_L_pMTG_pSTS	yy	YY	word_label	yy_38	yy_38	38	0.596886839738571
sub-07	meta_metaphor	meta_L_pMTG_pSTS	yy	YY	word_label	yy_32	yy_32	32	0.5555860966190939
sub-07	meta_metaphor	meta_L_pMTG_pSTS	yy	YY	word_label	yy_10	yy_10	10	0.7285109474938136
sub-07	meta_metaphor	meta_L_pMTG_pSTS	yy	YY	word_label	yy_24	yy_24	24	0.5297819241107293
sub-07	meta_metaphor	meta_L_pMTG_pSTS	yy	YY	word_label	yy_12	yy_12	12	0.3549231694729021
sub-07	meta_metaphor	meta_L_pMTG_pSTS	yy	YY	word_label	yy_2	yy_2	2	0.1758551668383725
sub-07	meta_metaphor	meta_L_pMTG_pSTS	yy	YY	word_label	yy_11	yy_11	11	-0.5311706519371693
sub-07	meta_metaphor	meta_L_pMTG_pSTS	yy	YY	word_label	yy_35	yy_35	35	0.39603152639056616
sub-07	meta_metaphor	meta_L_pMTG_pSTS	yy	YY	word_label	yy_7	yy_7	7	0.7022691398684239
sub-07	meta_metaphor	meta_L_pMTG_pSTS	yy	YY	word_label	yy_5	yy_5	5	0.461624821287334
sub-07	meta_metaphor	meta_L_pMTG_pSTS	yy	YY	word_label	yy_15	yy_15	15	0.2866318925642392
sub-07	meta_metaphor	meta_L_pMTG_pSTS	yy	YY	word_label	yy_3	yy_3	3	0.5669388225279123
sub-07	meta_metaphor	meta_L_pMTG_pSTS	yy	YY	word_label	yy_4	yy_4	4	0.09528369677459678
sub-07	meta_metaphor	meta_L_pMTG_pSTS	yy	YY	word_label	yy_14	yy_14	14	0.03807809598693425
sub-07	meta_metaphor	meta_L_pMTG_pSTS	yy	YY	word_label	yy_6	yy_6	6	0.49556512443503525
sub-07	meta_metaphor	meta_L_pMTG_pSTS	yy	YY	word_label	yy_40	yy_40	40	-0.1256912943062794
sub-07	meta_metaphor	meta_L_pMTG_pSTS	yy	YY	word_label	yy_23	yy_23	23	-0.5320458022036907
sub-07	meta_metaphor	meta_L_pMTG_pSTS	yy	YY	word_label	yy_19	yy_19	19	0.10447689064190711
sub-07	meta_metaphor	meta_L_pMTG_pSTS	yy	YY	word_label	yy_16	yy_16	16	0.30553986799863997
sub-07	meta_metaphor	meta_L_pMTG_pSTS	yy	YY	word_label	yy_29	yy_29	29	0.12417357233030656
sub-07	meta_metaphor	meta_L_pMTG_pSTS	yy	YY	word_label	yy_39	yy_39	39	0.18954454161090994
sub-07	meta_metaphor	meta_L_pMTG_pSTS	yy	YY	word_label	yy_18	yy_18	18	-0.4435055218616493
sub-07	meta_metaphor	meta_L_pMTG_pSTS	yy	YY	word_label	yy_13	yy_13	13	-0.8357142122616655
sub-07	meta_metaphor	meta_L_pMTG_pSTS	yy	YY	word_label	yy_22	yy_22	22	-0.6147090105721514
sub-07	meta_metaphor	meta_L_pMTG_pSTS	yy	YY	word_label	yy_27	yy_27	27	0.2568277723351922
sub-07	meta_metaphor	meta_L_pMTG_pSTS	yy	YY	word_label	yy_1	yy_1	1	-0.062367110568625185
sub-07	meta_metaphor	meta_L_pMTG_pSTS	yy	YY	word_label	yy_28	yy_28	28	0.599001217303155
sub-07	meta_metaphor	meta_L_pMTG_pSTS	kj	KJ	word_label	kj_6	kj_6	6	0.28418890541862113
sub-07	meta_metaphor	meta_L_pMTG_pSTS	kj	KJ	word_label	kj_27	kj_27	27	0.6518707582119271
sub-07	meta_metaphor	meta_L_pMTG_pSTS	kj	KJ	word_label	kj_15	kj_15	15	0.05597365050269483
sub-07	meta_metaphor	meta_L_pMTG_pSTS	kj	KJ	word_label	kj_19	kj_19	19	0.06743398037964285
sub-07	meta_metaphor	meta_L_pMTG_pSTS	kj	KJ	word_label	kj_25	kj_25	25	0.6224454748538224
sub-07	meta_metaphor	meta_L_pMTG_pSTS	kj	KJ	word_label	kj_12	kj_12	12	0.5984623196522944
sub-07	meta_metaphor	meta_L_pMTG_pSTS	kj	KJ	word_label	kj_13	kj_13	13	0.23243915422698597
sub-07	meta_metaphor	meta_L_pMTG_pSTS	kj	KJ	word_label	kj_28	kj_28	28	0.5225375990459635
sub-07	meta_metaphor	meta_L_pMTG_pSTS	kj	KJ	word_label	kj_3	kj_3	3	0.3724263587790976
sub-07	meta_metaphor	meta_L_pMTG_pSTS	kj	KJ	word_label	kj_10	kj_10	10	0.21993497961681616
sub-07	meta_metaphor	meta_L_pMTG_pSTS	kj	KJ	word_label	kj_21	kj_21	21	-0.15316021588945583
sub-07	meta_metaphor	meta_L_pMTG_pSTS	kj	KJ	word_label	kj_7	kj_7	7	0.43030864737460034
sub-07	meta_metaphor	meta_L_pMTG_pSTS	kj	KJ	word_label	kj_16	kj_16	16	0.11289411739959501
sub-07	meta_metaphor	meta_L_pMTG_pSTS	kj	KJ	word_label	kj_17	kj_17	17	0.2612960596533623
sub-07	meta_metaphor	meta_L_pMTG_pSTS	kj	KJ	word_label	kj_20	kj_20	20	-0.7675682953755295
sub-07	meta_metaphor	meta_L_pMTG_pSTS	kj	KJ	word_label	kj_8	kj_8	8	-0.3144764919475951
sub-07	meta_metaphor	meta_L_pMTG_pSTS	kj	KJ	word_label	kj_34	kj_34	34	0.6057444820658524
sub-07	meta_metaphor	meta_L_pMTG_pSTS	kj	KJ	word_label	kj_33	kj_33	33	-0.7499829643141601
sub-07	meta_metaphor	meta_L_pMTG_pSTS	kj	KJ	word_label	kj_1	kj_1	1	0.13382331275261522
sub-07	meta_metaphor	meta_L_pMTG_pSTS	kj	KJ	word_label	kj_39	kj_39	39	-0.2988114622878798
sub-07	meta_metaphor	meta_L_pMTG_pSTS	kj	KJ	word_label	kj_11	kj_11	11	-0.04978653287782222
sub-07	meta_metaphor	meta_L_pMTG_pSTS	kj	KJ	word_label	kj_38	kj_38	38	0.04575664923618018
sub-07	meta_metaphor	meta_L_pMTG_pSTS	kj	KJ	word_label	kj_22	kj_22	22	0.2783075695351298
sub-07	meta_metaphor	meta_L_pMTG_pSTS	kj	KJ	word_label	kj_5	kj_5	5	0.44769023752873416
sub-07	meta_metaphor	meta_L_pMTG_pSTS	kj	KJ	word_label	kj_29	kj_29	29	-0.15588797117624542
sub-07	meta_metaphor	meta_L_pMTG_pSTS	kj	KJ	word_label	kj_23	kj_23	23	-0.14135673668145787
sub-07	meta_metaphor	meta_L_pMTG_pSTS	kj	KJ	word_label	kj_9	kj_9	9	-0.056438108779112005
sub-07	meta_metaphor	meta_L_pMTG_pSTS	kj	KJ	word_label	kj_14	kj_14	14	0.2923837117040927
sub-07	meta_metaphor	meta_L_pMTG_pSTS	kj	KJ	word_label	kj_37	kj_37	37	0.05205381578698635
sub-07	meta_metaphor	meta_L_pMTG_pSTS	kj	KJ	word_label	kj_26	kj_26	26	0.4121238755003972
sub-07	meta_metaphor	meta_L_pMTG_pSTS	kj	KJ	word_label	kj_24	kj_24	24	-0.35603443200294754
sub-07	meta_metaphor	meta_L_pMTG_pSTS	kj	KJ	word_label	kj_30	kj_30	30	0.1944724561379783
sub-07	meta_metaphor	meta_L_pMTG_pSTS	kj	KJ	word_label	kj_36	kj_36	36	0.5294323686092186
sub-07	meta_metaphor	meta_L_pMTG_pSTS	kj	KJ	word_label	kj_2	kj_2	2	-0.5917909761611894
sub-07	meta_metaphor	meta_L_pMTG_pSTS	kj	KJ	word_label	kj_31	kj_31	31	0.40664596498615646
sub-07	meta_metaphor	meta_L_temporal_pole	yy	YY	word_label	yy_17	yy_17	17	0.18075471652813782
sub-07	meta_metaphor	meta_L_temporal_pole	yy	YY	word_label	yy_37	yy_37	37	-0.4323086469513791
sub-07	meta_metaphor	meta_L_temporal_pole	yy	YY	word_label	yy_33	yy_33	33	0.05804367126893008
sub-07	meta_metaphor	meta_L_temporal_pole	yy	YY	word_label	yy_21	yy_21	21	0.48017463501368324
sub-07	meta_metaphor	meta_L_temporal_pole	yy	YY	word_label	yy_36	yy_36	36	0.07124782365849773
sub-07	meta_metaphor	meta_L_temporal_pole	yy	YY	word_label	yy_8	yy_8	8	0.1914576102284827
sub-07	meta_metaphor	meta_L_temporal_pole	yy	YY	word_label	yy_9	yy_9	9	0.3521576524854854
sub-07	meta_metaphor	meta_L_temporal_pole	yy	YY	word_label	yy_26	yy_26	26	-0.2104218376944425
sub-07	meta_metaphor	meta_L_temporal_pole	yy	YY	word_label	yy_38	yy_38	38	0.12555687842267937
sub-07	meta_metaphor	meta_L_temporal_pole	yy	YY	word_label	yy_32	yy_32	32	-0.014353053288035735
sub-07	meta_metaphor	meta_L_temporal_pole	yy	YY	word_label	yy_10	yy_10	10	-0.39304744440937
sub-07	meta_metaphor	meta_L_temporal_pole	yy	YY	word_label	yy_24	yy_24	24	-0.13587892512096789
sub-07	meta_metaphor	meta_L_temporal_pole	yy	YY	word_label	yy_12	yy_12	12	0.31548739261320674
sub-07	meta_metaphor	meta_L_temporal_pole	yy	YY	word_label	yy_2	yy_2	2	0.138822791223154
sub-07	meta_metaphor	meta_L_temporal_pole	yy	YY	word_label	yy_11	yy_11	11	-0.0026978129286586877
sub-07	meta_metaphor	meta_L_temporal_pole	yy	YY	word_label	yy_35	yy_35	35	0.33588289822829853
sub-07	meta_metaphor	meta_L_temporal_pole	yy	YY	word_label	yy_7	yy_7	7	-0.07982611515274197
sub-07	meta_metaphor	meta_L_temporal_pole	yy	YY	word_label	yy_5	yy_5	5	-0.22858877262703237
sub-07	meta_metaphor	meta_L_temporal_pole	yy	YY	word_label	yy_15	yy_15	15	0.12789804321373344
sub-07	meta_metaphor	meta_L_temporal_pole	yy	YY	word_label	yy_3	yy_3	3	-0.16084347111021613
sub-07	meta_metaphor	meta_L_temporal_pole	yy	YY	word_label	yy_4	yy_4	4	-0.3333281330927121
sub-07	meta_metaphor	meta_L_temporal_pole	yy	YY	word_label	yy_14	yy_14	14	0.3398850054592857
sub-07	meta_metaphor	meta_L_temporal_pole	yy	YY	word_label	yy_6	yy_6	6	-0.007373161150486821
sub-07	meta_metaphor	meta_L_temporal_pole	yy	YY	word_label	yy_40	yy_40	40	0.6055723593444146
sub-07	meta_metaphor	meta_L_temporal_pole	yy	YY	word_label	yy_23	yy_23	23	0.508109497443836
sub-07	meta_metaphor	meta_L_temporal_pole	yy	YY	word_label	yy_19	yy_19	19	-0.02123455152141307
sub-07	meta_metaphor	meta_L_temporal_pole	yy	YY	word_label	yy_16	yy_16	16	-0.27936179910639014
sub-07	meta_metaphor	meta_L_temporal_pole	yy	YY	word_label	yy_29	yy_29	29	-0.03316471035059376
sub-07	meta_metaphor	meta_L_temporal_pole	yy	YY	word_label	yy_39	yy_39	39	-0.3637692497954172
sub-07	meta_metaphor	meta_L_temporal_pole	yy	YY	word_label	yy_18	yy_18	18	-0.3458733223691812
sub-07	meta_metaphor	meta_L_temporal_pole	yy	YY	word_label	yy_13	yy_13	13	-0.14388344074489087
sub-07	meta_metaphor	meta_L_temporal_pole	yy	YY	word_label	yy_22	yy_22	22	0.6667921308174781
sub-07	meta_metaphor	meta_L_temporal_pole	yy	YY	word_label	yy_27	yy_27	27	-0.21416106174356467
sub-07	meta_metaphor	meta_L_temporal_pole	yy	YY	word_label	yy_1	yy_1	1	-0.2509129085696812
sub-07	meta_metaphor	meta_L_temporal_pole	yy	YY	word_label	yy_28	yy_28	28	-0.16984054709398605
sub-07	meta_metaphor	meta_L_temporal_pole	kj	KJ	word_label	kj_6	kj_6	6	0.47226062555634274
sub-07	meta_metaphor	meta_L_temporal_pole	kj	KJ	word_label	kj_27	kj_27	27	0.12599695242402903
sub-07	meta_metaphor	meta_L_temporal_pole	kj	KJ	word_label	kj_15	kj_15	15	-0.2700887090393321
sub-07	meta_metaphor	meta_L_temporal_pole	kj	KJ	word_label	kj_19	kj_19	19	-0.22793678528512368
sub-07	meta_metaphor	meta_L_temporal_pole	kj	KJ	word_label	kj_25	kj_25	25	-0.008456649922329655
sub-07	meta_metaphor	meta_L_temporal_pole	kj	KJ	word_label	kj_12	kj_12	12	0.033520653559664326
sub-07	meta_metaphor	meta_L_temporal_pole	kj	KJ	word_label	kj_13	kj_13	13	0.48834725222430164
sub-07	meta_metaphor	meta_L_temporal_pole	kj	KJ	word_label	kj_28	kj_28	28	0.3476084524981342
sub-07	meta_metaphor	meta_L_temporal_pole	kj	KJ	word_label	kj_3	kj_3	3	-0.05539767833729634
sub-07	meta_metaphor	meta_L_temporal_pole	kj	KJ	word_label	kj_10	kj_10	10	-0.2521833569113745
sub-07	meta_metaphor	meta_L_temporal_pole	kj	KJ	word_label	kj_21	kj_21	21	-0.37168453882387775
sub-07	meta_metaphor	meta_L_temporal_pole	kj	KJ	word_label	kj_7	kj_7	7	0.09317517321049999
sub-07	meta_metaphor	meta_L_temporal_pole	kj	KJ	word_label	kj_16	kj_16	16	0.21677181649805727
sub-07	meta_metaphor	meta_L_temporal_pole	kj	KJ	word_label	kj_17	kj_17	17	0.2893402880154343
sub-07	meta_metaphor	meta_L_temporal_pole	kj	KJ	word_label	kj_20	kj_20	20	-0.1233072151977578
sub-07	meta_metaphor	meta_L_temporal_pole	kj	KJ	word_label	kj_8	kj_8	8	0.3192283073389105
sub-07	meta_metaphor	meta_L_temporal_pole	kj	KJ	word_label	kj_34	kj_34	34	-0.2579442185882707
sub-07	meta_metaphor	meta_L_temporal_pole	kj	KJ	word_label	kj_33	kj_33	33	0.26290951546873154
sub-07	meta_metaphor	meta_L_temporal_pole	kj	KJ	word_label	kj_1	kj_1	1	-0.008283047605095382
sub-07	meta_metaphor	meta_L_temporal_pole	kj	KJ	word_label	kj_39	kj_39	39	-0.42791479841021257
sub-07	meta_metaphor	meta_L_temporal_pole	kj	KJ	word_label	kj_11	kj_11	11	-0.12585813202753157
sub-07	meta_metaphor	meta_L_temporal_pole	kj	KJ	word_label	kj_38	kj_38	38	-0.044396121102931764
sub-07	meta_metaphor	meta_L_temporal_pole	kj	KJ	word_label	kj_22	kj_22	22	0.323656160637488
sub-07	meta_metaphor	meta_L_temporal_pole	kj	KJ	word_label	kj_5	kj_5	5	0.3425490477057408
sub-07	meta_metaphor	meta_L_temporal_pole	kj	KJ	word_label	kj_29	kj_29	29	0.1422644069705131
sub-07	meta_metaphor	meta_L_temporal_pole	kj	KJ	word_label	kj_23	kj_23	23	0.30079728090862035
sub-07	meta_metaphor	meta_L_temporal_pole	kj	KJ	word_label	kj_9	kj_9	9	0.052277571971128124
sub-07	meta_metaphor	meta_L_temporal_pole	kj	KJ	word_label	kj_14	kj_14	14	-0.28153008626835946
sub-07	meta_metaphor	meta_L_temporal_pole	kj	KJ	word_label	kj_37	kj_37	37	0.31487891305252674
sub-07	meta_metaphor	meta_L_temporal_pole	kj	KJ	word_label	kj_26	kj_26	26	-0.2641321452408283
sub-07	meta_metaphor	meta_L_temporal_pole	kj	KJ	word_label	kj_24	kj_24	24	0.12568349250859154
sub-07	meta_metaphor	meta_L_temporal_pole	kj	KJ	word_label	kj_30	kj_30	30	0.05097520105145363
sub-07	meta_metaphor	meta_L_temporal_pole	kj	KJ	word_label	kj_36	kj_36	36	0.171533695482393
sub-07	meta_metaphor	meta_L_temporal_pole	kj	KJ	word_label	kj_2	kj_2	2	-0.42118671321067175
sub-07	meta_metaphor	meta_L_temporal_pole	kj	KJ	word_label	kj_31	kj_31	31	0.3522256061306384
sub-07	meta_metaphor	meta_R_AG	yy	YY	word_label	yy_17	yy_17	17	-0.7932023933916346
sub-07	meta_metaphor	meta_R_AG	yy	YY	word_label	yy_37	yy_37	37	0.3658891583301797
sub-07	meta_metaphor	meta_R_AG	yy	YY	word_label	yy_33	yy_33	33	-0.8869322325272153
sub-07	meta_metaphor	meta_R_AG	yy	YY	word_label	yy_21	yy_21	21	-0.10878470139751822
sub-07	meta_metaphor	meta_R_AG	yy	YY	word_label	yy_36	yy_36	36	-0.03376075160702602
sub-07	meta_metaphor	meta_R_AG	yy	YY	word_label	yy_8	yy_8	8	-0.30172958438563013
sub-07	meta_metaphor	meta_R_AG	yy	YY	word_label	yy_9	yy_9	9	0.6322203350554907
sub-07	meta_metaphor	meta_R_AG	yy	YY	word_label	yy_26	yy_26	26	-0.6914908673938038
sub-07	meta_metaphor	meta_R_AG	yy	YY	word_label	yy_38	yy_38	38	0.3057484207229803
sub-07	meta_metaphor	meta_R_AG	yy	YY	word_label	yy_32	yy_32	32	-0.8215055398425568
sub-07	meta_metaphor	meta_R_AG	yy	YY	word_label	yy_10	yy_10	10	-0.3286744699475746
sub-07	meta_metaphor	meta_R_AG	yy	YY	word_label	yy_24	yy_24	24	-0.6928899709921692
sub-07	meta_metaphor	meta_R_AG	yy	YY	word_label	yy_12	yy_12	12	0.22454727958425286
sub-07	meta_metaphor	meta_R_AG	yy	YY	word_label	yy_2	yy_2	2	-0.6630670967417598
sub-07	meta_metaphor	meta_R_AG	yy	YY	word_label	yy_11	yy_11	11	0.7174636325539934
sub-07	meta_metaphor	meta_R_AG	yy	YY	word_label	yy_35	yy_35	35	0.01422814618068603
sub-07	meta_metaphor	meta_R_AG	yy	YY	word_label	yy_7	yy_7	7	0.8800159954057066
sub-07	meta_metaphor	meta_R_AG	yy	YY	word_label	yy_5	yy_5	5	-0.3164592395684716
sub-07	meta_metaphor	meta_R_AG	yy	YY	word_label	yy_15	yy_15	15	-0.10602545095170976
sub-07	meta_metaphor	meta_R_AG	yy	YY	word_label	yy_3	yy_3	3	-0.8482518966649828
sub-07	meta_metaphor	meta_R_AG	yy	YY	word_label	yy_4	yy_4	4	0.8771172029346693
sub-07	meta_metaphor	meta_R_AG	yy	YY	word_label	yy_14	yy_14	14	-0.5930773745408634
sub-07	meta_metaphor	meta_R_AG	yy	YY	word_label	yy_6	yy_6	6	-0.3524023270439391
sub-07	meta_metaphor	meta_R_AG	yy	YY	word_label	yy_40	yy_40	40	0.7431068072242977
sub-07	meta_metaphor	meta_R_AG	yy	YY	word_label	yy_23	yy_23	23	0.6812322863487529
sub-07	meta_metaphor	meta_R_AG	yy	YY	word_label	yy_19	yy_19	19	-0.6060465317497381
sub-07	meta_metaphor	meta_R_AG	yy	YY	word_label	yy_16	yy_16	16	-0.9041815787842402
sub-07	meta_metaphor	meta_R_AG	yy	YY	word_label	yy_29	yy_29	29	-0.026717532541793106
sub-07	meta_metaphor	meta_R_AG	yy	YY	word_label	yy_39	yy_39	39	0.6389628798819503
sub-07	meta_metaphor	meta_R_AG	yy	YY	word_label	yy_18	yy_18	18	-0.9339710754318041
sub-07	meta_metaphor	meta_R_AG	yy	YY	word_label	yy_13	yy_13	13	-0.7994680307706945
sub-07	meta_metaphor	meta_R_AG	yy	YY	word_label	yy_22	yy_22	22	-0.5902961364789473
sub-07	meta_metaphor	meta_R_AG	yy	YY	word_label	yy_27	yy_27	27	-0.16594422165840653
sub-07	meta_metaphor	meta_R_AG	yy	YY	word_label	yy_1	yy_1	1	-0.7349128773012263
sub-07	meta_metaphor	meta_R_AG	yy	YY	word_label	yy_28	yy_28	28	-0.8105919743337284
sub-07	meta_metaphor	meta_R_AG	kj	KJ	word_label	kj_6	kj_6	6	0.7198085313282389
sub-07	meta_metaphor	meta_R_AG	kj	KJ	word_label	kj_27	kj_27	27	0.5562900624118488
sub-07	meta_metaphor	meta_R_AG	kj	KJ	word_label	kj_15	kj_15	15	0.339354672574767
sub-07	meta_metaphor	meta_R_AG	kj	KJ	word_label	kj_19	kj_19	19	0.32467553882102285
sub-07	meta_metaphor	meta_R_AG	kj	KJ	word_label	kj_25	kj_25	25	0.31305392340442856
sub-07	meta_metaphor	meta_R_AG	kj	KJ	word_label	kj_12	kj_12	12	0.7129017440342754
sub-07	meta_metaphor	meta_R_AG	kj	KJ	word_label	kj_13	kj_13	13	-0.06259576723466366
sub-07	meta_metaphor	meta_R_AG	kj	KJ	word_label	kj_28	kj_28	28	0.6495118140351718
sub-07	meta_metaphor	meta_R_AG	kj	KJ	word_label	kj_3	kj_3	3	0.49143357874498544
sub-07	meta_metaphor	meta_R_AG	kj	KJ	word_label	kj_10	kj_10	10	-0.30863993593515
sub-07	meta_metaphor	meta_R_AG	kj	KJ	word_label	kj_21	kj_21	21	-0.4867046755659822
sub-07	meta_metaphor	meta_R_AG	kj	KJ	word_label	kj_7	kj_7	7	0.5260344522537977
sub-07	meta_metaphor	meta_R_AG	kj	KJ	word_label	kj_16	kj_16	16	-0.8106927534025771
sub-07	meta_metaphor	meta_R_AG	kj	KJ	word_label	kj_17	kj_17	17	-0.4561485817280504
sub-07	meta_metaphor	meta_R_AG	kj	KJ	word_label	kj_20	kj_20	20	-0.47601631295289476
sub-07	meta_metaphor	meta_R_AG	kj	KJ	word_label	kj_8	kj_8	8	0.5622527129686228
sub-07	meta_metaphor	meta_R_AG	kj	KJ	word_label	kj_34	kj_34	34	0.7930737889078456
sub-07	meta_metaphor	meta_R_AG	kj	KJ	word_label	kj_33	kj_33	33	0.19713565294408025
sub-07	meta_metaphor	meta_R_AG	kj	KJ	word_label	kj_1	kj_1	1	-0.8986516497306373
sub-07	meta_metaphor	meta_R_AG	kj	KJ	word_label	kj_39	kj_39	39	0.26879303902843366
sub-07	meta_metaphor	meta_R_AG	kj	KJ	word_label	kj_11	kj_11	11	0.5454812258635322
sub-07	meta_metaphor	meta_R_AG	kj	KJ	word_label	kj_38	kj_38	38	-0.010702930446253712
sub-07	meta_metaphor	meta_R_AG	kj	KJ	word_label	kj_22	kj_22	22	0.7109224176525291
sub-07	meta_metaphor	meta_R_AG	kj	KJ	word_label	kj_5	kj_5	5	0.7607315674405419
sub-07	meta_metaphor	meta_R_AG	kj	KJ	word_label	kj_29	kj_29	29	-0.7928240278250768
sub-07	meta_metaphor	meta_R_AG	kj	KJ	word_label	kj_23	kj_23	23	0.4690311369554312
sub-07	meta_metaphor	meta_R_AG	kj	KJ	word_label	kj_9	kj_9	9	-0.9349818183330931
sub-07	meta_metaphor	meta_R_AG	kj	KJ	word_label	kj_14	kj_14	14	0.42424758092247145
sub-07	meta_metaphor	meta_R_AG	kj	KJ	word_label	kj_37	kj_37	37	0.2374813104180873
sub-07	meta_metaphor	meta_R_AG	kj	KJ	word_label	kj_26	kj_26	26	0.6643196983353604
sub-07	meta_metaphor	meta_R_AG	kj	KJ	word_label	kj_24	kj_24	24	0.7296682371667422
sub-07	meta_metaphor	meta_R_AG	kj	KJ	word_label	kj_30	kj_30	30	0.5644612796258411
sub-07	meta_metaphor	meta_R_AG	kj	KJ	word_label	kj_36	kj_36	36	-0.5451381315540632
sub-07	meta_metaphor	meta_R_AG	kj	KJ	word_label	kj_2	kj_2	2	-0.25081782363182975
sub-07	meta_metaphor	meta_R_AG	kj	KJ	word_label	kj_31	kj_31	31	0.5921771006854938
sub-07	meta_metaphor	meta_R_IFG	yy	YY	word_label	yy_17	yy_17	17	0.3915408003589889
sub-07	meta_metaphor	meta_R_IFG	yy	YY	word_label	yy_37	yy_37	37	0.38680301275087225
sub-07	meta_metaphor	meta_R_IFG	yy	YY	word_label	yy_33	yy_33	33	0.43084030158524456
sub-07	meta_metaphor	meta_R_IFG	yy	YY	word_label	yy_21	yy_21	21	0.3672137636241156
sub-07	meta_metaphor	meta_R_IFG	yy	YY	word_label	yy_36	yy_36	36	0.42774531731535964
sub-07	meta_metaphor	meta_R_IFG	yy	YY	word_label	yy_8	yy_8	8	0.3040631912371622
sub-07	meta_metaphor	meta_R_IFG	yy	YY	word_label	yy_9	yy_9	9	0.8325056208020547
sub-07	meta_metaphor	meta_R_IFG	yy	YY	word_label	yy_26	yy_26	26	0.3331566166011684
sub-07	meta_metaphor	meta_R_IFG	yy	YY	word_label	yy_38	yy_38	38	0.5745821700356933
sub-07	meta_metaphor	meta_R_IFG	yy	YY	word_label	yy_32	yy_32	32	0.2067096462951182
sub-07	meta_metaphor	meta_R_IFG	yy	YY	word_label	yy_10	yy_10	10	-0.06188956557209038
sub-07	meta_metaphor	meta_R_IFG	yy	YY	word_label	yy_24	yy_24	24	-0.28745845657528174
sub-07	meta_metaphor	meta_R_IFG	yy	YY	word_label	yy_12	yy_12	12	0.6848260053618759
sub-07	meta_metaphor	meta_R_IFG	yy	YY	word_label	yy_2	yy_2	2	0.0973771092114196
sub-07	meta_metaphor	meta_R_IFG	yy	YY	word_label	yy_11	yy_11	11	0.7714289213873187
sub-07	meta_metaphor	meta_R_IFG	yy	YY	word_label	yy_35	yy_35	35	0.15544825565846943
sub-07	meta_metaphor	meta_R_IFG	yy	YY	word_label	yy_7	yy_7	7	0.6602554200937882
sub-07	meta_metaphor	meta_R_IFG	yy	YY	word_label	yy_5	yy_5	5	0.44494327542838485
sub-07	meta_metaphor	meta_R_IFG	yy	YY	word_label	yy_15	yy_15	15	0.4990196264626128
sub-07	meta_metaphor	meta_R_IFG	yy	YY	word_label	yy_3	yy_3	3	0.5102112912615998
sub-07	meta_metaphor	meta_R_IFG	yy	YY	word_label	yy_4	yy_4	4	-0.2960812235060868
sub-07	meta_metaphor	meta_R_IFG	yy	YY	word_label	yy_14	yy_14	14	-0.039011199785705296
sub-07	meta_metaphor	meta_R_IFG	yy	YY	word_label	yy_6	yy_6	6	-0.051752025000001416
sub-07	meta_metaphor	meta_R_IFG	yy	YY	word_label	yy_40	yy_40	40	0.21062328453197127
sub-07	meta_metaphor	meta_R_IFG	yy	YY	word_label	yy_23	yy_23	23	-0.33351465929728547
sub-07	meta_metaphor	meta_R_IFG	yy	YY	word_label	yy_19	yy_19	19	-0.0495506409162454
sub-07	meta_metaphor	meta_R_IFG	yy	YY	word_label	yy_16	yy_16	16	0.9136661279295637
sub-07	meta_metaphor	meta_R_IFG	yy	YY	word_label	yy_29	yy_29	29	0.23426340679520904
sub-07	meta_metaphor	meta_R_IFG	yy	YY	word_label	yy_39	yy_39	39	0.33261420880912274
sub-07	meta_metaphor	meta_R_IFG	yy	YY	word_label	yy_18	yy_18	18	0.602952498702834
sub-07	meta_metaphor	meta_R_IFG	yy	YY	word_label	yy_13	yy_13	13	-0.8303091157182483
sub-07	meta_metaphor	meta_R_IFG	yy	YY	word_label	yy_22	yy_22	22	0.31911259654349505
sub-07	meta_metaphor	meta_R_IFG	yy	YY	word_label	yy_27	yy_27	27	-0.3981945442612967
sub-07	meta_metaphor	meta_R_IFG	yy	YY	word_label	yy_1	yy_1	1	0.7052283613360034
sub-07	meta_metaphor	meta_R_IFG	yy	YY	word_label	yy_28	yy_28	28	0.8384600769101636
sub-07	meta_metaphor	meta_R_IFG	kj	KJ	word_label	kj_6	kj_6	6	0.45668448281418583
sub-07	meta_metaphor	meta_R_IFG	kj	KJ	word_label	kj_27	kj_27	27	0.6865819563193986
sub-07	meta_metaphor	meta_R_IFG	kj	KJ	word_label	kj_15	kj_15	15	-0.2078566795648537
sub-07	meta_metaphor	meta_R_IFG	kj	KJ	word_label	kj_19	kj_19	19	-0.17535961419696594
sub-07	meta_metaphor	meta_R_IFG	kj	KJ	word_label	kj_25	kj_25	25	0.5512684577523574
sub-07	meta_metaphor	meta_R_IFG	kj	KJ	word_label	kj_12	kj_12	12	0.5265032833069185
sub-07	meta_metaphor	meta_R_IFG	kj	KJ	word_label	kj_13	kj_13	13	0.6343382041538016
sub-07	meta_metaphor	meta_R_IFG	kj	KJ	word_label	kj_28	kj_28	28	0.6016393470246724
sub-07	meta_metaphor	meta_R_IFG	kj	KJ	word_label	kj_3	kj_3	3	-0.0647692714075232
sub-07	meta_metaphor	meta_R_IFG	kj	KJ	word_label	kj_10	kj_10	10	-0.3900669300817584
sub-07	meta_metaphor	meta_R_IFG	kj	KJ	word_label	kj_21	kj_21	21	0.06349175322512579
sub-07	meta_metaphor	meta_R_IFG	kj	KJ	word_label	kj_7	kj_7	7	0.6415385981448989
sub-07	meta_metaphor	meta_R_IFG	kj	KJ	word_label	kj_16	kj_16	16	0.7137913105404741
sub-07	meta_metaphor	meta_R_IFG	kj	KJ	word_label	kj_17	kj_17	17	0.7302842051664725
sub-07	meta_metaphor	meta_R_IFG	kj	KJ	word_label	kj_20	kj_20	20	0.006749891096379568
sub-07	meta_metaphor	meta_R_IFG	kj	KJ	word_label	kj_8	kj_8	8	0.05142805629684297
sub-07	meta_metaphor	meta_R_IFG	kj	KJ	word_label	kj_34	kj_34	34	-0.3487491276520928
sub-07	meta_metaphor	meta_R_IFG	kj	KJ	word_label	kj_33	kj_33	33	0.5259726599221604
sub-07	meta_metaphor	meta_R_IFG	kj	KJ	word_label	kj_1	kj_1	1	-0.3020229633979228
sub-07	meta_metaphor	meta_R_IFG	kj	KJ	word_label	kj_39	kj_39	39	0.5710383258893228
sub-07	meta_metaphor	meta_R_IFG	kj	KJ	word_label	kj_11	kj_11	11	-0.4309493015007149
sub-07	meta_metaphor	meta_R_IFG	kj	KJ	word_label	kj_38	kj_38	38	0.2612160378077729
sub-07	meta_metaphor	meta_R_IFG	kj	KJ	word_label	kj_22	kj_22	22	0.2623722077092043
sub-07	meta_metaphor	meta_R_IFG	kj	KJ	word_label	kj_5	kj_5	5	-0.4611972806633919
sub-07	meta_metaphor	meta_R_IFG	kj	KJ	word_label	kj_29	kj_29	29	0.23552936656179
sub-07	meta_metaphor	meta_R_IFG	kj	KJ	word_label	kj_23	kj_23	23	0.5356925788945897
sub-07	meta_metaphor	meta_R_IFG	kj	KJ	word_label	kj_9	kj_9	9	-0.21748471596262295
sub-07	meta_metaphor	meta_R_IFG	kj	KJ	word_label	kj_14	kj_14	14	-0.48082632256616165
sub-07	meta_metaphor	meta_R_IFG	kj	KJ	word_label	kj_37	kj_37	37	0.30427923672907825
sub-07	meta_metaphor	meta_R_IFG	kj	KJ	word_label	kj_26	kj_26	26	0.41857492884324404
sub-07	meta_metaphor	meta_R_IFG	kj	KJ	word_label	kj_24	kj_24	24	0.12881822162097362
sub-07	meta_metaphor	meta_R_IFG	kj	KJ	word_label	kj_30	kj_30	30	0.6965893330639987
sub-07	meta_metaphor	meta_R_IFG	kj	KJ	word_label	kj_36	kj_36	36	0.6698263721632437
sub-07	meta_metaphor	meta_R_IFG	kj	KJ	word_label	kj_2	kj_2	2	0.08409113405115147
sub-07	meta_metaphor	meta_R_IFG	kj	KJ	word_label	kj_31	kj_31	31	0.5844354312917268
sub-07	meta_metaphor	meta_R_pMTG_pSTS	yy	YY	word_label	yy_17	yy_17	17	-0.4624698632546104
sub-07	meta_metaphor	meta_R_pMTG_pSTS	yy	YY	word_label	yy_37	yy_37	37	0.1313218815306339
sub-07	meta_metaphor	meta_R_pMTG_pSTS	yy	YY	word_label	yy_33	yy_33	33	-0.6182291440935455
sub-07	meta_metaphor	meta_R_pMTG_pSTS	yy	YY	word_label	yy_21	yy_21	21	0.4149951374277893
sub-07	meta_metaphor	meta_R_pMTG_pSTS	yy	YY	word_label	yy_36	yy_36	36	0.3144463782418211
sub-07	meta_metaphor	meta_R_pMTG_pSTS	yy	YY	word_label	yy_8	yy_8	8	0.018057275078448332
sub-07	meta_metaphor	meta_R_pMTG_pSTS	yy	YY	word_label	yy_9	yy_9	9	0.7286514166776474
sub-07	meta_metaphor	meta_R_pMTG_pSTS	yy	YY	word_label	yy_26	yy_26	26	0.28794956606858607
sub-07	meta_metaphor	meta_R_pMTG_pSTS	yy	YY	word_label	yy_38	yy_38	38	0.23159729174824575
sub-07	meta_metaphor	meta_R_pMTG_pSTS	yy	YY	word_label	yy_32	yy_32	32	0.05795013567969182
sub-07	meta_metaphor	meta_R_pMTG_pSTS	yy	YY	word_label	yy_10	yy_10	10	0.4847229168401036
sub-07	meta_metaphor	meta_R_pMTG_pSTS	yy	YY	word_label	yy_24	yy_24	24	-0.16264037023143113
sub-07	meta_metaphor	meta_R_pMTG_pSTS	yy	YY	word_label	yy_12	yy_12	12	0.17814454449808326
sub-07	meta_metaphor	meta_R_pMTG_pSTS	yy	YY	word_label	yy_2	yy_2	2	-0.09514711205483986
sub-07	meta_metaphor	meta_R_pMTG_pSTS	yy	YY	word_label	yy_11	yy_11	11	-0.4939289876462732
sub-07	meta_metaphor	meta_R_pMTG_pSTS	yy	YY	word_label	yy_35	yy_35	35	0.28370887858044186
sub-07	meta_metaphor	meta_R_pMTG_pSTS	yy	YY	word_label	yy_7	yy_7	7	0.16485763120851452
sub-07	meta_metaphor	meta_R_pMTG_pSTS	yy	YY	word_label	yy_5	yy_5	5	0.15470468042400914
sub-07	meta_metaphor	meta_R_pMTG_pSTS	yy	YY	word_label	yy_15	yy_15	15	-0.33173765710859054
sub-07	meta_metaphor	meta_R_pMTG_pSTS	yy	YY	word_label	yy_3	yy_3	3	0.26777800454571166
sub-07	meta_metaphor	meta_R_pMTG_pSTS	yy	YY	word_label	yy_4	yy_4	4	-0.20752984431770166
sub-07	meta_metaphor	meta_R_pMTG_pSTS	yy	YY	word_label	yy_14	yy_14	14	0.018672115773740762
sub-07	meta_metaphor	meta_R_pMTG_pSTS	yy	YY	word_label	yy_6	yy_6	6	0.42562693063575086
sub-07	meta_metaphor	meta_R_pMTG_pSTS	yy	YY	word_label	yy_40	yy_40	40	-0.0656201525889683
sub-07	meta_metaphor	meta_R_pMTG_pSTS	yy	YY	word_label	yy_23	yy_23	23	0.07499801402282585
sub-07	meta_metaphor	meta_R_pMTG_pSTS	yy	YY	word_label	yy_19	yy_19	19	-0.03913705588368986
sub-07	meta_metaphor	meta_R_pMTG_pSTS	yy	YY	word_label	yy_16	yy_16	16	0.5635931054050344
sub-07	meta_metaphor	meta_R_pMTG_pSTS	yy	YY	word_label	yy_29	yy_29	29	-0.33213437855473343
sub-07	meta_metaphor	meta_R_pMTG_pSTS	yy	YY	word_label	yy_39	yy_39	39	-0.1970162756434278
sub-07	meta_metaphor	meta_R_pMTG_pSTS	yy	YY	word_label	yy_18	yy_18	18	-0.3783901148981902
sub-07	meta_metaphor	meta_R_pMTG_pSTS	yy	YY	word_label	yy_13	yy_13	13	-0.10605098745513995
sub-07	meta_metaphor	meta_R_pMTG_pSTS	yy	YY	word_label	yy_22	yy_22	22	-0.1306803675569859
sub-07	meta_metaphor	meta_R_pMTG_pSTS	yy	YY	word_label	yy_27	yy_27	27	0.5176980143942346
sub-07	meta_metaphor	meta_R_pMTG_pSTS	yy	YY	word_label	yy_1	yy_1	1	-0.08577688059179762
sub-07	meta_metaphor	meta_R_pMTG_pSTS	yy	YY	word_label	yy_28	yy_28	28	0.5716902306343952
sub-07	meta_metaphor	meta_R_pMTG_pSTS	kj	KJ	word_label	kj_6	kj_6	6	0.17625304827338426
sub-07	meta_metaphor	meta_R_pMTG_pSTS	kj	KJ	word_label	kj_27	kj_27	27	0.4362509791142686
sub-07	meta_metaphor	meta_R_pMTG_pSTS	kj	KJ	word_label	kj_15	kj_15	15	-0.3588894558299229
sub-07	meta_metaphor	meta_R_pMTG_pSTS	kj	KJ	word_label	kj_19	kj_19	19	0.3143833812941576
sub-07	meta_metaphor	meta_R_pMTG_pSTS	kj	KJ	word_label	kj_25	kj_25	25	0.2582657015791077
sub-07	meta_metaphor	meta_R_pMTG_pSTS	kj	KJ	word_label	kj_12	kj_12	12	0.30945191687548135
sub-07	meta_metaphor	meta_R_pMTG_pSTS	kj	KJ	word_label	kj_13	kj_13	13	0.011147220019159963
sub-07	meta_metaphor	meta_R_pMTG_pSTS	kj	KJ	word_label	kj_28	kj_28	28	0.24618891015536495
sub-07	meta_metaphor	meta_R_pMTG_pSTS	kj	KJ	word_label	kj_3	kj_3	3	0.3056449661794219
sub-07	meta_metaphor	meta_R_pMTG_pSTS	kj	KJ	word_label	kj_10	kj_10	10	0.530276924760506
sub-07	meta_metaphor	meta_R_pMTG_pSTS	kj	KJ	word_label	kj_21	kj_21	21	-0.500393842150378
sub-07	meta_metaphor	meta_R_pMTG_pSTS	kj	KJ	word_label	kj_7	kj_7	7	0.17421215115099234
sub-07	meta_metaphor	meta_R_pMTG_pSTS	kj	KJ	word_label	kj_16	kj_16	16	0.6486677773630491
sub-07	meta_metaphor	meta_R_pMTG_pSTS	kj	KJ	word_label	kj_17	kj_17	17	0.21334422783456192
sub-07	meta_metaphor	meta_R_pMTG_pSTS	kj	KJ	word_label	kj_20	kj_20	20	-0.017828016320720487
sub-07	meta_metaphor	meta_R_pMTG_pSTS	kj	KJ	word_label	kj_8	kj_8	8	0.0060402798130135315
sub-07	meta_metaphor	meta_R_pMTG_pSTS	kj	KJ	word_label	kj_34	kj_34	34	0.32074735347174765
sub-07	meta_metaphor	meta_R_pMTG_pSTS	kj	KJ	word_label	kj_33	kj_33	33	0.18965166605582257
sub-07	meta_metaphor	meta_R_pMTG_pSTS	kj	KJ	word_label	kj_1	kj_1	1	0.18431871407286712
sub-07	meta_metaphor	meta_R_pMTG_pSTS	kj	KJ	word_label	kj_39	kj_39	39	0.245355873004391
sub-07	meta_metaphor	meta_R_pMTG_pSTS	kj	KJ	word_label	kj_11	kj_11	11	0.023294906571558482
sub-07	meta_metaphor	meta_R_pMTG_pSTS	kj	KJ	word_label	kj_38	kj_38	38	0.062175967364192286
sub-07	meta_metaphor	meta_R_pMTG_pSTS	kj	KJ	word_label	kj_22	kj_22	22	0.26070959251225634
sub-07	meta_metaphor	meta_R_pMTG_pSTS	kj	KJ	word_label	kj_5	kj_5	5	0.14356642059666408
sub-07	meta_metaphor	meta_R_pMTG_pSTS	kj	KJ	word_label	kj_29	kj_29	29	-0.4241885508439325
sub-07	meta_metaphor	meta_R_pMTG_pSTS	kj	KJ	word_label	kj_23	kj_23	23	0.23600364228080717
sub-07	meta_metaphor	meta_R_pMTG_pSTS	kj	KJ	word_label	kj_9	kj_9	9	-0.29953780511816974
sub-07	meta_metaphor	meta_R_pMTG_pSTS	kj	KJ	word_label	kj_14	kj_14	14	-0.021699979193410816
sub-07	meta_metaphor	meta_R_pMTG_pSTS	kj	KJ	word_label	kj_37	kj_37	37	-0.2122895302296023
sub-07	meta_metaphor	meta_R_pMTG_pSTS	kj	KJ	word_label	kj_26	kj_26	26	0.18972661602331725
sub-07	meta_metaphor	meta_R_pMTG_pSTS	kj	KJ	word_label	kj_24	kj_24	24	-0.09538195523814832
sub-07	meta_metaphor	meta_R_pMTG_pSTS	kj	KJ	word_label	kj_30	kj_30	30	-0.05906914921196838
sub-07	meta_metaphor	meta_R_pMTG_pSTS	kj	KJ	word_label	kj_36	kj_36	36	0.48830853964630705
sub-07	meta_metaphor	meta_R_pMTG_pSTS	kj	KJ	word_label	kj_2	kj_2	2	-0.050226519498215036
sub-07	meta_metaphor	meta_R_pMTG_pSTS	kj	KJ	word_label	kj_31	kj_31	31	0.6038543497365105
sub-07	meta_metaphor	meta_R_temporal_pole	yy	YY	word_label	yy_17	yy_17	17	-0.6108000551180977
sub-07	meta_metaphor	meta_R_temporal_pole	yy	YY	word_label	yy_37	yy_37	37	0.8396121910056287
sub-07	meta_metaphor	meta_R_temporal_pole	yy	YY	word_label	yy_33	yy_33	33	0.3703147305360208
sub-07	meta_metaphor	meta_R_temporal_pole	yy	YY	word_label	yy_21	yy_21	21	0.4666820628764482
sub-07	meta_metaphor	meta_R_temporal_pole	yy	YY	word_label	yy_36	yy_36	36	0.5430099360612588
sub-07	meta_metaphor	meta_R_temporal_pole	yy	YY	word_label	yy_8	yy_8	8	-0.5984740928402068
sub-07	meta_metaphor	meta_R_temporal_pole	yy	YY	word_label	yy_9	yy_9	9	-0.0016796969166163896
sub-07	meta_metaphor	meta_R_temporal_pole	yy	YY	word_label	yy_26	yy_26	26	-0.0469843675766998
sub-07	meta_metaphor	meta_R_temporal_pole	yy	YY	word_label	yy_38	yy_38	38	0.647126236602171
sub-07	meta_metaphor	meta_R_temporal_pole	yy	YY	word_label	yy_32	yy_32	32	0.9393943171645851
sub-07	meta_metaphor	meta_R_temporal_pole	yy	YY	word_label	yy_10	yy_10	10	0.15696925259613276
sub-07	meta_metaphor	meta_R_temporal_pole	yy	YY	word_label	yy_24	yy_24	24	-0.3100165715790452
sub-07	meta_metaphor	meta_R_temporal_pole	yy	YY	word_label	yy_12	yy_12	12	0.21471915373066436
sub-07	meta_metaphor	meta_R_temporal_pole	yy	YY	word_label	yy_2	yy_2	2	0.2992939562116447
sub-07	meta_metaphor	meta_R_temporal_pole	yy	YY	word_label	yy_11	yy_11	11	-0.47294573551454255
sub-07	meta_metaphor	meta_R_temporal_pole	yy	YY	word_label	yy_35	yy_35	35	0.21871804410640738
sub-07	meta_metaphor	meta_R_temporal_pole	yy	YY	word_label	yy_7	yy_7	7	0.7162069293639637
sub-07	meta_metaphor	meta_R_temporal_pole	yy	YY	word_label	yy_5	yy_5	5	0.7554663603302915
sub-07	meta_metaphor	meta_R_temporal_pole	yy	YY	word_label	yy_15	yy_15	15	0.9304404898088317
sub-07	meta_metaphor	meta_R_temporal_pole	yy	YY	word_label	yy_3	yy_3	3	0.8927299317208715
sub-07	meta_metaphor	meta_R_temporal_pole	yy	YY	word_label	yy_4	yy_4	4	0.2264678156884784
sub-07	meta_metaphor	meta_R_temporal_pole	yy	YY	word_label	yy_14	yy_14	14	0.21916994297080528
sub-07	meta_metaphor	meta_R_temporal_pole	yy	YY	word_label	yy_6	yy_6	6	0.6622468567477844
sub-07	meta_metaphor	meta_R_temporal_pole	yy	YY	word_label	yy_40	yy_40	40	0.24231081491724799
sub-07	meta_metaphor	meta_R_temporal_pole	yy	YY	word_label	yy_23	yy_23	23	-0.15966537942355835
sub-07	meta_metaphor	meta_R_temporal_pole	yy	YY	word_label	yy_19	yy_19	19	-0.3293893167362235
sub-07	meta_metaphor	meta_R_temporal_pole	yy	YY	word_label	yy_16	yy_16	16	0.8517697900918884
sub-07	meta_metaphor	meta_R_temporal_pole	yy	YY	word_label	yy_29	yy_29	29	0.7651147422637187
sub-07	meta_metaphor	meta_R_temporal_pole	yy	YY	word_label	yy_39	yy_39	39	0.39410078586817276
sub-07	meta_metaphor	meta_R_temporal_pole	yy	YY	word_label	yy_18	yy_18	18	0.22245599474790098
sub-07	meta_metaphor	meta_R_temporal_pole	yy	YY	word_label	yy_13	yy_13	13	-0.6217039913571032
sub-07	meta_metaphor	meta_R_temporal_pole	yy	YY	word_label	yy_22	yy_22	22	-0.791948243059409
sub-07	meta_metaphor	meta_R_temporal_pole	yy	YY	word_label	yy_27	yy_27	27	-0.8502269721389462
sub-07	meta_metaphor	meta_R_temporal_pole	yy	YY	word_label	yy_1	yy_1	1	0.9251190746568284
sub-07	meta_metaphor	meta_R_temporal_pole	yy	YY	word_label	yy_28	yy_28	28	0.9464241381307351
sub-07	meta_metaphor	meta_R_temporal_pole	kj	KJ	word_label	kj_6	kj_6	6	0.7723147861079392
sub-07	meta_metaphor	meta_R_temporal_pole	kj	KJ	word_label	kj_27	kj_27	27	0.4699824650715525
sub-07	meta_metaphor	meta_R_temporal_pole	kj	KJ	word_label	kj_15	kj_15	15	-0.4474709820795403
sub-07	meta_metaphor	meta_R_temporal_pole	kj	KJ	word_label	kj_19	kj_19	19	-0.17235446255551723
sub-07	meta_metaphor	meta_R_temporal_pole	kj	KJ	word_label	kj_25	kj_25	25	0.524121008450744
sub-07	meta_metaphor	meta_R_temporal_pole	kj	KJ	word_label	kj_12	kj_12	12	0.7335436873346867
sub-07	meta_metaphor	meta_R_temporal_pole	kj	KJ	word_label	kj_13	kj_13	13	0.7736505783169675
sub-07	meta_metaphor	meta_R_temporal_pole	kj	KJ	word_label	kj_28	kj_28	28	-0.7790158286606395
sub-07	meta_metaphor	meta_R_temporal_pole	kj	KJ	word_label	kj_3	kj_3	3	0.6883601897403295
sub-07	meta_metaphor	meta_R_temporal_pole	kj	KJ	word_label	kj_10	kj_10	10	-0.6936852482371868
sub-07	meta_metaphor	meta_R_temporal_pole	kj	KJ	word_label	kj_21	kj_21	21	0.22079485020539422
sub-07	meta_metaphor	meta_R_temporal_pole	kj	KJ	word_label	kj_7	kj_7	7	0.7032600423946589
sub-07	meta_metaphor	meta_R_temporal_pole	kj	KJ	word_label	kj_16	kj_16	16	0.14269634317922986
sub-07	meta_metaphor	meta_R_temporal_pole	kj	KJ	word_label	kj_17	kj_17	17	0.944666769424828
sub-07	meta_metaphor	meta_R_temporal_pole	kj	KJ	word_label	kj_20	kj_20	20	0.03561750876665914
sub-07	meta_metaphor	meta_R_temporal_pole	kj	KJ	word_label	kj_8	kj_8	8	0.6734087209606927
sub-07	meta_metaphor	meta_R_temporal_pole	kj	KJ	word_label	kj_34	kj_34	34	0.7571232591437533
sub-07	meta_metaphor	meta_R_temporal_pole	kj	KJ	word_label	kj_33	kj_33	33	0.7795876538253576
sub-07	meta_metaphor	meta_R_temporal_pole	kj	KJ	word_label	kj_1	kj_1	1	0.8024548874161076
sub-07	meta_metaphor	meta_R_temporal_pole	kj	KJ	word_label	kj_39	kj_39	39	0.17718585147207283
sub-07	meta_metaphor	meta_R_temporal_pole	kj	KJ	word_label	kj_11	kj_11	11	-0.8053264184032111
sub-07	meta_metaphor	meta_R_temporal_pole	kj	KJ	word_label	kj_38	kj_38	38	0.8878273007033365
sub-07	meta_metaphor	meta_R_temporal_pole	kj	KJ	word_label	kj_22	kj_22	22	0.374614683787747
sub-07	meta_metaphor	meta_R_temporal_pole	kj	KJ	word_label	kj_5	kj_5	5	0.9202274735807435
sub-07	meta_metaphor	meta_R_temporal_pole	kj	KJ	word_label	kj_29	kj_29	29	0.4063833362552655
sub-07	meta_metaphor	meta_R_temporal_pole	kj	KJ	word_label	kj_23	kj_23	23	-0.15689501616715054
sub-07	meta_metaphor	meta_R_temporal_pole	kj	KJ	word_label	kj_9	kj_9	9	0.8114357778066849
sub-07	meta_metaphor	meta_R_temporal_pole	kj	KJ	word_label	kj_14	kj_14	14	0.8815160886156552
sub-07	meta_metaphor	meta_R_temporal_pole	kj	KJ	word_label	kj_37	kj_37	37	0.03342005114045789
sub-07	meta_metaphor	meta_R_temporal_pole	kj	KJ	word_label	kj_26	kj_26	26	-0.09470391718399217
sub-07	meta_metaphor	meta_R_temporal_pole	kj	KJ	word_label	kj_24	kj_24	24	-0.5566811559421958
sub-07	meta_metaphor	meta_R_temporal_pole	kj	KJ	word_label	kj_30	kj_30	30	0.9554406760993116
sub-07	meta_metaphor	meta_R_temporal_pole	kj	KJ	word_label	kj_36	kj_36	36	-0.7857151045383367
sub-07	meta_metaphor	meta_R_temporal_pole	kj	KJ	word_label	kj_2	kj_2	2	-0.6621337560849141
sub-07	meta_metaphor	meta_R_temporal_pole	kj	KJ	word_label	kj_31	kj_31	31	0.6982428209657241
sub-08	meta_metaphor	meta_L_AG	yy	YY	word_label	yy_26	yy_26	26	-0.22065573863325097
sub-08	meta_metaphor	meta_L_AG	yy	YY	word_label	yy_32	yy_32	32	0.5850790941928543
sub-08	meta_metaphor	meta_L_AG	yy	YY	word_label	yy_38	yy_38	38	-0.033985419358476876
sub-08	meta_metaphor	meta_L_AG	yy	YY	word_label	yy_39	yy_39	39	-0.12402702942730158
sub-08	meta_metaphor	meta_L_AG	yy	YY	word_label	yy_16	yy_16	16	-0.2022568383891174
sub-08	meta_metaphor	meta_L_AG	yy	YY	word_label	yy_3	yy_3	3	-0.013315931346930062
sub-08	meta_metaphor	meta_L_AG	yy	YY	word_label	yy_2	yy_2	2	0.21903936223439874
sub-08	meta_metaphor	meta_L_AG	yy	YY	word_label	yy_29	yy_29	29	-0.048500387975066915
sub-08	meta_metaphor	meta_L_AG	yy	YY	word_label	yy_15	yy_15	15	0.4557455779830764
sub-08	meta_metaphor	meta_L_AG	yy	YY	word_label	yy_36	yy_36	36	-0.013767287010330639
sub-08	meta_metaphor	meta_L_AG	yy	YY	word_label	yy_4	yy_4	4	0.19130856694081594
sub-08	meta_metaphor	meta_L_AG	yy	YY	word_label	yy_23	yy_23	23	0.4007893131535393
sub-08	meta_metaphor	meta_L_AG	yy	YY	word_label	yy_19	yy_19	19	-0.32297526759935885
sub-08	meta_metaphor	meta_L_AG	yy	YY	word_label	yy_10	yy_10	10	-0.07579410318297382
sub-08	meta_metaphor	meta_L_AG	yy	YY	word_label	yy_8	yy_8	8	0.40130209286190593
sub-08	meta_metaphor	meta_L_AG	yy	YY	word_label	yy_28	yy_28	28	0.3765733121816655
sub-08	meta_metaphor	meta_L_AG	yy	YY	word_label	yy_14	yy_14	14	-0.09231804835585074
sub-08	meta_metaphor	meta_L_AG	yy	YY	word_label	yy_11	yy_11	11	-0.024825896597483618
sub-08	meta_metaphor	meta_L_AG	yy	YY	word_label	yy_22	yy_22	22	0.01209920671537529
sub-08	meta_metaphor	meta_L_AG	yy	YY	word_label	yy_13	yy_13	13	0.2288694673925174
sub-08	meta_metaphor	meta_L_AG	yy	YY	word_label	yy_37	yy_37	37	0.3322067695659294
sub-08	meta_metaphor	meta_L_AG	yy	YY	word_label	yy_21	yy_21	21	0.10053539065444995
sub-08	meta_metaphor	meta_L_AG	yy	YY	word_label	yy_24	yy_24	24	0.30312421214332386
sub-08	meta_metaphor	meta_L_AG	yy	YY	word_label	yy_35	yy_35	35	-0.4271738243834315
sub-08	meta_metaphor	meta_L_AG	yy	YY	word_label	yy_18	yy_18	18	0.001805997558533103
sub-08	meta_metaphor	meta_L_AG	yy	YY	word_label	yy_12	yy_12	12	-0.0297287304543396
sub-08	meta_metaphor	meta_L_AG	yy	YY	word_label	yy_17	yy_17	17	-0.112357261481559
sub-08	meta_metaphor	meta_L_AG	yy	YY	word_label	yy_40	yy_40	40	-0.1187029632447093
sub-08	meta_metaphor	meta_L_AG	yy	YY	word_label	yy_1	yy_1	1	-0.25809304243762793
sub-08	meta_metaphor	meta_L_AG	yy	YY	word_label	yy_9	yy_9	9	0.26650106866229917
sub-08	meta_metaphor	meta_L_AG	yy	YY	word_label	yy_6	yy_6	6	0.07521982365717242
sub-08	meta_metaphor	meta_L_AG	yy	YY	word_label	yy_5	yy_5	5	0.47805223299381355
sub-08	meta_metaphor	meta_L_AG	yy	YY	word_label	yy_7	yy_7	7	0.008006246079584537
sub-08	meta_metaphor	meta_L_AG	yy	YY	word_label	yy_27	yy_27	27	0.0006168638267634431
sub-08	meta_metaphor	meta_L_AG	yy	YY	word_label	yy_33	yy_33	33	0.11835759522197749
sub-08	meta_metaphor	meta_L_AG	kj	KJ	word_label	kj_6	kj_6	6	0.2417160461935176
sub-08	meta_metaphor	meta_L_AG	kj	KJ	word_label	kj_34	kj_34	34	-0.33144262871632746
sub-08	meta_metaphor	meta_L_AG	kj	KJ	word_label	kj_28	kj_28	28	-0.40972174518411436
sub-08	meta_metaphor	meta_L_AG	kj	KJ	word_label	kj_7	kj_7	7	0.21562274587084623
sub-08	meta_metaphor	meta_L_AG	kj	KJ	word_label	kj_30	kj_30	30	-0.1050967080076857
sub-08	meta_metaphor	meta_L_AG	kj	KJ	word_label	kj_17	kj_17	17	-0.07703794007943747
sub-08	meta_metaphor	meta_L_AG	kj	KJ	word_label	kj_31	kj_31	31	-0.3587942663028438
sub-08	meta_metaphor	meta_L_AG	kj	KJ	word_label	kj_25	kj_25	25	0.024548946004947052
sub-08	meta_metaphor	meta_L_AG	kj	KJ	word_label	kj_1	kj_1	1	0.005058461174455869
sub-08	meta_metaphor	meta_L_AG	kj	KJ	word_label	kj_11	kj_11	11	0.07576759672663663
sub-08	meta_metaphor	meta_L_AG	kj	KJ	word_label	kj_22	kj_22	22	0.4283503880093554
sub-08	meta_metaphor	meta_L_AG	kj	KJ	word_label	kj_23	kj_23	23	0.28644922072820395
sub-08	meta_metaphor	meta_L_AG	kj	KJ	word_label	kj_2	kj_2	2	-0.06142648712185806
sub-08	meta_metaphor	meta_L_AG	kj	KJ	word_label	kj_27	kj_27	27	0.3998933709917783
sub-08	meta_metaphor	meta_L_AG	kj	KJ	word_label	kj_10	kj_10	10	0.09644298577979302
sub-08	meta_metaphor	meta_L_AG	kj	KJ	word_label	kj_37	kj_37	37	-0.41093502956275685
sub-08	meta_metaphor	meta_L_AG	kj	KJ	word_label	kj_9	kj_9	9	-0.31780908903394767
sub-08	meta_metaphor	meta_L_AG	kj	KJ	word_label	kj_13	kj_13	13	-0.2703043853036587
sub-08	meta_metaphor	meta_L_AG	kj	KJ	word_label	kj_38	kj_38	38	-0.0931167300190228
sub-08	meta_metaphor	meta_L_AG	kj	KJ	word_label	kj_21	kj_21	21	-0.25095021723408656
sub-08	meta_metaphor	meta_L_AG	kj	KJ	word_label	kj_3	kj_3	3	0.21028410322513783
sub-08	meta_metaphor	meta_L_AG	kj	KJ	word_label	kj_36	kj_36	36	-0.31675272439922125
sub-08	meta_metaphor	meta_L_AG	kj	KJ	word_label	kj_29	kj_29	29	-0.1958772666479351
sub-08	meta_metaphor	meta_L_AG	kj	KJ	word_label	kj_33	kj_33	33	-0.0718220467666587
sub-08	meta_metaphor	meta_L_AG	kj	KJ	word_label	kj_19	kj_19	19	-0.21571153623352837
sub-08	meta_metaphor	meta_L_AG	kj	KJ	word_label	kj_15	kj_15	15	-0.5054494140732669
sub-08	meta_metaphor	meta_L_AG	kj	KJ	word_label	kj_24	kj_24	24	-0.06342616199316915
sub-08	meta_metaphor	meta_L_AG	kj	KJ	word_label	kj_16	kj_16	16	0.14935130943236266
sub-08	meta_metaphor	meta_L_AG	kj	KJ	word_label	kj_14	kj_14	14	0.17254881716381446
sub-08	meta_metaphor	meta_L_AG	kj	KJ	word_label	kj_12	kj_12	12	0.21499660288646585
sub-08	meta_metaphor	meta_L_AG	kj	KJ	word_label	kj_8	kj_8	8	0.38143407913613087
sub-08	meta_metaphor	meta_L_AG	kj	KJ	word_label	kj_20	kj_20	20	0.1313451018888436
sub-08	meta_metaphor	meta_L_AG	kj	KJ	word_label	kj_26	kj_26	26	0.22951746732366127
sub-08	meta_metaphor	meta_L_AG	kj	KJ	word_label	kj_5	kj_5	5	-0.1570491688269361
sub-08	meta_metaphor	meta_L_AG	kj	KJ	word_label	kj_39	kj_39	39	-0.11237132626410586
sub-08	meta_metaphor	meta_L_IFG	yy	YY	word_label	yy_26	yy_26	26	-0.002312365227249001
sub-08	meta_metaphor	meta_L_IFG	yy	YY	word_label	yy_32	yy_32	32	0.528880041483091
sub-08	meta_metaphor	meta_L_IFG	yy	YY	word_label	yy_38	yy_38	38	0.165045468472047
sub-08	meta_metaphor	meta_L_IFG	yy	YY	word_label	yy_39	yy_39	39	0.1239593876689867
sub-08	meta_metaphor	meta_L_IFG	yy	YY	word_label	yy_16	yy_16	16	0.4003186319158155
sub-08	meta_metaphor	meta_L_IFG	yy	YY	word_label	yy_3	yy_3	3	-0.44007030826320376
sub-08	meta_metaphor	meta_L_IFG	yy	YY	word_label	yy_2	yy_2	2	0.16334989981639753
sub-08	meta_metaphor	meta_L_IFG	yy	YY	word_label	yy_29	yy_29	29	0.2617680715296074
sub-08	meta_metaphor	meta_L_IFG	yy	YY	word_label	yy_15	yy_15	15	0.194338025892388
sub-08	meta_metaphor	meta_L_IFG	yy	YY	word_label	yy_36	yy_36	36	0.3855873298949704
sub-08	meta_metaphor	meta_L_IFG	yy	YY	word_label	yy_4	yy_4	4	0.1630309631671225
sub-08	meta_metaphor	meta_L_IFG	yy	YY	word_label	yy_23	yy_23	23	0.5549451689211954
sub-08	meta_metaphor	meta_L_IFG	yy	YY	word_label	yy_19	yy_19	19	0.32091869865602907
sub-08	meta_metaphor	meta_L_IFG	yy	YY	word_label	yy_10	yy_10	10	0.1429284651397229
sub-08	meta_metaphor	meta_L_IFG	yy	YY	word_label	yy_8	yy_8	8	0.31410610563564995
sub-08	meta_metaphor	meta_L_IFG	yy	YY	word_label	yy_28	yy_28	28	-0.32477810828539183
sub-08	meta_metaphor	meta_L_IFG	yy	YY	word_label	yy_14	yy_14	14	0.020390765089533254
sub-08	meta_metaphor	meta_L_IFG	yy	YY	word_label	yy_11	yy_11	11	-0.44247666705152183
sub-08	meta_metaphor	meta_L_IFG	yy	YY	word_label	yy_22	yy_22	22	0.1278691632555905
sub-08	meta_metaphor	meta_L_IFG	yy	YY	word_label	yy_13	yy_13	13	0.12354420559771881
sub-08	meta_metaphor	meta_L_IFG	yy	YY	word_label	yy_37	yy_37	37	0.245515184145154
sub-08	meta_metaphor	meta_L_IFG	yy	YY	word_label	yy_21	yy_21	21	0.16139653126261316
sub-08	meta_metaphor	meta_L_IFG	yy	YY	word_label	yy_24	yy_24	24	-0.43543382058979807
sub-08	meta_metaphor	meta_L_IFG	yy	YY	word_label	yy_35	yy_35	35	0.056097851351908284
sub-08	meta_metaphor	meta_L_IFG	yy	YY	word_label	yy_18	yy_18	18	-0.3474123619804182
sub-08	meta_metaphor	meta_L_IFG	yy	YY	word_label	yy_12	yy_12	12	0.12074662453343489
sub-08	meta_metaphor	meta_L_IFG	yy	YY	word_label	yy_17	yy_17	17	-0.3571763804678329
sub-08	meta_metaphor	meta_L_IFG	yy	YY	word_label	yy_40	yy_40	40	0.5530573735745682
sub-08	meta_metaphor	meta_L_IFG	yy	YY	word_label	yy_1	yy_1	1	-0.4195779225145607
sub-08	meta_metaphor	meta_L_IFG	yy	YY	word_label	yy_9	yy_9	9	-0.44018837656459214
sub-08	meta_metaphor	meta_L_IFG	yy	YY	word_label	yy_6	yy_6	6	0.44614899439377714
sub-08	meta_metaphor	meta_L_IFG	yy	YY	word_label	yy_5	yy_5	5	0.24674763180761103
sub-08	meta_metaphor	meta_L_IFG	yy	YY	word_label	yy_7	yy_7	7	-0.24849846264291933
sub-08	meta_metaphor	meta_L_IFG	yy	YY	word_label	yy_27	yy_27	27	-0.1181646725221771
sub-08	meta_metaphor	meta_L_IFG	yy	YY	word_label	yy_33	yy_33	33	0.10961688681451168
sub-08	meta_metaphor	meta_L_IFG	kj	KJ	word_label	kj_6	kj_6	6	0.14258825529937452
sub-08	meta_metaphor	meta_L_IFG	kj	KJ	word_label	kj_34	kj_34	34	0.31408153245579645
sub-08	meta_metaphor	meta_L_IFG	kj	KJ	word_label	kj_28	kj_28	28	0.29914299636954406
sub-08	meta_metaphor	meta_L_IFG	kj	KJ	word_label	kj_7	kj_7	7	-0.04799533540697711
sub-08	meta_metaphor	meta_L_IFG	kj	KJ	word_label	kj_30	kj_30	30	0.11264451661163882
sub-08	meta_metaphor	meta_L_IFG	kj	KJ	word_label	kj_17	kj_17	17	-0.3091633742810992
sub-08	meta_metaphor	meta_L_IFG	kj	KJ	word_label	kj_31	kj_31	31	0.19510728613519301
sub-08	meta_metaphor	meta_L_IFG	kj	KJ	word_label	kj_25	kj_25	25	0.19907052741060383
sub-08	meta_metaphor	meta_L_IFG	kj	KJ	word_label	kj_1	kj_1	1	-0.004499551776683763
sub-08	meta_metaphor	meta_L_IFG	kj	KJ	word_label	kj_11	kj_11	11	0.07791400438786003
sub-08	meta_metaphor	meta_L_IFG	kj	KJ	word_label	kj_22	kj_22	22	-0.04206530864172314
sub-08	meta_metaphor	meta_L_IFG	kj	KJ	word_label	kj_23	kj_23	23	-0.41063362893783967
sub-08	meta_metaphor	meta_L_IFG	kj	KJ	word_label	kj_2	kj_2	2	-0.14607826962161277
sub-08	meta_metaphor	meta_L_IFG	kj	KJ	word_label	kj_27	kj_27	27	-0.21992443012213764
sub-08	meta_metaphor	meta_L_IFG	kj	KJ	word_label	kj_10	kj_10	10	0.12577157555019874
sub-08	meta_metaphor	meta_L_IFG	kj	KJ	word_label	kj_37	kj_37	37	-0.8110876419238238
sub-08	meta_metaphor	meta_L_IFG	kj	KJ	word_label	kj_9	kj_9	9	0.18465623760950314
sub-08	meta_metaphor	meta_L_IFG	kj	KJ	word_label	kj_13	kj_13	13	0.4059057693547004
sub-08	meta_metaphor	meta_L_IFG	kj	KJ	word_label	kj_38	kj_38	38	-0.2072292261794649
sub-08	meta_metaphor	meta_L_IFG	kj	KJ	word_label	kj_21	kj_21	21	-0.27694261878778775
sub-08	meta_metaphor	meta_L_IFG	kj	KJ	word_label	kj_3	kj_3	3	-0.07625291517976894
sub-08	meta_metaphor	meta_L_IFG	kj	KJ	word_label	kj_36	kj_36	36	0.11606511869245699
sub-08	meta_metaphor	meta_L_IFG	kj	KJ	word_label	kj_29	kj_29	29	0.0669671163769611
sub-08	meta_metaphor	meta_L_IFG	kj	KJ	word_label	kj_33	kj_33	33	-0.6826555720441835
sub-08	meta_metaphor	meta_L_IFG	kj	KJ	word_label	kj_19	kj_19	19	-0.1645595032857122
sub-08	meta_metaphor	meta_L_IFG	kj	KJ	word_label	kj_15	kj_15	15	-0.6443117682064307
sub-08	meta_metaphor	meta_L_IFG	kj	KJ	word_label	kj_24	kj_24	24	-0.19362122689836295
sub-08	meta_metaphor	meta_L_IFG	kj	KJ	word_label	kj_16	kj_16	16	0.5425987413329528
sub-08	meta_metaphor	meta_L_IFG	kj	KJ	word_label	kj_14	kj_14	14	-0.37147676840927984
sub-08	meta_metaphor	meta_L_IFG	kj	KJ	word_label	kj_12	kj_12	12	-0.019592541245851105
sub-08	meta_metaphor	meta_L_IFG	kj	KJ	word_label	kj_8	kj_8	8	-0.03354589967853957
sub-08	meta_metaphor	meta_L_IFG	kj	KJ	word_label	kj_20	kj_20	20	-0.16493782300636536
sub-08	meta_metaphor	meta_L_IFG	kj	KJ	word_label	kj_26	kj_26	26	0.503615540545436
sub-08	meta_metaphor	meta_L_IFG	kj	KJ	word_label	kj_5	kj_5	5	-0.1800571975456859
sub-08	meta_metaphor	meta_L_IFG	kj	KJ	word_label	kj_39	kj_39	39	0.4205311457542037
sub-08	meta_metaphor	meta_L_pMTG_pSTS	yy	YY	word_label	yy_26	yy_26	26	0.1335879270386819
sub-08	meta_metaphor	meta_L_pMTG_pSTS	yy	YY	word_label	yy_32	yy_32	32	0.03504966645436021
sub-08	meta_metaphor	meta_L_pMTG_pSTS	yy	YY	word_label	yy_38	yy_38	38	-0.3035343141089604
sub-08	meta_metaphor	meta_L_pMTG_pSTS	yy	YY	word_label	yy_39	yy_39	39	0.5043581395766846
sub-08	meta_metaphor	meta_L_pMTG_pSTS	yy	YY	word_label	yy_16	yy_16	16	0.2949254998450357
sub-08	meta_metaphor	meta_L_pMTG_pSTS	yy	YY	word_label	yy_3	yy_3	3	-0.20278268224309984
sub-08	meta_metaphor	meta_L_pMTG_pSTS	yy	YY	word_label	yy_2	yy_2	2	0.025125267126716977
sub-08	meta_metaphor	meta_L_pMTG_pSTS	yy	YY	word_label	yy_29	yy_29	29	-0.2874432849106045
sub-08	meta_metaphor	meta_L_pMTG_pSTS	yy	YY	word_label	yy_15	yy_15	15	0.054733424329772996
sub-08	meta_metaphor	meta_L_pMTG_pSTS	yy	YY	word_label	yy_36	yy_36	36	0.3794858519716503
sub-08	meta_metaphor	meta_L_pMTG_pSTS	yy	YY	word_label	yy_4	yy_4	4	0.6351886307750322
sub-08	meta_metaphor	meta_L_pMTG_pSTS	yy	YY	word_label	yy_23	yy_23	23	-0.27569354567404913
sub-08	meta_metaphor	meta_L_pMTG_pSTS	yy	YY	word_label	yy_19	yy_19	19	0.5089324064923818
sub-08	meta_metaphor	meta_L_pMTG_pSTS	yy	YY	word_label	yy_10	yy_10	10	-0.07295631694788313
sub-08	meta_metaphor	meta_L_pMTG_pSTS	yy	YY	word_label	yy_8	yy_8	8	0.3128777737102623
sub-08	meta_metaphor	meta_L_pMTG_pSTS	yy	YY	word_label	yy_28	yy_28	28	0.20186219921525136
sub-08	meta_metaphor	meta_L_pMTG_pSTS	yy	YY	word_label	yy_14	yy_14	14	-0.03628140398663038
sub-08	meta_metaphor	meta_L_pMTG_pSTS	yy	YY	word_label	yy_11	yy_11	11	0.08061695373461011
sub-08	meta_metaphor	meta_L_pMTG_pSTS	yy	YY	word_label	yy_22	yy_22	22	-0.500903068988209
sub-08	meta_metaphor	meta_L_pMTG_pSTS	yy	YY	word_label	yy_13	yy_13	13	0.6340820968534738
sub-08	meta_metaphor	meta_L_pMTG_pSTS	yy	YY	word_label	yy_37	yy_37	37	-0.12872748199074452
sub-08	meta_metaphor	meta_L_pMTG_pSTS	yy	YY	word_label	yy_21	yy_21	21	0.6757967726323695
sub-08	meta_metaphor	meta_L_pMTG_pSTS	yy	YY	word_label	yy_24	yy_24	24	0.22978159534715423
sub-08	meta_metaphor	meta_L_pMTG_pSTS	yy	YY	word_label	yy_35	yy_35	35	-0.3588623277644637
sub-08	meta_metaphor	meta_L_pMTG_pSTS	yy	YY	word_label	yy_18	yy_18	18	0.6192182083036856
sub-08	meta_metaphor	meta_L_pMTG_pSTS	yy	YY	word_label	yy_12	yy_12	12	-0.15572164353425771
sub-08	meta_metaphor	meta_L_pMTG_pSTS	yy	YY	word_label	yy_17	yy_17	17	0.31573520013854056
sub-08	meta_metaphor	meta_L_pMTG_pSTS	yy	YY	word_label	yy_40	yy_40	40	-0.5034153553708522
sub-08	meta_metaphor	meta_L_pMTG_pSTS	yy	YY	word_label	yy_1	yy_1	1	-0.2770972025210482
sub-08	meta_metaphor	meta_L_pMTG_pSTS	yy	YY	word_label	yy_9	yy_9	9	0.12813446015166494
sub-08	meta_metaphor	meta_L_pMTG_pSTS	yy	YY	word_label	yy_6	yy_6	6	0.7905552282500349
sub-08	meta_metaphor	meta_L_pMTG_pSTS	yy	YY	word_label	yy_5	yy_5	5	-0.16277929278673087
sub-08	meta_metaphor	meta_L_pMTG_pSTS	yy	YY	word_label	yy_7	yy_7	7	-0.6570050720109694
sub-08	meta_metaphor	meta_L_pMTG_pSTS	yy	YY	word_label	yy_27	yy_27	27	-0.08320755373284841
sub-08	meta_metaphor	meta_L_pMTG_pSTS	yy	YY	word_label	yy_33	yy_33	33	-0.5587204644492866
sub-08	meta_metaphor	meta_L_pMTG_pSTS	kj	KJ	word_label	kj_6	kj_6	6	0.00867988804481671
sub-08	meta_metaphor	meta_L_pMTG_pSTS	kj	KJ	word_label	kj_34	kj_34	34	0.19855848990748579
sub-08	meta_metaphor	meta_L_pMTG_pSTS	kj	KJ	word_label	kj_28	kj_28	28	0.163317588269886
sub-08	meta_metaphor	meta_L_pMTG_pSTS	kj	KJ	word_label	kj_7	kj_7	7	0.1854722504605653
sub-08	meta_metaphor	meta_L_pMTG_pSTS	kj	KJ	word_label	kj_30	kj_30	30	-0.5080829642731178
sub-08	meta_metaphor	meta_L_pMTG_pSTS	kj	KJ	word_label	kj_17	kj_17	17	0.023391548926583045
sub-08	meta_metaphor	meta_L_pMTG_pSTS	kj	KJ	word_label	kj_31	kj_31	31	-0.10553727098133829
sub-08	meta_metaphor	meta_L_pMTG_pSTS	kj	KJ	word_label	kj_25	kj_25	25	0.03857237604425875
sub-08	meta_metaphor	meta_L_pMTG_pSTS	kj	KJ	word_label	kj_1	kj_1	1	0.41346290288613435
sub-08	meta_metaphor	meta_L_pMTG_pSTS	kj	KJ	word_label	kj_11	kj_11	11	0.4722003257538477
sub-08	meta_metaphor	meta_L_pMTG_pSTS	kj	KJ	word_label	kj_22	kj_22	22	-0.22533106361604674
sub-08	meta_metaphor	meta_L_pMTG_pSTS	kj	KJ	word_label	kj_23	kj_23	23	-0.035285165473006475
sub-08	meta_metaphor	meta_L_pMTG_pSTS	kj	KJ	word_label	kj_2	kj_2	2	0.6087554622183623
sub-08	meta_metaphor	meta_L_pMTG_pSTS	kj	KJ	word_label	kj_27	kj_27	27	0.21095517324535454
sub-08	meta_metaphor	meta_L_pMTG_pSTS	kj	KJ	word_label	kj_10	kj_10	10	0.4010804277341906
sub-08	meta_metaphor	meta_L_pMTG_pSTS	kj	KJ	word_label	kj_37	kj_37	37	-0.04825766592548253
sub-08	meta_metaphor	meta_L_pMTG_pSTS	kj	KJ	word_label	kj_9	kj_9	9	-0.7382247206080144
sub-08	meta_metaphor	meta_L_pMTG_pSTS	kj	KJ	word_label	kj_13	kj_13	13	-0.07451404421132693
sub-08	meta_metaphor	meta_L_pMTG_pSTS	kj	KJ	word_label	kj_38	kj_38	38	0.2727566835671203
sub-08	meta_metaphor	meta_L_pMTG_pSTS	kj	KJ	word_label	kj_21	kj_21	21	0.5204311463666679
sub-08	meta_metaphor	meta_L_pMTG_pSTS	kj	KJ	word_label	kj_3	kj_3	3	0.323283038877989
sub-08	meta_metaphor	meta_L_pMTG_pSTS	kj	KJ	word_label	kj_36	kj_36	36	0.6070238650848548
sub-08	meta_metaphor	meta_L_pMTG_pSTS	kj	KJ	word_label	kj_29	kj_29	29	0.2662407416214779
sub-08	meta_metaphor	meta_L_pMTG_pSTS	kj	KJ	word_label	kj_33	kj_33	33	0.534696586449179
sub-08	meta_metaphor	meta_L_pMTG_pSTS	kj	KJ	word_label	kj_19	kj_19	19	0.5263367119591542
sub-08	meta_metaphor	meta_L_pMTG_pSTS	kj	KJ	word_label	kj_15	kj_15	15	0.29489487280919974
sub-08	meta_metaphor	meta_L_pMTG_pSTS	kj	KJ	word_label	kj_24	kj_24	24	-0.4119392664393704
sub-08	meta_metaphor	meta_L_pMTG_pSTS	kj	KJ	word_label	kj_16	kj_16	16	0.11713360632398681
sub-08	meta_metaphor	meta_L_pMTG_pSTS	kj	KJ	word_label	kj_14	kj_14	14	0.6798847646742958
sub-08	meta_metaphor	meta_L_pMTG_pSTS	kj	KJ	word_label	kj_12	kj_12	12	-0.26297066166911826
sub-08	meta_metaphor	meta_L_pMTG_pSTS	kj	KJ	word_label	kj_8	kj_8	8	0.017918864806600054
sub-08	meta_metaphor	meta_L_pMTG_pSTS	kj	KJ	word_label	kj_20	kj_20	20	0.19499088794868968
sub-08	meta_metaphor	meta_L_pMTG_pSTS	kj	KJ	word_label	kj_26	kj_26	26	0.487623082772067
sub-08	meta_metaphor	meta_L_pMTG_pSTS	kj	KJ	word_label	kj_5	kj_5	5	-0.140984524158271
sub-08	meta_metaphor	meta_L_pMTG_pSTS	kj	KJ	word_label	kj_39	kj_39	39	0.43096709785852527
sub-08	meta_metaphor	meta_L_temporal_pole	yy	YY	word_label	yy_26	yy_26	26	-0.12925192299881028
sub-08	meta_metaphor	meta_L_temporal_pole	yy	YY	word_label	yy_32	yy_32	32	0.5539287105822722
sub-08	meta_metaphor	meta_L_temporal_pole	yy	YY	word_label	yy_38	yy_38	38	0.232030743319721
sub-08	meta_metaphor	meta_L_temporal_pole	yy	YY	word_label	yy_39	yy_39	39	0.05276603618719452
sub-08	meta_metaphor	meta_L_temporal_pole	yy	YY	word_label	yy_16	yy_16	16	-0.3705739492762061
sub-08	meta_metaphor	meta_L_temporal_pole	yy	YY	word_label	yy_3	yy_3	3	-0.16283182385734482
sub-08	meta_metaphor	meta_L_temporal_pole	yy	YY	word_label	yy_2	yy_2	2	-0.3737184161553319
sub-08	meta_metaphor	meta_L_temporal_pole	yy	YY	word_label	yy_29	yy_29	29	0.193177840796258
sub-08	meta_metaphor	meta_L_temporal_pole	yy	YY	word_label	yy_15	yy_15	15	0.06737569858428556
sub-08	meta_metaphor	meta_L_temporal_pole	yy	YY	word_label	yy_36	yy_36	36	-0.142877676534958
sub-08	meta_metaphor	meta_L_temporal_pole	yy	YY	word_label	yy_4	yy_4	4	-0.01602782511451521
sub-08	meta_metaphor	meta_L_temporal_pole	yy	YY	word_label	yy_23	yy_23	23	-0.021446358819700542
sub-08	meta_metaphor	meta_L_temporal_pole	yy	YY	word_label	yy_19	yy_19	19	0.2389533457851357
sub-08	meta_metaphor	meta_L_temporal_pole	yy	YY	word_label	yy_10	yy_10	10	-0.42402400176344135
sub-08	meta_metaphor	meta_L_temporal_pole	yy	YY	word_label	yy_8	yy_8	8	0.34947814191773574
sub-08	meta_metaphor	meta_L_temporal_pole	yy	YY	word_label	yy_28	yy_28	28	0.054785952785484524
sub-08	meta_metaphor	meta_L_temporal_pole	yy	YY	word_label	yy_14	yy_14	14	0.20736886897116993
sub-08	meta_metaphor	meta_L_temporal_pole	yy	YY	word_label	yy_11	yy_11	11	0.20789492889190195
sub-08	meta_metaphor	meta_L_temporal_pole	yy	YY	word_label	yy_22	yy_22	22	-0.07869717931076103
sub-08	meta_metaphor	meta_L_temporal_pole	yy	YY	word_label	yy_13	yy_13	13	0.3435138291521189
sub-08	meta_metaphor	meta_L_temporal_pole	yy	YY	word_label	yy_37	yy_37	37	0.5546211230713631
sub-08	meta_metaphor	meta_L_temporal_pole	yy	YY	word_label	yy_21	yy_21	21	0.14110934664953764
sub-08	meta_metaphor	meta_L_temporal_pole	yy	YY	word_label	yy_24	yy_24	24	0.0814204796231868
sub-08	meta_metaphor	meta_L_temporal_pole	yy	YY	word_label	yy_35	yy_35	35	-0.25044273265989997
sub-08	meta_metaphor	meta_L_temporal_pole	yy	YY	word_label	yy_18	yy_18	18	0.07210879098715528
sub-08	meta_metaphor	meta_L_temporal_pole	yy	YY	word_label	yy_12	yy_12	12	0.24414946166179477
sub-08	meta_metaphor	meta_L_temporal_pole	yy	YY	word_label	yy_17	yy_17	17	0.25690246352518015
sub-08	meta_metaphor	meta_L_temporal_pole	yy	YY	word_label	yy_40	yy_40	40	0.38721453237419656
sub-08	meta_metaphor	meta_L_temporal_pole	yy	YY	word_label	yy_1	yy_1	1	-0.7539964711308142
sub-08	meta_metaphor	meta_L_temporal_pole	yy	YY	word_label	yy_9	yy_9	9	-0.39716472624511756
sub-08	meta_metaphor	meta_L_temporal_pole	yy	YY	word_label	yy_6	yy_6	6	0.26818802496494354
sub-08	meta_metaphor	meta_L_temporal_pole	yy	YY	word_label	yy_5	yy_5	5	0.06756288926540947
sub-08	meta_metaphor	meta_L_temporal_pole	yy	YY	word_label	yy_7	yy_7	7	-0.3631435119185298
sub-08	meta_metaphor	meta_L_temporal_pole	yy	YY	word_label	yy_27	yy_27	27	0.42981746013096217
sub-08	meta_metaphor	meta_L_temporal_pole	yy	YY	word_label	yy_33	yy_33	33	0.4284822218529189
sub-08	meta_metaphor	meta_L_temporal_pole	kj	KJ	word_label	kj_6	kj_6	6	-0.10437069510818413
sub-08	meta_metaphor	meta_L_temporal_pole	kj	KJ	word_label	kj_34	kj_34	34	0.2652401352397947
sub-08	meta_metaphor	meta_L_temporal_pole	kj	KJ	word_label	kj_28	kj_28	28	-0.21121437653840766
sub-08	meta_metaphor	meta_L_temporal_pole	kj	KJ	word_label	kj_7	kj_7	7	-0.3161221603166137
sub-08	meta_metaphor	meta_L_temporal_pole	kj	KJ	word_label	kj_30	kj_30	30	0.14125300883864342
sub-08	meta_metaphor	meta_L_temporal_pole	kj	KJ	word_label	kj_17	kj_17	17	-0.1646313722114344
sub-08	meta_metaphor	meta_L_temporal_pole	kj	KJ	word_label	kj_31	kj_31	31	-0.07763119924680559
sub-08	meta_metaphor	meta_L_temporal_pole	kj	KJ	word_label	kj_25	kj_25	25	-0.14884562515241348
sub-08	meta_metaphor	meta_L_temporal_pole	kj	KJ	word_label	kj_1	kj_1	1	0.15579835683085183
sub-08	meta_metaphor	meta_L_temporal_pole	kj	KJ	word_label	kj_11	kj_11	11	0.10081365174725329
sub-08	meta_metaphor	meta_L_temporal_pole	kj	KJ	word_label	kj_22	kj_22	22	0.10818484924029453
sub-08	meta_metaphor	meta_L_temporal_pole	kj	KJ	word_label	kj_23	kj_23	23	0.21626511461708875
sub-08	meta_metaphor	meta_L_temporal_pole	kj	KJ	word_label	kj_2	kj_2	2	-0.11234412160732685
sub-08	meta_metaphor	meta_L_temporal_pole	kj	KJ	word_label	kj_27	kj_27	27	0.16155724129267923
sub-08	meta_metaphor	meta_L_temporal_pole	kj	KJ	word_label	kj_10	kj_10	10	0.5387065745575377
sub-08	meta_metaphor	meta_L_temporal_pole	kj	KJ	word_label	kj_37	kj_37	37	0.4852842334655829
sub-08	meta_metaphor	meta_L_temporal_pole	kj	KJ	word_label	kj_9	kj_9	9	-0.01826997705651366
sub-08	meta_metaphor	meta_L_temporal_pole	kj	KJ	word_label	kj_13	kj_13	13	0.14499900878657676
sub-08	meta_metaphor	meta_L_temporal_pole	kj	KJ	word_label	kj_38	kj_38	38	-0.31143781957682243
sub-08	meta_metaphor	meta_L_temporal_pole	kj	KJ	word_label	kj_21	kj_21	21	-0.11432957293498423
sub-08	meta_metaphor	meta_L_temporal_pole	kj	KJ	word_label	kj_3	kj_3	3	0.3640633193371089
sub-08	meta_metaphor	meta_L_temporal_pole	kj	KJ	word_label	kj_36	kj_36	36	0.35089676079088716
sub-08	meta_metaphor	meta_L_temporal_pole	kj	KJ	word_label	kj_29	kj_29	29	0.3622185595653876
sub-08	meta_metaphor	meta_L_temporal_pole	kj	KJ	word_label	kj_33	kj_33	33	-0.3771226116043551
sub-08	meta_metaphor	meta_L_temporal_pole	kj	KJ	word_label	kj_19	kj_19	19	0.48100567537148825
sub-08	meta_metaphor	meta_L_temporal_pole	kj	KJ	word_label	kj_15	kj_15	15	-0.4261697038724158
sub-08	meta_metaphor	meta_L_temporal_pole	kj	KJ	word_label	kj_24	kj_24	24	0.05034248221909083
sub-08	meta_metaphor	meta_L_temporal_pole	kj	KJ	word_label	kj_16	kj_16	16	-0.28572920091286275
sub-08	meta_metaphor	meta_L_temporal_pole	kj	KJ	word_label	kj_14	kj_14	14	-0.05071155274697903
sub-08	meta_metaphor	meta_L_temporal_pole	kj	KJ	word_label	kj_12	kj_12	12	0.03934043507932441
sub-08	meta_metaphor	meta_L_temporal_pole	kj	KJ	word_label	kj_8	kj_8	8	0.13254422610649877
sub-08	meta_metaphor	meta_L_temporal_pole	kj	KJ	word_label	kj_20	kj_20	20	-0.14854418829320884
sub-08	meta_metaphor	meta_L_temporal_pole	kj	KJ	word_label	kj_26	kj_26	26	-0.15488169988956535
sub-08	meta_metaphor	meta_L_temporal_pole	kj	KJ	word_label	kj_5	kj_5	5	0.2902167531421966
sub-08	meta_metaphor	meta_L_temporal_pole	kj	KJ	word_label	kj_39	kj_39	39	0.5246381262576223
sub-08	meta_metaphor	meta_R_AG	yy	YY	word_label	yy_26	yy_26	26	-0.13120676071173004
sub-08	meta_metaphor	meta_R_AG	yy	YY	word_label	yy_32	yy_32	32	0.6317042483152003
sub-08	meta_metaphor	meta_R_AG	yy	YY	word_label	yy_38	yy_38	38	0.4368832386503013
sub-08	meta_metaphor	meta_R_AG	yy	YY	word_label	yy_39	yy_39	39	-0.5632860075974839
sub-08	meta_metaphor	meta_R_AG	yy	YY	word_label	yy_16	yy_16	16	-0.3654771372298135
sub-08	meta_metaphor	meta_R_AG	yy	YY	word_label	yy_3	yy_3	3	-0.6151017455998602
sub-08	meta_metaphor	meta_R_AG	yy	YY	word_label	yy_2	yy_2	2	-0.6516756249140877
sub-08	meta_metaphor	meta_R_AG	yy	YY	word_label	yy_29	yy_29	29	-0.6208447855879825
sub-08	meta_metaphor	meta_R_AG	yy	YY	word_label	yy_15	yy_15	15	-0.09366483955014382
sub-08	meta_metaphor	meta_R_AG	yy	YY	word_label	yy_36	yy_36	36	0.5463240274930636
sub-08	meta_metaphor	meta_R_AG	yy	YY	word_label	yy_4	yy_4	4	0.6538973082681449
sub-08	meta_metaphor	meta_R_AG	yy	YY	word_label	yy_23	yy_23	23	0.593793089487894
sub-08	meta_metaphor	meta_R_AG	yy	YY	word_label	yy_19	yy_19	19	0.31408973653229777
sub-08	meta_metaphor	meta_R_AG	yy	YY	word_label	yy_10	yy_10	10	0.7238775033011692
sub-08	meta_metaphor	meta_R_AG	yy	YY	word_label	yy_8	yy_8	8	0.5861401473113702
sub-08	meta_metaphor	meta_R_AG	yy	YY	word_label	yy_28	yy_28	28	0.5127122625808519
sub-08	meta_metaphor	meta_R_AG	yy	YY	word_label	yy_14	yy_14	14	-0.38178556457096263
sub-08	meta_metaphor	meta_R_AG	yy	YY	word_label	yy_11	yy_11	11	-0.26247024276504655
sub-08	meta_metaphor	meta_R_AG	yy	YY	word_label	yy_22	yy_22	22	-0.04781922019934265
sub-08	meta_metaphor	meta_R_AG	yy	YY	word_label	yy_13	yy_13	13	0.8279301988796501
sub-08	meta_metaphor	meta_R_AG	yy	YY	word_label	yy_37	yy_37	37	0.07707864336477434
sub-08	meta_metaphor	meta_R_AG	yy	YY	word_label	yy_21	yy_21	21	-0.2029829049865499
sub-08	meta_metaphor	meta_R_AG	yy	YY	word_label	yy_24	yy_24	24	0.8004808349886849
sub-08	meta_metaphor	meta_R_AG	yy	YY	word_label	yy_35	yy_35	35	0.31810091292217124
sub-08	meta_metaphor	meta_R_AG	yy	YY	word_label	yy_18	yy_18	18	0.3755636235353275
sub-08	meta_metaphor	meta_R_AG	yy	YY	word_label	yy_12	yy_12	12	-0.09202356762950965
sub-08	meta_metaphor	meta_R_AG	yy	YY	word_label	yy_17	yy_17	17	0.09165515337052596
sub-08	meta_metaphor	meta_R_AG	yy	YY	word_label	yy_40	yy_40	40	0.4739539423935731
sub-08	meta_metaphor	meta_R_AG	yy	YY	word_label	yy_1	yy_1	1	-0.11070945544201562
sub-08	meta_metaphor	meta_R_AG	yy	YY	word_label	yy_9	yy_9	9	0.09471047656964095
sub-08	meta_metaphor	meta_R_AG	yy	YY	word_label	yy_6	yy_6	6	0.26074136129058517
sub-08	meta_metaphor	meta_R_AG	yy	YY	word_label	yy_5	yy_5	5	0.6435546294267369
sub-08	meta_metaphor	meta_R_AG	yy	YY	word_label	yy_7	yy_7	7	0.23316217429527739
sub-08	meta_metaphor	meta_R_AG	yy	YY	word_label	yy_27	yy_27	27	0.22294822290056734
sub-08	meta_metaphor	meta_R_AG	yy	YY	word_label	yy_33	yy_33	33	-0.4644882630650087
sub-08	meta_metaphor	meta_R_AG	kj	KJ	word_label	kj_6	kj_6	6	0.7484180732747405
sub-08	meta_metaphor	meta_R_AG	kj	KJ	word_label	kj_34	kj_34	34	0.2561472575301414
sub-08	meta_metaphor	meta_R_AG	kj	KJ	word_label	kj_28	kj_28	28	0.15359189360656447
sub-08	meta_metaphor	meta_R_AG	kj	KJ	word_label	kj_7	kj_7	7	-0.17110116222151278
sub-08	meta_metaphor	meta_R_AG	kj	KJ	word_label	kj_30	kj_30	30	0.586204976280091
sub-08	meta_metaphor	meta_R_AG	kj	KJ	word_label	kj_17	kj_17	17	0.2189869522524614
sub-08	meta_metaphor	meta_R_AG	kj	KJ	word_label	kj_31	kj_31	31	0.32965117264331417
sub-08	meta_metaphor	meta_R_AG	kj	KJ	word_label	kj_25	kj_25	25	0.15073372891718573
sub-08	meta_metaphor	meta_R_AG	kj	KJ	word_label	kj_1	kj_1	1	0.05290146136672613
sub-08	meta_metaphor	meta_R_AG	kj	KJ	word_label	kj_11	kj_11	11	0.17488191802622366
sub-08	meta_metaphor	meta_R_AG	kj	KJ	word_label	kj_22	kj_22	22	-0.1104073287427295
sub-08	meta_metaphor	meta_R_AG	kj	KJ	word_label	kj_23	kj_23	23	-0.30541116074294933
sub-08	meta_metaphor	meta_R_AG	kj	KJ	word_label	kj_2	kj_2	2	0.0793082604402354
sub-08	meta_metaphor	meta_R_AG	kj	KJ	word_label	kj_27	kj_27	27	0.12106625073269274
sub-08	meta_metaphor	meta_R_AG	kj	KJ	word_label	kj_10	kj_10	10	-0.002299084966121961
sub-08	meta_metaphor	meta_R_AG	kj	KJ	word_label	kj_37	kj_37	37	0.5836955669179832
sub-08	meta_metaphor	meta_R_AG	kj	KJ	word_label	kj_9	kj_9	9	0.4034835896368117
sub-08	meta_metaphor	meta_R_AG	kj	KJ	word_label	kj_13	kj_13	13	0.3520912253219058
sub-08	meta_metaphor	meta_R_AG	kj	KJ	word_label	kj_38	kj_38	38	-0.06094264095723936
sub-08	meta_metaphor	meta_R_AG	kj	KJ	word_label	kj_21	kj_21	21	-0.6805961965814357
sub-08	meta_metaphor	meta_R_AG	kj	KJ	word_label	kj_3	kj_3	3	-0.14229673490463762
sub-08	meta_metaphor	meta_R_AG	kj	KJ	word_label	kj_36	kj_36	36	0.625465298099539
sub-08	meta_metaphor	meta_R_AG	kj	KJ	word_label	kj_29	kj_29	29	-0.2384417227495789
sub-08	meta_metaphor	meta_R_AG	kj	KJ	word_label	kj_33	kj_33	33	0.4963513694398052
sub-08	meta_metaphor	meta_R_AG	kj	KJ	word_label	kj_19	kj_19	19	0.1683564057967679
sub-08	meta_metaphor	meta_R_AG	kj	KJ	word_label	kj_15	kj_15	15	-0.1933684653662695
sub-08	meta_metaphor	meta_R_AG	kj	KJ	word_label	kj_24	kj_24	24	-0.0005683294491302385
sub-08	meta_metaphor	meta_R_AG	kj	KJ	word_label	kj_16	kj_16	16	-0.06309324948010894
sub-08	meta_metaphor	meta_R_AG	kj	KJ	word_label	kj_14	kj_14	14	0.604005955506676
sub-08	meta_metaphor	meta_R_AG	kj	KJ	word_label	kj_12	kj_12	12	0.5785534380701303
sub-08	meta_metaphor	meta_R_AG	kj	KJ	word_label	kj_8	kj_8	8	0.725428368511323
sub-08	meta_metaphor	meta_R_AG	kj	KJ	word_label	kj_20	kj_20	20	-0.6430578377958327
sub-08	meta_metaphor	meta_R_AG	kj	KJ	word_label	kj_26	kj_26	26	-0.42617475466754084
sub-08	meta_metaphor	meta_R_AG	kj	KJ	word_label	kj_5	kj_5	5	0.4766080881031099
sub-08	meta_metaphor	meta_R_AG	kj	KJ	word_label	kj_39	kj_39	39	0.3251686213340853
sub-08	meta_metaphor	meta_R_IFG	yy	YY	word_label	yy_26	yy_26	26	-0.4678223379078419
sub-08	meta_metaphor	meta_R_IFG	yy	YY	word_label	yy_32	yy_32	32	-0.4459506076579812
sub-08	meta_metaphor	meta_R_IFG	yy	YY	word_label	yy_38	yy_38	38	0.29439159182598656
sub-08	meta_metaphor	meta_R_IFG	yy	YY	word_label	yy_39	yy_39	39	0.5070588479461173
sub-08	meta_metaphor	meta_R_IFG	yy	YY	word_label	yy_16	yy_16	16	0.5895185968833844
sub-08	meta_metaphor	meta_R_IFG	yy	YY	word_label	yy_3	yy_3	3	-0.40586197988652173
sub-08	meta_metaphor	meta_R_IFG	yy	YY	word_label	yy_2	yy_2	2	-0.5028468793369817
sub-08	meta_metaphor	meta_R_IFG	yy	YY	word_label	yy_29	yy_29	29	-0.38818489612005597
sub-08	meta_metaphor	meta_R_IFG	yy	YY	word_label	yy_15	yy_15	15	-0.09184932966409474
sub-08	meta_metaphor	meta_R_IFG	yy	YY	word_label	yy_36	yy_36	36	0.34247328537065375
sub-08	meta_metaphor	meta_R_IFG	yy	YY	word_label	yy_4	yy_4	4	0.514550640003274
sub-08	meta_metaphor	meta_R_IFG	yy	YY	word_label	yy_23	yy_23	23	0.035117163178934395
sub-08	meta_metaphor	meta_R_IFG	yy	YY	word_label	yy_19	yy_19	19	0.2382017091352891
sub-08	meta_metaphor	meta_R_IFG	yy	YY	word_label	yy_10	yy_10	10	-0.0802561362389509
sub-08	meta_metaphor	meta_R_IFG	yy	YY	word_label	yy_8	yy_8	8	0.3579365168807287
sub-08	meta_metaphor	meta_R_IFG	yy	YY	word_label	yy_28	yy_28	28	-0.009755274924660336
sub-08	meta_metaphor	meta_R_IFG	yy	YY	word_label	yy_14	yy_14	14	0.011683791798436174
sub-08	meta_metaphor	meta_R_IFG	yy	YY	word_label	yy_11	yy_11	11	0.03779423139682123
sub-08	meta_metaphor	meta_R_IFG	yy	YY	word_label	yy_22	yy_22	22	0.7212261186784625
sub-08	meta_metaphor	meta_R_IFG	yy	YY	word_label	yy_13	yy_13	13	-0.3148059279590166
sub-08	meta_metaphor	meta_R_IFG	yy	YY	word_label	yy_37	yy_37	37	0.43249961230335726
sub-08	meta_metaphor	meta_R_IFG	yy	YY	word_label	yy_21	yy_21	21	-0.13699687797749838
sub-08	meta_metaphor	meta_R_IFG	yy	YY	word_label	yy_24	yy_24	24	-0.05768600667117167
sub-08	meta_metaphor	meta_R_IFG	yy	YY	word_label	yy_35	yy_35	35	0.49509914302528735
sub-08	meta_metaphor	meta_R_IFG	yy	YY	word_label	yy_18	yy_18	18	0.20674839954621546
sub-08	meta_metaphor	meta_R_IFG	yy	YY	word_label	yy_12	yy_12	12	-0.4779300346053181
sub-08	meta_metaphor	meta_R_IFG	yy	YY	word_label	yy_17	yy_17	17	0.7382635749233439
sub-08	meta_metaphor	meta_R_IFG	yy	YY	word_label	yy_40	yy_40	40	0.28802338074748357
sub-08	meta_metaphor	meta_R_IFG	yy	YY	word_label	yy_1	yy_1	1	-0.33097271415732976
sub-08	meta_metaphor	meta_R_IFG	yy	YY	word_label	yy_9	yy_9	9	-0.06503115315811757
sub-08	meta_metaphor	meta_R_IFG	yy	YY	word_label	yy_6	yy_6	6	0.474455543990668
sub-08	meta_metaphor	meta_R_IFG	yy	YY	word_label	yy_5	yy_5	5	-0.054486457140139555
sub-08	meta_metaphor	meta_R_IFG	yy	YY	word_label	yy_7	yy_7	7	-0.39750786121814724
sub-08	meta_metaphor	meta_R_IFG	yy	YY	word_label	yy_27	yy_27	27	0.3860258009582145
sub-08	meta_metaphor	meta_R_IFG	yy	YY	word_label	yy_33	yy_33	33	0.32747846826384736
sub-08	meta_metaphor	meta_R_IFG	kj	KJ	word_label	kj_6	kj_6	6	-0.0315708956258566
sub-08	meta_metaphor	meta_R_IFG	kj	KJ	word_label	kj_34	kj_34	34	0.9217086646383112
sub-08	meta_metaphor	meta_R_IFG	kj	KJ	word_label	kj_28	kj_28	28	0.0564909619516479
sub-08	meta_metaphor	meta_R_IFG	kj	KJ	word_label	kj_7	kj_7	7	0.5050670838712714
sub-08	meta_metaphor	meta_R_IFG	kj	KJ	word_label	kj_30	kj_30	30	0.5426617556852554
sub-08	meta_metaphor	meta_R_IFG	kj	KJ	word_label	kj_17	kj_17	17	-0.33284027860457976
sub-08	meta_metaphor	meta_R_IFG	kj	KJ	word_label	kj_31	kj_31	31	0.2781648121092185
sub-08	meta_metaphor	meta_R_IFG	kj	KJ	word_label	kj_25	kj_25	25	0.13001088492957708
sub-08	meta_metaphor	meta_R_IFG	kj	KJ	word_label	kj_1	kj_1	1	0.2613424938318228
sub-08	meta_metaphor	meta_R_IFG	kj	KJ	word_label	kj_11	kj_11	11	0.21921514086608182
sub-08	meta_metaphor	meta_R_IFG	kj	KJ	word_label	kj_22	kj_22	22	0.3438171104905066
sub-08	meta_metaphor	meta_R_IFG	kj	KJ	word_label	kj_23	kj_23	23	0.37942864268276166
sub-08	meta_metaphor	meta_R_IFG	kj	KJ	word_label	kj_2	kj_2	2	0.5705876709053623
sub-08	meta_metaphor	meta_R_IFG	kj	KJ	word_label	kj_27	kj_27	27	0.5192040766955439
sub-08	meta_metaphor	meta_R_IFG	kj	KJ	word_label	kj_10	kj_10	10	0.313900948902143
sub-08	meta_metaphor	meta_R_IFG	kj	KJ	word_label	kj_37	kj_37	37	0.15208158857552315
sub-08	meta_metaphor	meta_R_IFG	kj	KJ	word_label	kj_9	kj_9	9	-0.2641161473708062
sub-08	meta_metaphor	meta_R_IFG	kj	KJ	word_label	kj_13	kj_13	13	-0.683567789539258
sub-08	meta_metaphor	meta_R_IFG	kj	KJ	word_label	kj_38	kj_38	38	-0.31515966345222146
sub-08	meta_metaphor	meta_R_IFG	kj	KJ	word_label	kj_21	kj_21	21	0.7490962970875409
sub-08	meta_metaphor	meta_R_IFG	kj	KJ	word_label	kj_3	kj_3	3	0.22611495889451633
sub-08	meta_metaphor	meta_R_IFG	kj	KJ	word_label	kj_36	kj_36	36	-0.061317558388580794
sub-08	meta_metaphor	meta_R_IFG	kj	KJ	word_label	kj_29	kj_29	29	0.5952325657888964
sub-08	meta_metaphor	meta_R_IFG	kj	KJ	word_label	kj_33	kj_33	33	0.00620177517312157
sub-08	meta_metaphor	meta_R_IFG	kj	KJ	word_label	kj_19	kj_19	19	0.22451344489196387
sub-08	meta_metaphor	meta_R_IFG	kj	KJ	word_label	kj_15	kj_15	15	0.12562069847523802
sub-08	meta_metaphor	meta_R_IFG	kj	KJ	word_label	kj_24	kj_24	24	0.47041535751276325
sub-08	meta_metaphor	meta_R_IFG	kj	KJ	word_label	kj_16	kj_16	16	0.6799509900109912
sub-08	meta_metaphor	meta_R_IFG	kj	KJ	word_label	kj_14	kj_14	14	-0.00683987145937815
sub-08	meta_metaphor	meta_R_IFG	kj	KJ	word_label	kj_12	kj_12	12	0.563162398638323
sub-08	meta_metaphor	meta_R_IFG	kj	KJ	word_label	kj_8	kj_8	8	-0.1749070148092408
sub-08	meta_metaphor	meta_R_IFG	kj	KJ	word_label	kj_20	kj_20	20	0.029962290494765856
sub-08	meta_metaphor	meta_R_IFG	kj	KJ	word_label	kj_26	kj_26	26	0.30326391474306563
sub-08	meta_metaphor	meta_R_IFG	kj	KJ	word_label	kj_5	kj_5	5	-0.004096675604474778
sub-08	meta_metaphor	meta_R_IFG	kj	KJ	word_label	kj_39	kj_39	39	0.5032589551898486
sub-08	meta_metaphor	meta_R_pMTG_pSTS	yy	YY	word_label	yy_26	yy_26	26	-0.042632881084914497
sub-08	meta_metaphor	meta_R_pMTG_pSTS	yy	YY	word_label	yy_32	yy_32	32	0.16243743250412884
sub-08	meta_metaphor	meta_R_pMTG_pSTS	yy	YY	word_label	yy_38	yy_38	38	0.11012483150867923
sub-08	meta_metaphor	meta_R_pMTG_pSTS	yy	YY	word_label	yy_39	yy_39	39	-0.1634482360790782
sub-08	meta_metaphor	meta_R_pMTG_pSTS	yy	YY	word_label	yy_16	yy_16	16	0.25750283412285035
sub-08	meta_metaphor	meta_R_pMTG_pSTS	yy	YY	word_label	yy_3	yy_3	3	0.1991303474267364
sub-08	meta_metaphor	meta_R_pMTG_pSTS	yy	YY	word_label	yy_2	yy_2	2	0.4117917644651323
sub-08	meta_metaphor	meta_R_pMTG_pSTS	yy	YY	word_label	yy_29	yy_29	29	-0.22364657090427179
sub-08	meta_metaphor	meta_R_pMTG_pSTS	yy	YY	word_label	yy_15	yy_15	15	0.0601982517683503
sub-08	meta_metaphor	meta_R_pMTG_pSTS	yy	YY	word_label	yy_36	yy_36	36	-0.5644894704108628
sub-08	meta_metaphor	meta_R_pMTG_pSTS	yy	YY	word_label	yy_4	yy_4	4	0.14662063109547518
sub-08	meta_metaphor	meta_R_pMTG_pSTS	yy	YY	word_label	yy_23	yy_23	23	0.1993952237539209
sub-08	meta_metaphor	meta_R_pMTG_pSTS	yy	YY	word_label	yy_19	yy_19	19	-0.05473186349688932
sub-08	meta_metaphor	meta_R_pMTG_pSTS	yy	YY	word_label	yy_10	yy_10	10	-0.05960869568760998
sub-08	meta_metaphor	meta_R_pMTG_pSTS	yy	YY	word_label	yy_8	yy_8	8	0.10090308640322199
sub-08	meta_metaphor	meta_R_pMTG_pSTS	yy	YY	word_label	yy_28	yy_28	28	0.3266795417442751
sub-08	meta_metaphor	meta_R_pMTG_pSTS	yy	YY	word_label	yy_14	yy_14	14	-0.2853896394885968
sub-08	meta_metaphor	meta_R_pMTG_pSTS	yy	YY	word_label	yy_11	yy_11	11	-0.3049271068151726
sub-08	meta_metaphor	meta_R_pMTG_pSTS	yy	YY	word_label	yy_22	yy_22	22	-0.12338006380827597
sub-08	meta_metaphor	meta_R_pMTG_pSTS	yy	YY	word_label	yy_13	yy_13	13	0.024149012767373024
sub-08	meta_metaphor	meta_R_pMTG_pSTS	yy	YY	word_label	yy_37	yy_37	37	-0.1037348197384563
sub-08	meta_metaphor	meta_R_pMTG_pSTS	yy	YY	word_label	yy_21	yy_21	21	-0.11880887314787894
sub-08	meta_metaphor	meta_R_pMTG_pSTS	yy	YY	word_label	yy_24	yy_24	24	0.056112785161867504
sub-08	meta_metaphor	meta_R_pMTG_pSTS	yy	YY	word_label	yy_35	yy_35	35	-0.5296585712772944
sub-08	meta_metaphor	meta_R_pMTG_pSTS	yy	YY	word_label	yy_18	yy_18	18	0.02822302188914211
sub-08	meta_metaphor	meta_R_pMTG_pSTS	yy	YY	word_label	yy_12	yy_12	12	0.27323410499677925
sub-08	meta_metaphor	meta_R_pMTG_pSTS	yy	YY	word_label	yy_17	yy_17	17	0.21531634712535982
sub-08	meta_metaphor	meta_R_pMTG_pSTS	yy	YY	word_label	yy_40	yy_40	40	-0.16759308747144286
sub-08	meta_metaphor	meta_R_pMTG_pSTS	yy	YY	word_label	yy_1	yy_1	1	-0.08663179908668413
sub-08	meta_metaphor	meta_R_pMTG_pSTS	yy	YY	word_label	yy_9	yy_9	9	-0.3829225894197774
sub-08	meta_metaphor	meta_R_pMTG_pSTS	yy	YY	word_label	yy_6	yy_6	6	0.17806216095469787
sub-08	meta_metaphor	meta_R_pMTG_pSTS	yy	YY	word_label	yy_5	yy_5	5	0.48477084428597245
sub-08	meta_metaphor	meta_R_pMTG_pSTS	yy	YY	word_label	yy_7	yy_7	7	-0.3444991413821604
sub-08	meta_metaphor	meta_R_pMTG_pSTS	yy	YY	word_label	yy_27	yy_27	27	0.16032974164597616
sub-08	meta_metaphor	meta_R_pMTG_pSTS	yy	YY	word_label	yy_33	yy_33	33	0.5519319419401184
sub-08	meta_metaphor	meta_R_pMTG_pSTS	kj	KJ	word_label	kj_6	kj_6	6	-0.008164567802664861
sub-08	meta_metaphor	meta_R_pMTG_pSTS	kj	KJ	word_label	kj_34	kj_34	34	0.0015111578466644666
sub-08	meta_metaphor	meta_R_pMTG_pSTS	kj	KJ	word_label	kj_28	kj_28	28	0.09713617778132556
sub-08	meta_metaphor	meta_R_pMTG_pSTS	kj	KJ	word_label	kj_7	kj_7	7	-0.20764859692863868
sub-08	meta_metaphor	meta_R_pMTG_pSTS	kj	KJ	word_label	kj_30	kj_30	30	0.19209902932987197
sub-08	meta_metaphor	meta_R_pMTG_pSTS	kj	KJ	word_label	kj_17	kj_17	17	-0.021490128865604
sub-08	meta_metaphor	meta_R_pMTG_pSTS	kj	KJ	word_label	kj_31	kj_31	31	-0.35838502233370295
sub-08	meta_metaphor	meta_R_pMTG_pSTS	kj	KJ	word_label	kj_25	kj_25	25	-0.06639285870762629
sub-08	meta_metaphor	meta_R_pMTG_pSTS	kj	KJ	word_label	kj_1	kj_1	1	-0.02188669615801826
sub-08	meta_metaphor	meta_R_pMTG_pSTS	kj	KJ	word_label	kj_11	kj_11	11	-0.07585050430985024
sub-08	meta_metaphor	meta_R_pMTG_pSTS	kj	KJ	word_label	kj_22	kj_22	22	-0.08699750872364342
sub-08	meta_metaphor	meta_R_pMTG_pSTS	kj	KJ	word_label	kj_23	kj_23	23	-0.22049446225500122
sub-08	meta_metaphor	meta_R_pMTG_pSTS	kj	KJ	word_label	kj_2	kj_2	2	0.1091820482626408
sub-08	meta_metaphor	meta_R_pMTG_pSTS	kj	KJ	word_label	kj_27	kj_27	27	-0.16668314364510017
sub-08	meta_metaphor	meta_R_pMTG_pSTS	kj	KJ	word_label	kj_10	kj_10	10	-0.20735846919979167
sub-08	meta_metaphor	meta_R_pMTG_pSTS	kj	KJ	word_label	kj_37	kj_37	37	-0.22650489467726834
sub-08	meta_metaphor	meta_R_pMTG_pSTS	kj	KJ	word_label	kj_9	kj_9	9	-0.15094401037496524
sub-08	meta_metaphor	meta_R_pMTG_pSTS	kj	KJ	word_label	kj_13	kj_13	13	-0.34371779148369147
sub-08	meta_metaphor	meta_R_pMTG_pSTS	kj	KJ	word_label	kj_38	kj_38	38	0.061388318347105786
sub-08	meta_metaphor	meta_R_pMTG_pSTS	kj	KJ	word_label	kj_21	kj_21	21	0.06133840929142567
sub-08	meta_metaphor	meta_R_pMTG_pSTS	kj	KJ	word_label	kj_3	kj_3	3	0.3334815568925006
sub-08	meta_metaphor	meta_R_pMTG_pSTS	kj	KJ	word_label	kj_36	kj_36	36	-0.2224053773255443
sub-08	meta_metaphor	meta_R_pMTG_pSTS	kj	KJ	word_label	kj_29	kj_29	29	0.1259937571216206
sub-08	meta_metaphor	meta_R_pMTG_pSTS	kj	KJ	word_label	kj_33	kj_33	33	0.0289903864033146
sub-08	meta_metaphor	meta_R_pMTG_pSTS	kj	KJ	word_label	kj_19	kj_19	19	-0.07190044321559295
sub-08	meta_metaphor	meta_R_pMTG_pSTS	kj	KJ	word_label	kj_15	kj_15	15	0.21090055388417692
sub-08	meta_metaphor	meta_R_pMTG_pSTS	kj	KJ	word_label	kj_24	kj_24	24	0.07138921296195662
sub-08	meta_metaphor	meta_R_pMTG_pSTS	kj	KJ	word_label	kj_16	kj_16	16	-0.019822712911082337
sub-08	meta_metaphor	meta_R_pMTG_pSTS	kj	KJ	word_label	kj_14	kj_14	14	-0.2024653347538852
sub-08	meta_metaphor	meta_R_pMTG_pSTS	kj	KJ	word_label	kj_12	kj_12	12	0.22415033206520088
sub-08	meta_metaphor	meta_R_pMTG_pSTS	kj	KJ	word_label	kj_8	kj_8	8	-0.26231311082946407
sub-08	meta_metaphor	meta_R_pMTG_pSTS	kj	KJ	word_label	kj_20	kj_20	20	0.29260588696550416
sub-08	meta_metaphor	meta_R_pMTG_pSTS	kj	KJ	word_label	kj_26	kj_26	26	-0.07705304337653208
sub-08	meta_metaphor	meta_R_pMTG_pSTS	kj	KJ	word_label	kj_5	kj_5	5	0.17234347375166442
sub-08	meta_metaphor	meta_R_pMTG_pSTS	kj	KJ	word_label	kj_39	kj_39	39	-0.41005260286356254
sub-08	meta_metaphor	meta_R_temporal_pole	yy	YY	word_label	yy_26	yy_26	26	0.7528674121950537
sub-08	meta_metaphor	meta_R_temporal_pole	yy	YY	word_label	yy_32	yy_32	32	0.1343179140478921
sub-08	meta_metaphor	meta_R_temporal_pole	yy	YY	word_label	yy_38	yy_38	38	0.19203176555681706
sub-08	meta_metaphor	meta_R_temporal_pole	yy	YY	word_label	yy_39	yy_39	39	0.5709054741657836
sub-08	meta_metaphor	meta_R_temporal_pole	yy	YY	word_label	yy_16	yy_16	16	-0.4615293829999488
sub-08	meta_metaphor	meta_R_temporal_pole	yy	YY	word_label	yy_3	yy_3	3	-0.824437189171836
sub-08	meta_metaphor	meta_R_temporal_pole	yy	YY	word_label	yy_2	yy_2	2	-0.7167812911722877
sub-08	meta_metaphor	meta_R_temporal_pole	yy	YY	word_label	yy_29	yy_29	29	-0.28822053265205655
sub-08	meta_metaphor	meta_R_temporal_pole	yy	YY	word_label	yy_15	yy_15	15	-0.6144997087293264
sub-08	meta_metaphor	meta_R_temporal_pole	yy	YY	word_label	yy_36	yy_36	36	-0.7509125525651098
sub-08	meta_metaphor	meta_R_temporal_pole	yy	YY	word_label	yy_4	yy_4	4	-0.5181255318910439
sub-08	meta_metaphor	meta_R_temporal_pole	yy	YY	word_label	yy_23	yy_23	23	-0.5546859433565778
sub-08	meta_metaphor	meta_R_temporal_pole	yy	YY	word_label	yy_19	yy_19	19	-0.807850501517666
sub-08	meta_metaphor	meta_R_temporal_pole	yy	YY	word_label	yy_10	yy_10	10	-0.48383595866673673
sub-08	meta_metaphor	meta_R_temporal_pole	yy	YY	word_label	yy_8	yy_8	8	0.5778478437683351
sub-08	meta_metaphor	meta_R_temporal_pole	yy	YY	word_label	yy_28	yy_28	28	0.3994500473387771
sub-08	meta_metaphor	meta_R_temporal_pole	yy	YY	word_label	yy_14	yy_14	14	-0.15254546511288272
sub-08	meta_metaphor	meta_R_temporal_pole	yy	YY	word_label	yy_11	yy_11	11	-0.020840427397376314
sub-08	meta_metaphor	meta_R_temporal_pole	yy	YY	word_label	yy_22	yy_22	22	-0.8374703803182161
sub-08	meta_metaphor	meta_R_temporal_pole	yy	YY	word_label	yy_13	yy_13	13	-0.6441688906765122
sub-08	meta_metaphor	meta_R_temporal_pole	yy	YY	word_label	yy_37	yy_37	37	-0.5692812498730262
sub-08	meta_metaphor	meta_R_temporal_pole	yy	YY	word_label	yy_21	yy_21	21	0.6598749293122623
sub-08	meta_metaphor	meta_R_temporal_pole	yy	YY	word_label	yy_24	yy_24	24	-0.7200859506766265
sub-08	meta_metaphor	meta_R_temporal_pole	yy	YY	word_label	yy_35	yy_35	35	-0.3215346546781098
sub-08	meta_metaphor	meta_R_temporal_pole	yy	YY	word_label	yy_18	yy_18	18	-0.7952747642564217
sub-08	meta_metaphor	meta_R_temporal_pole	yy	YY	word_label	yy_12	yy_12	12	0.3646434558853062
sub-08	meta_metaphor	meta_R_temporal_pole	yy	YY	word_label	yy_17	yy_17	17	-0.5545009564032013
sub-08	meta_metaphor	meta_R_temporal_pole	yy	YY	word_label	yy_40	yy_40	40	-0.787862096846693
sub-08	meta_metaphor	meta_R_temporal_pole	yy	YY	word_label	yy_1	yy_1	1	0.10936790321318533
sub-08	meta_metaphor	meta_R_temporal_pole	yy	YY	word_label	yy_9	yy_9	9	-0.24353101146554026
sub-08	meta_metaphor	meta_R_temporal_pole	yy	YY	word_label	yy_6	yy_6	6	-0.6530511620023123
sub-08	meta_metaphor	meta_R_temporal_pole	yy	YY	word_label	yy_5	yy_5	5	-0.34966626045189125
sub-08	meta_metaphor	meta_R_temporal_pole	yy	YY	word_label	yy_7	yy_7	7	0.6114758322693928
sub-08	meta_metaphor	meta_R_temporal_pole	yy	YY	word_label	yy_27	yy_27	27	0.5461384428963498
sub-08	meta_metaphor	meta_R_temporal_pole	yy	YY	word_label	yy_33	yy_33	33	-0.07458082825464839
sub-08	meta_metaphor	meta_R_temporal_pole	kj	KJ	word_label	kj_6	kj_6	6	0.5363409147877528
sub-08	meta_metaphor	meta_R_temporal_pole	kj	KJ	word_label	kj_34	kj_34	34	-0.8435536864779408
sub-08	meta_metaphor	meta_R_temporal_pole	kj	KJ	word_label	kj_28	kj_28	28	-0.13910650776919659
sub-08	meta_metaphor	meta_R_temporal_pole	kj	KJ	word_label	kj_7	kj_7	7	0.059701637702679895
sub-08	meta_metaphor	meta_R_temporal_pole	kj	KJ	word_label	kj_30	kj_30	30	-0.43935666418330466
sub-08	meta_metaphor	meta_R_temporal_pole	kj	KJ	word_label	kj_17	kj_17	17	-0.06247661179188282
sub-08	meta_metaphor	meta_R_temporal_pole	kj	KJ	word_label	kj_31	kj_31	31	0.0594302551868751
sub-08	meta_metaphor	meta_R_temporal_pole	kj	KJ	word_label	kj_25	kj_25	25	-0.7225227673246413
sub-08	meta_metaphor	meta_R_temporal_pole	kj	KJ	word_label	kj_1	kj_1	1	-0.40897623701229313
sub-08	meta_metaphor	meta_R_temporal_pole	kj	KJ	word_label	kj_11	kj_11	11	-0.625503471378556
sub-08	meta_metaphor	meta_R_temporal_pole	kj	KJ	word_label	kj_22	kj_22	22	-0.6400632548080638
sub-08	meta_metaphor	meta_R_temporal_pole	kj	KJ	word_label	kj_23	kj_23	23	-0.4228773124584648
sub-08	meta_metaphor	meta_R_temporal_pole	kj	KJ	word_label	kj_2	kj_2	2	-0.7564629353872498
sub-08	meta_metaphor	meta_R_temporal_pole	kj	KJ	word_label	kj_27	kj_27	27	-0.7037783158984028
sub-08	meta_metaphor	meta_R_temporal_pole	kj	KJ	word_label	kj_10	kj_10	10	-0.8103735466948792
sub-08	meta_metaphor	meta_R_temporal_pole	kj	KJ	word_label	kj_37	kj_37	37	-0.7210149356318313
sub-08	meta_metaphor	meta_R_temporal_pole	kj	KJ	word_label	kj_9	kj_9	9	-0.7619028511505794
sub-08	meta_metaphor	meta_R_temporal_pole	kj	KJ	word_label	kj_13	kj_13	13	0.3603489242770531
sub-08	meta_metaphor	meta_R_temporal_pole	kj	KJ	word_label	kj_38	kj_38	38	-0.5320646698984709
sub-08	meta_metaphor	meta_R_temporal_pole	kj	KJ	word_label	kj_21	kj_21	21	-0.504757242069026
sub-08	meta_metaphor	meta_R_temporal_pole	kj	KJ	word_label	kj_3	kj_3	3	-0.5966437771265829
sub-08	meta_metaphor	meta_R_temporal_pole	kj	KJ	word_label	kj_36	kj_36	36	-0.2191221520655241
sub-08	meta_metaphor	meta_R_temporal_pole	kj	KJ	word_label	kj_29	kj_29	29	-0.5425201502195107
sub-08	meta_metaphor	meta_R_temporal_pole	kj	KJ	word_label	kj_33	kj_33	33	-0.635082158206251
sub-08	meta_metaphor	meta_R_temporal_pole	kj	KJ	word_label	kj_19	kj_19	19	0.8230497601822915
sub-08	meta_metaphor	meta_R_temporal_pole	kj	KJ	word_label	kj_15	kj_15	15	-0.5800460599791936
sub-08	meta_metaphor	meta_R_temporal_pole	kj	KJ	word_label	kj_24	kj_24	24	-0.5835411943256117
sub-08	meta_metaphor	meta_R_temporal_pole	kj	KJ	word_label	kj_16	kj_16	16	0.41158378720675204
sub-08	meta_metaphor	meta_R_temporal_pole	kj	KJ	word_label	kj_14	kj_14	14	-0.6318574867657405
sub-08	meta_metaphor	meta_R_temporal_pole	kj	KJ	word_label	kj_12	kj_12	12	-0.507746312680206
sub-08	meta_metaphor	meta_R_temporal_pole	kj	KJ	word_label	kj_8	kj_8	8	-0.7881959225300676
sub-08	meta_metaphor	meta_R_temporal_pole	kj	KJ	word_label	kj_20	kj_20	20	-0.3532377367864542
sub-08	meta_metaphor	meta_R_temporal_pole	kj	KJ	word_label	kj_26	kj_26	26	-0.2619933636857941
sub-08	meta_metaphor	meta_R_temporal_pole	kj	KJ	word_label	kj_5	kj_5	5	-0.06071212669067635
sub-08	meta_metaphor	meta_R_temporal_pole	kj	KJ	word_label	kj_39	kj_39	39	-0.34920413923880866
sub-09	meta_metaphor	meta_L_AG	yy	YY	word_label	yy_22	yy_22	22	0.23551313975490215
sub-09	meta_metaphor	meta_L_AG	yy	YY	word_label	yy_11	yy_11	11	-0.05598160448497468
sub-09	meta_metaphor	meta_L_AG	yy	YY	word_label	yy_16	yy_16	16	0.292325395313047
sub-09	meta_metaphor	meta_L_AG	yy	YY	word_label	yy_1	yy_1	1	-0.0855502382676781
sub-09	meta_metaphor	meta_L_AG	yy	YY	word_label	yy_38	yy_38	38	0.3149928325848125
sub-09	meta_metaphor	meta_L_AG	yy	YY	word_label	yy_32	yy_32	32	0.1989382095372726
sub-09	meta_metaphor	meta_L_AG	yy	YY	word_label	yy_26	yy_26	26	0.34283281610683075
sub-09	meta_metaphor	meta_L_AG	yy	YY	word_label	yy_40	yy_40	40	0.06951366648063056
sub-09	meta_metaphor	meta_L_AG	yy	YY	word_label	yy_12	yy_12	12	-0.0706023387045175
sub-09	meta_metaphor	meta_L_AG	yy	YY	word_label	yy_7	yy_7	7	0.1744438426014592
sub-09	meta_metaphor	meta_L_AG	yy	YY	word_label	yy_37	yy_37	37	0.6277450679272835
sub-09	meta_metaphor	meta_L_AG	yy	YY	word_label	yy_15	yy_15	15	0.3913975027163586
sub-09	meta_metaphor	meta_L_AG	yy	YY	word_label	yy_9	yy_9	9	0.0938228900882008
sub-09	meta_metaphor	meta_L_AG	yy	YY	word_label	yy_10	yy_10	10	-0.1189480681390377
sub-09	meta_metaphor	meta_L_AG	yy	YY	word_label	yy_5	yy_5	5	0.44097919106151223
sub-09	meta_metaphor	meta_L_AG	yy	YY	word_label	yy_3	yy_3	3	0.37310203123785424
sub-09	meta_metaphor	meta_L_AG	yy	YY	word_label	yy_39	yy_39	39	-0.04402325128341138
sub-09	meta_metaphor	meta_L_AG	yy	YY	word_label	yy_14	yy_14	14	0.680742703764335
sub-09	meta_metaphor	meta_L_AG	yy	YY	word_label	yy_19	yy_19	19	0.2781572939428892
sub-09	meta_metaphor	meta_L_AG	yy	YY	word_label	yy_8	yy_8	8	-0.26200704779050393
sub-09	meta_metaphor	meta_L_AG	yy	YY	word_label	yy_13	yy_13	13	0.5099598281201541
sub-09	meta_metaphor	meta_L_AG	yy	YY	word_label	yy_29	yy_29	29	0.4359260699380864
sub-09	meta_metaphor	meta_L_AG	yy	YY	word_label	yy_4	yy_4	4	0.1118770895660665
sub-09	meta_metaphor	meta_L_AG	yy	YY	word_label	yy_35	yy_35	35	-0.5456303694713235
sub-09	meta_metaphor	meta_L_AG	yy	YY	word_label	yy_24	yy_24	24	-0.3847345597280897
sub-09	meta_metaphor	meta_L_AG	yy	YY	word_label	yy_33	yy_33	33	0.5417785587728353
sub-09	meta_metaphor	meta_L_AG	yy	YY	word_label	yy_2	yy_2	2	0.2424518367470902
sub-09	meta_metaphor	meta_L_AG	yy	YY	word_label	yy_36	yy_36	36	-0.17992101343083727
sub-09	meta_metaphor	meta_L_AG	yy	YY	word_label	yy_18	yy_18	18	-0.060300758183527724
sub-09	meta_metaphor	meta_L_AG	yy	YY	word_label	yy_23	yy_23	23	0.26498141610072806
sub-09	meta_metaphor	meta_L_AG	yy	YY	word_label	yy_6	yy_6	6	0.687843362041221
sub-09	meta_metaphor	meta_L_AG	yy	YY	word_label	yy_27	yy_27	27	0.538076100915424
sub-09	meta_metaphor	meta_L_AG	yy	YY	word_label	yy_21	yy_21	21	0.3663412785318544
sub-09	meta_metaphor	meta_L_AG	yy	YY	word_label	yy_28	yy_28	28	0.22596748195653601
sub-09	meta_metaphor	meta_L_AG	yy	YY	word_label	yy_17	yy_17	17	0.08230725370124818
sub-09	meta_metaphor	meta_L_AG	kj	KJ	word_label	kj_38	kj_38	38	0.535078568657726
sub-09	meta_metaphor	meta_L_AG	kj	KJ	word_label	kj_19	kj_19	19	0.20674912004071241
sub-09	meta_metaphor	meta_L_AG	kj	KJ	word_label	kj_5	kj_5	5	-0.2455888681480066
sub-09	meta_metaphor	meta_L_AG	kj	KJ	word_label	kj_22	kj_22	22	-0.20696115213534022
sub-09	meta_metaphor	meta_L_AG	kj	KJ	word_label	kj_33	kj_33	33	0.31515360223975464
sub-09	meta_metaphor	meta_L_AG	kj	KJ	word_label	kj_9	kj_9	9	-0.37375687309570516
sub-09	meta_metaphor	meta_L_AG	kj	KJ	word_label	kj_15	kj_15	15	0.3983833821642612
sub-09	meta_metaphor	meta_L_AG	kj	KJ	word_label	kj_13	kj_13	13	-0.15356381934545293
sub-09	meta_metaphor	meta_L_AG	kj	KJ	word_label	kj_36	kj_36	36	-0.1260955434615473
sub-09	meta_metaphor	meta_L_AG	kj	KJ	word_label	kj_28	kj_28	28	0.11652134171963398
sub-09	meta_metaphor	meta_L_AG	kj	KJ	word_label	kj_25	kj_25	25	0.031225064690688985
sub-09	meta_metaphor	meta_L_AG	kj	KJ	word_label	kj_14	kj_14	14	0.06410469515102551
sub-09	meta_metaphor	meta_L_AG	kj	KJ	word_label	kj_3	kj_3	3	-0.0346743685301823
sub-09	meta_metaphor	meta_L_AG	kj	KJ	word_label	kj_1	kj_1	1	0.23454579094408712
sub-09	meta_metaphor	meta_L_AG	kj	KJ	word_label	kj_31	kj_31	31	0.2443941171237058
sub-09	meta_metaphor	meta_L_AG	kj	KJ	word_label	kj_11	kj_11	11	0.542427059337654
sub-09	meta_metaphor	meta_L_AG	kj	KJ	word_label	kj_7	kj_7	7	0.5902025592191111
sub-09	meta_metaphor	meta_L_AG	kj	KJ	word_label	kj_17	kj_17	17	-0.001491390780543806
sub-09	meta_metaphor	meta_L_AG	kj	KJ	word_label	kj_24	kj_24	24	-0.31701315849578104
sub-09	meta_metaphor	meta_L_AG	kj	KJ	word_label	kj_34	kj_34	34	0.431560977273796
sub-09	meta_metaphor	meta_L_AG	kj	KJ	word_label	kj_8	kj_8	8	0.35036856239772024
sub-09	meta_metaphor	meta_L_AG	kj	KJ	word_label	kj_37	kj_37	37	-0.5001198210912426
sub-09	meta_metaphor	meta_L_AG	kj	KJ	word_label	kj_27	kj_27	27	0.513013864101791
sub-09	meta_metaphor	meta_L_AG	kj	KJ	word_label	kj_12	kj_12	12	-0.14827300304621482
sub-09	meta_metaphor	meta_L_AG	kj	KJ	word_label	kj_26	kj_26	26	0.16706254126458844
sub-09	meta_metaphor	meta_L_AG	kj	KJ	word_label	kj_2	kj_2	2	-0.17844969583435955
sub-09	meta_metaphor	meta_L_AG	kj	KJ	word_label	kj_21	kj_21	21	0.23685204191830986
sub-09	meta_metaphor	meta_L_AG	kj	KJ	word_label	kj_30	kj_30	30	0.3866204320014354
sub-09	meta_metaphor	meta_L_AG	kj	KJ	word_label	kj_10	kj_10	10	0.5882884817609813
sub-09	meta_metaphor	meta_L_AG	kj	KJ	word_label	kj_23	kj_23	23	-0.3395771738518681
sub-09	meta_metaphor	meta_L_AG	kj	KJ	word_label	kj_29	kj_29	29	0.07240082476601199
sub-09	meta_metaphor	meta_L_AG	kj	KJ	word_label	kj_39	kj_39	39	0.6348804172948052
sub-09	meta_metaphor	meta_L_AG	kj	KJ	word_label	kj_6	kj_6	6	0.28685204481007687
sub-09	meta_metaphor	meta_L_AG	kj	KJ	word_label	kj_20	kj_20	20	0.199367243850667
sub-09	meta_metaphor	meta_L_AG	kj	KJ	word_label	kj_16	kj_16	16	0.388908205702508
sub-09	meta_metaphor	meta_L_IFG	yy	YY	word_label	yy_22	yy_22	22	0.2736133816370723
sub-09	meta_metaphor	meta_L_IFG	yy	YY	word_label	yy_11	yy_11	11	0.01388619111535809
sub-09	meta_metaphor	meta_L_IFG	yy	YY	word_label	yy_16	yy_16	16	0.2425340302712352
sub-09	meta_metaphor	meta_L_IFG	yy	YY	word_label	yy_1	yy_1	1	-0.20469201173655988
sub-09	meta_metaphor	meta_L_IFG	yy	YY	word_label	yy_38	yy_38	38	-0.11257694678391011
sub-09	meta_metaphor	meta_L_IFG	yy	YY	word_label	yy_32	yy_32	32	0.13965604379917612
sub-09	meta_metaphor	meta_L_IFG	yy	YY	word_label	yy_26	yy_26	26	0.08554667598739572
sub-09	meta_metaphor	meta_L_IFG	yy	YY	word_label	yy_40	yy_40	40	-0.31359479456750555
sub-09	meta_metaphor	meta_L_IFG	yy	YY	word_label	yy_12	yy_12	12	0.23754071983581274
sub-09	meta_metaphor	meta_L_IFG	yy	YY	word_label	yy_7	yy_7	7	0.27275651994388
sub-09	meta_metaphor	meta_L_IFG	yy	YY	word_label	yy_37	yy_37	37	0.30784069872170033
sub-09	meta_metaphor	meta_L_IFG	yy	YY	word_label	yy_15	yy_15	15	0.2636268305730738
sub-09	meta_metaphor	meta_L_IFG	yy	YY	word_label	yy_9	yy_9	9	0.2738689181968419
sub-09	meta_metaphor	meta_L_IFG	yy	YY	word_label	yy_10	yy_10	10	-0.042719156145637
sub-09	meta_metaphor	meta_L_IFG	yy	YY	word_label	yy_5	yy_5	5	0.6357559258158947
sub-09	meta_metaphor	meta_L_IFG	yy	YY	word_label	yy_3	yy_3	3	0.15557303845228962
sub-09	meta_metaphor	meta_L_IFG	yy	YY	word_label	yy_39	yy_39	39	-0.2268286887550134
sub-09	meta_metaphor	meta_L_IFG	yy	YY	word_label	yy_14	yy_14	14	0.12963260664979362
sub-09	meta_metaphor	meta_L_IFG	yy	YY	word_label	yy_19	yy_19	19	-0.029845359283278097
sub-09	meta_metaphor	meta_L_IFG	yy	YY	word_label	yy_8	yy_8	8	0.3491198668626949
sub-09	meta_metaphor	meta_L_IFG	yy	YY	word_label	yy_13	yy_13	13	0.004951358407876718
sub-09	meta_metaphor	meta_L_IFG	yy	YY	word_label	yy_29	yy_29	29	0.04257277759259299
sub-09	meta_metaphor	meta_L_IFG	yy	YY	word_label	yy_4	yy_4	4	0.1428883307760176
sub-09	meta_metaphor	meta_L_IFG	yy	YY	word_label	yy_35	yy_35	35	0.032454391846577585
sub-09	meta_metaphor	meta_L_IFG	yy	YY	word_label	yy_24	yy_24	24	0.048327536957762214
sub-09	meta_metaphor	meta_L_IFG	yy	YY	word_label	yy_33	yy_33	33	0.5124846754730547
sub-09	meta_metaphor	meta_L_IFG	yy	YY	word_label	yy_2	yy_2	2	-0.2705074506490056
sub-09	meta_metaphor	meta_L_IFG	yy	YY	word_label	yy_36	yy_36	36	-0.318576109993872
sub-09	meta_metaphor	meta_L_IFG	yy	YY	word_label	yy_18	yy_18	18	0.14149805604132085
sub-09	meta_metaphor	meta_L_IFG	yy	YY	word_label	yy_23	yy_23	23	-0.11915154636836962
sub-09	meta_metaphor	meta_L_IFG	yy	YY	word_label	yy_6	yy_6	6	0.43933506603718275
sub-09	meta_metaphor	meta_L_IFG	yy	YY	word_label	yy_27	yy_27	27	0.16454219907248213
sub-09	meta_metaphor	meta_L_IFG	yy	YY	word_label	yy_21	yy_21	21	-0.11543571423130654
sub-09	meta_metaphor	meta_L_IFG	yy	YY	word_label	yy_28	yy_28	28	-0.2640970644498912
sub-09	meta_metaphor	meta_L_IFG	yy	YY	word_label	yy_17	yy_17	17	0.2725716840327348
sub-09	meta_metaphor	meta_L_IFG	kj	KJ	word_label	kj_38	kj_38	38	0.2607545649567401
sub-09	meta_metaphor	meta_L_IFG	kj	KJ	word_label	kj_19	kj_19	19	-0.20254046147788315
sub-09	meta_metaphor	meta_L_IFG	kj	KJ	word_label	kj_5	kj_5	5	-0.15882903333169404
sub-09	meta_metaphor	meta_L_IFG	kj	KJ	word_label	kj_22	kj_22	22	0.052839763126928445
sub-09	meta_metaphor	meta_L_IFG	kj	KJ	word_label	kj_33	kj_33	33	0.0008957294059927885
sub-09	meta_metaphor	meta_L_IFG	kj	KJ	word_label	kj_9	kj_9	9	0.06074049978200325
sub-09	meta_metaphor	meta_L_IFG	kj	KJ	word_label	kj_15	kj_15	15	0.2142925414010934
sub-09	meta_metaphor	meta_L_IFG	kj	KJ	word_label	kj_13	kj_13	13	0.04521647936738048
sub-09	meta_metaphor	meta_L_IFG	kj	KJ	word_label	kj_36	kj_36	36	0.23006151567680702
sub-09	meta_metaphor	meta_L_IFG	kj	KJ	word_label	kj_28	kj_28	28	0.25946549422550397
sub-09	meta_metaphor	meta_L_IFG	kj	KJ	word_label	kj_25	kj_25	25	-0.08582881585499337
sub-09	meta_metaphor	meta_L_IFG	kj	KJ	word_label	kj_14	kj_14	14	0.1579251004785619
sub-09	meta_metaphor	meta_L_IFG	kj	KJ	word_label	kj_3	kj_3	3	-0.2467732197222216
sub-09	meta_metaphor	meta_L_IFG	kj	KJ	word_label	kj_1	kj_1	1	0.3203986094289384
sub-09	meta_metaphor	meta_L_IFG	kj	KJ	word_label	kj_31	kj_31	31	-0.009971408482206744
sub-09	meta_metaphor	meta_L_IFG	kj	KJ	word_label	kj_11	kj_11	11	-0.04036605788437975
sub-09	meta_metaphor	meta_L_IFG	kj	KJ	word_label	kj_7	kj_7	7	0.011631187405125719
sub-09	meta_metaphor	meta_L_IFG	kj	KJ	word_label	kj_17	kj_17	17	-0.12397644039520993
sub-09	meta_metaphor	meta_L_IFG	kj	KJ	word_label	kj_24	kj_24	24	-0.10361968986078325
sub-09	meta_metaphor	meta_L_IFG	kj	KJ	word_label	kj_34	kj_34	34	0.5397137317311015
sub-09	meta_metaphor	meta_L_IFG	kj	KJ	word_label	kj_8	kj_8	8	0.3526990615237957
sub-09	meta_metaphor	meta_L_IFG	kj	KJ	word_label	kj_37	kj_37	37	0.04771558621707893
sub-09	meta_metaphor	meta_L_IFG	kj	KJ	word_label	kj_27	kj_27	27	0.314610851350202
sub-09	meta_metaphor	meta_L_IFG	kj	KJ	word_label	kj_12	kj_12	12	0.0763946930512989
sub-09	meta_metaphor	meta_L_IFG	kj	KJ	word_label	kj_26	kj_26	26	0.008940834687883032
sub-09	meta_metaphor	meta_L_IFG	kj	KJ	word_label	kj_2	kj_2	2	0.10748168677836586
sub-09	meta_metaphor	meta_L_IFG	kj	KJ	word_label	kj_21	kj_21	21	-0.44634081570275025
sub-09	meta_metaphor	meta_L_IFG	kj	KJ	word_label	kj_30	kj_30	30	0.040076004280131076
sub-09	meta_metaphor	meta_L_IFG	kj	KJ	word_label	kj_10	kj_10	10	-0.13587527785518164
sub-09	meta_metaphor	meta_L_IFG	kj	KJ	word_label	kj_23	kj_23	23	0.16414574893633616
sub-09	meta_metaphor	meta_L_IFG	kj	KJ	word_label	kj_29	kj_29	29	0.423112435381463
sub-09	meta_metaphor	meta_L_IFG	kj	KJ	word_label	kj_39	kj_39	39	0.29047122873922493
sub-09	meta_metaphor	meta_L_IFG	kj	KJ	word_label	kj_6	kj_6	6	0.23335650530356095
sub-09	meta_metaphor	meta_L_IFG	kj	KJ	word_label	kj_20	kj_20	20	0.6243785164347325
sub-09	meta_metaphor	meta_L_IFG	kj	KJ	word_label	kj_16	kj_16	16	-0.19544493051735012
sub-09	meta_metaphor	meta_L_pMTG_pSTS	yy	YY	word_label	yy_22	yy_22	22	-0.32614219323871096
sub-09	meta_metaphor	meta_L_pMTG_pSTS	yy	YY	word_label	yy_11	yy_11	11	-0.17243461845720087
sub-09	meta_metaphor	meta_L_pMTG_pSTS	yy	YY	word_label	yy_16	yy_16	16	0.23741362671786667
sub-09	meta_metaphor	meta_L_pMTG_pSTS	yy	YY	word_label	yy_1	yy_1	1	0.22204533412228752
sub-09	meta_metaphor	meta_L_pMTG_pSTS	yy	YY	word_label	yy_38	yy_38	38	-0.679334469916593
sub-09	meta_metaphor	meta_L_pMTG_pSTS	yy	YY	word_label	yy_32	yy_32	32	0.0508695508645674
sub-09	meta_metaphor	meta_L_pMTG_pSTS	yy	YY	word_label	yy_26	yy_26	26	0.6251040906845662
sub-09	meta_metaphor	meta_L_pMTG_pSTS	yy	YY	word_label	yy_40	yy_40	40	-0.2954782647011762
sub-09	meta_metaphor	meta_L_pMTG_pSTS	yy	YY	word_label	yy_12	yy_12	12	-0.34934383782717404
sub-09	meta_metaphor	meta_L_pMTG_pSTS	yy	YY	word_label	yy_7	yy_7	7	0.06423619186008982
sub-09	meta_metaphor	meta_L_pMTG_pSTS	yy	YY	word_label	yy_37	yy_37	37	-0.08768557564322386
sub-09	meta_metaphor	meta_L_pMTG_pSTS	yy	YY	word_label	yy_15	yy_15	15	0.2885518640491888
sub-09	meta_metaphor	meta_L_pMTG_pSTS	yy	YY	word_label	yy_9	yy_9	9	-0.43743986046757527
sub-09	meta_metaphor	meta_L_pMTG_pSTS	yy	YY	word_label	yy_10	yy_10	10	-0.5487382838231016
sub-09	meta_metaphor	meta_L_pMTG_pSTS	yy	YY	word_label	yy_5	yy_5	5	0.27285627600428686
sub-09	meta_metaphor	meta_L_pMTG_pSTS	yy	YY	word_label	yy_3	yy_3	3	-0.0014229833068514898
sub-09	meta_metaphor	meta_L_pMTG_pSTS	yy	YY	word_label	yy_39	yy_39	39	-0.08990155580573715
sub-09	meta_metaphor	meta_L_pMTG_pSTS	yy	YY	word_label	yy_14	yy_14	14	-0.32391801566090744
sub-09	meta_metaphor	meta_L_pMTG_pSTS	yy	YY	word_label	yy_19	yy_19	19	0.1864444681327439
sub-09	meta_metaphor	meta_L_pMTG_pSTS	yy	YY	word_label	yy_8	yy_8	8	-0.04506088169355872
sub-09	meta_metaphor	meta_L_pMTG_pSTS	yy	YY	word_label	yy_13	yy_13	13	-0.014686935642228383
sub-09	meta_metaphor	meta_L_pMTG_pSTS	yy	YY	word_label	yy_29	yy_29	29	-0.11453161770006104
sub-09	meta_metaphor	meta_L_pMTG_pSTS	yy	YY	word_label	yy_4	yy_4	4	0.3378621350784028
sub-09	meta_metaphor	meta_L_pMTG_pSTS	yy	YY	word_label	yy_35	yy_35	35	0.07280343260076995
sub-09	meta_metaphor	meta_L_pMTG_pSTS	yy	YY	word_label	yy_24	yy_24	24	-0.4840820135394417
sub-09	meta_metaphor	meta_L_pMTG_pSTS	yy	YY	word_label	yy_33	yy_33	33	-0.18868968399011443
sub-09	meta_metaphor	meta_L_pMTG_pSTS	yy	YY	word_label	yy_2	yy_2	2	0.1740012314809973
sub-09	meta_metaphor	meta_L_pMTG_pSTS	yy	YY	word_label	yy_36	yy_36	36	-0.2416642963580863
sub-09	meta_metaphor	meta_L_pMTG_pSTS	yy	YY	word_label	yy_18	yy_18	18	-0.2660304441583534
sub-09	meta_metaphor	meta_L_pMTG_pSTS	yy	YY	word_label	yy_23	yy_23	23	0.46592107612203304
sub-09	meta_metaphor	meta_L_pMTG_pSTS	yy	YY	word_label	yy_6	yy_6	6	-0.5352002222413856
sub-09	meta_metaphor	meta_L_pMTG_pSTS	yy	YY	word_label	yy_27	yy_27	27	-0.4690158160785093
sub-09	meta_metaphor	meta_L_pMTG_pSTS	yy	YY	word_label	yy_21	yy_21	21	0.05916595539358511
sub-09	meta_metaphor	meta_L_pMTG_pSTS	yy	YY	word_label	yy_28	yy_28	28	-0.7446120423426749
sub-09	meta_metaphor	meta_L_pMTG_pSTS	yy	YY	word_label	yy_17	yy_17	17	-0.0916035380042904
sub-09	meta_metaphor	meta_L_pMTG_pSTS	kj	KJ	word_label	kj_38	kj_38	38	0.5773664882275331
sub-09	meta_metaphor	meta_L_pMTG_pSTS	kj	KJ	word_label	kj_19	kj_19	19	-0.18216806937646066
sub-09	meta_metaphor	meta_L_pMTG_pSTS	kj	KJ	word_label	kj_5	kj_5	5	-0.2812127426432879
sub-09	meta_metaphor	meta_L_pMTG_pSTS	kj	KJ	word_label	kj_22	kj_22	22	-0.04960075167312386
sub-09	meta_metaphor	meta_L_pMTG_pSTS	kj	KJ	word_label	kj_33	kj_33	33	0.24338009402283353
sub-09	meta_metaphor	meta_L_pMTG_pSTS	kj	KJ	word_label	kj_9	kj_9	9	0.47137583571072345
sub-09	meta_metaphor	meta_L_pMTG_pSTS	kj	KJ	word_label	kj_15	kj_15	15	0.28177585455801485
sub-09	meta_metaphor	meta_L_pMTG_pSTS	kj	KJ	word_label	kj_13	kj_13	13	-0.2887156027725093
sub-09	meta_metaphor	meta_L_pMTG_pSTS	kj	KJ	word_label	kj_36	kj_36	36	-0.12512877895515961
sub-09	meta_metaphor	meta_L_pMTG_pSTS	kj	KJ	word_label	kj_28	kj_28	28	0.20795962329927997
sub-09	meta_metaphor	meta_L_pMTG_pSTS	kj	KJ	word_label	kj_25	kj_25	25	-0.054599458003920694
sub-09	meta_metaphor	meta_L_pMTG_pSTS	kj	KJ	word_label	kj_14	kj_14	14	-0.3793657446832854
sub-09	meta_metaphor	meta_L_pMTG_pSTS	kj	KJ	word_label	kj_3	kj_3	3	0.29141480941602155
sub-09	meta_metaphor	meta_L_pMTG_pSTS	kj	KJ	word_label	kj_1	kj_1	1	-0.21871208262327457
sub-09	meta_metaphor	meta_L_pMTG_pSTS	kj	KJ	word_label	kj_31	kj_31	31	-0.2556251647859466
sub-09	meta_metaphor	meta_L_pMTG_pSTS	kj	KJ	word_label	kj_11	kj_11	11	0.24482947850761352
sub-09	meta_metaphor	meta_L_pMTG_pSTS	kj	KJ	word_label	kj_7	kj_7	7	0.23589148495510018
sub-09	meta_metaphor	meta_L_pMTG_pSTS	kj	KJ	word_label	kj_17	kj_17	17	0.19792265287524066
sub-09	meta_metaphor	meta_L_pMTG_pSTS	kj	KJ	word_label	kj_24	kj_24	24	-0.10802791116129945
sub-09	meta_metaphor	meta_L_pMTG_pSTS	kj	KJ	word_label	kj_34	kj_34	34	0.1960071625329976
sub-09	meta_metaphor	meta_L_pMTG_pSTS	kj	KJ	word_label	kj_8	kj_8	8	-0.031790857524504015
sub-09	meta_metaphor	meta_L_pMTG_pSTS	kj	KJ	word_label	kj_37	kj_37	37	-0.052894966145263365
sub-09	meta_metaphor	meta_L_pMTG_pSTS	kj	KJ	word_label	kj_27	kj_27	27	-0.08629383150324821
sub-09	meta_metaphor	meta_L_pMTG_pSTS	kj	KJ	word_label	kj_12	kj_12	12	0.26355620654321366
sub-09	meta_metaphor	meta_L_pMTG_pSTS	kj	KJ	word_label	kj_26	kj_26	26	-0.1335707068728857
sub-09	meta_metaphor	meta_L_pMTG_pSTS	kj	KJ	word_label	kj_2	kj_2	2	0.018271984936988037
sub-09	meta_metaphor	meta_L_pMTG_pSTS	kj	KJ	word_label	kj_21	kj_21	21	0.43508785592150245
sub-09	meta_metaphor	meta_L_pMTG_pSTS	kj	KJ	word_label	kj_30	kj_30	30	-0.3601427084052429
sub-09	meta_metaphor	meta_L_pMTG_pSTS	kj	KJ	word_label	kj_10	kj_10	10	0.09265407036216335
sub-09	meta_metaphor	meta_L_pMTG_pSTS	kj	KJ	word_label	kj_23	kj_23	23	-0.09735296222522904
sub-09	meta_metaphor	meta_L_pMTG_pSTS	kj	KJ	word_label	kj_29	kj_29	29	-0.15639216819549254
sub-09	meta_metaphor	meta_L_pMTG_pSTS	kj	KJ	word_label	kj_39	kj_39	39	0.15357033277130253
sub-09	meta_metaphor	meta_L_pMTG_pSTS	kj	KJ	word_label	kj_6	kj_6	6	-0.32950724428928657
sub-09	meta_metaphor	meta_L_pMTG_pSTS	kj	KJ	word_label	kj_20	kj_20	20	0.09765183666732967
sub-09	meta_metaphor	meta_L_pMTG_pSTS	kj	KJ	word_label	kj_16	kj_16	16	-0.10424812736556027
sub-09	meta_metaphor	meta_L_temporal_pole	yy	YY	word_label	yy_22	yy_22	22	0.21435583094283855
sub-09	meta_metaphor	meta_L_temporal_pole	yy	YY	word_label	yy_11	yy_11	11	-0.03132018768050372
sub-09	meta_metaphor	meta_L_temporal_pole	yy	YY	word_label	yy_16	yy_16	16	0.27979069001895374
sub-09	meta_metaphor	meta_L_temporal_pole	yy	YY	word_label	yy_1	yy_1	1	0.4252469903457834
sub-09	meta_metaphor	meta_L_temporal_pole	yy	YY	word_label	yy_38	yy_38	38	-0.12709939873398166
sub-09	meta_metaphor	meta_L_temporal_pole	yy	YY	word_label	yy_32	yy_32	32	-0.22891308948252842
sub-09	meta_metaphor	meta_L_temporal_pole	yy	YY	word_label	yy_26	yy_26	26	-0.4052260928076647
sub-09	meta_metaphor	meta_L_temporal_pole	yy	YY	word_label	yy_40	yy_40	40	-0.2527322365416994
sub-09	meta_metaphor	meta_L_temporal_pole	yy	YY	word_label	yy_12	yy_12	12	0.11550849666932991
sub-09	meta_metaphor	meta_L_temporal_pole	yy	YY	word_label	yy_7	yy_7	7	-0.2982328694986266
sub-09	meta_metaphor	meta_L_temporal_pole	yy	YY	word_label	yy_37	yy_37	37	-0.40761842016246225
sub-09	meta_metaphor	meta_L_temporal_pole	yy	YY	word_label	yy_15	yy_15	15	0.2501992454329339
sub-09	meta_metaphor	meta_L_temporal_pole	yy	YY	word_label	yy_9	yy_9	9	0.13297812013852564
sub-09	meta_metaphor	meta_L_temporal_pole	yy	YY	word_label	yy_10	yy_10	10	-0.5340392466849053
sub-09	meta_metaphor	meta_L_temporal_pole	yy	YY	word_label	yy_5	yy_5	5	-0.07634430172163187
sub-09	meta_metaphor	meta_L_temporal_pole	yy	YY	word_label	yy_3	yy_3	3	-0.28546587144148033
sub-09	meta_metaphor	meta_L_temporal_pole	yy	YY	word_label	yy_39	yy_39	39	-0.3104832487590561
sub-09	meta_metaphor	meta_L_temporal_pole	yy	YY	word_label	yy_14	yy_14	14	0.08150408822107809
sub-09	meta_metaphor	meta_L_temporal_pole	yy	YY	word_label	yy_19	yy_19	19	-0.22036781584797013
sub-09	meta_metaphor	meta_L_temporal_pole	yy	YY	word_label	yy_8	yy_8	8	-0.41428041256776615
sub-09	meta_metaphor	meta_L_temporal_pole	yy	YY	word_label	yy_13	yy_13	13	0.5775194051619275
sub-09	meta_metaphor	meta_L_temporal_pole	yy	YY	word_label	yy_29	yy_29	29	-0.024163196062663407
sub-09	meta_metaphor	meta_L_temporal_pole	yy	YY	word_label	yy_4	yy_4	4	-0.22364139003978206
sub-09	meta_metaphor	meta_L_temporal_pole	yy	YY	word_label	yy_35	yy_35	35	0.19805216008717183
sub-09	meta_metaphor	meta_L_temporal_pole	yy	YY	word_label	yy_24	yy_24	24	-0.40750847261017153
sub-09	meta_metaphor	meta_L_temporal_pole	yy	YY	word_label	yy_33	yy_33	33	0.0593926917703058
sub-09	meta_metaphor	meta_L_temporal_pole	yy	YY	word_label	yy_2	yy_2	2	0.38061479015960764
sub-09	meta_metaphor	meta_L_temporal_pole	yy	YY	word_label	yy_36	yy_36	36	0.07578010131639906
sub-09	meta_metaphor	meta_L_temporal_pole	yy	YY	word_label	yy_18	yy_18	18	0.11364091657693834
sub-09	meta_metaphor	meta_L_temporal_pole	yy	YY	word_label	yy_23	yy_23	23	0.25259343188203304
sub-09	meta_metaphor	meta_L_temporal_pole	yy	YY	word_label	yy_6	yy_6	6	0.0735452275667153
sub-09	meta_metaphor	meta_L_temporal_pole	yy	YY	word_label	yy_27	yy_27	27	-0.0567645675028493
sub-09	meta_metaphor	meta_L_temporal_pole	yy	YY	word_label	yy_21	yy_21	21	-0.08964884877166969
sub-09	meta_metaphor	meta_L_temporal_pole	yy	YY	word_label	yy_28	yy_28	28	-0.10776984160828193
sub-09	meta_metaphor	meta_L_temporal_pole	yy	YY	word_label	yy_17	yy_17	17	0.17583450477955623
sub-09	meta_metaphor	meta_L_temporal_pole	kj	KJ	word_label	kj_38	kj_38	38	-0.20668801293043276
sub-09	meta_metaphor	meta_L_temporal_pole	kj	KJ	word_label	kj_19	kj_19	19	0.4247526362418891
sub-09	meta_metaphor	meta_L_temporal_pole	kj	KJ	word_label	kj_5	kj_5	5	0.2443320734574777
sub-09	meta_metaphor	meta_L_temporal_pole	kj	KJ	word_label	kj_22	kj_22	22	0.2777373760898915
sub-09	meta_metaphor	meta_L_temporal_pole	kj	KJ	word_label	kj_33	kj_33	33	0.6079646468556025
sub-09	meta_metaphor	meta_L_temporal_pole	kj	KJ	word_label	kj_9	kj_9	9	0.04337969252079971
sub-09	meta_metaphor	meta_L_temporal_pole	kj	KJ	word_label	kj_15	kj_15	15	0.4854603304169946
sub-09	meta_metaphor	meta_L_temporal_pole	kj	KJ	word_label	kj_13	kj_13	13	-0.23171846616766917
sub-09	meta_metaphor	meta_L_temporal_pole	kj	KJ	word_label	kj_36	kj_36	36	0.3928050838176249
sub-09	meta_metaphor	meta_L_temporal_pole	kj	KJ	word_label	kj_28	kj_28	28	0.4701378412193346
sub-09	meta_metaphor	meta_L_temporal_pole	kj	KJ	word_label	kj_25	kj_25	25	-0.14425562878646425
sub-09	meta_metaphor	meta_L_temporal_pole	kj	KJ	word_label	kj_14	kj_14	14	0.4411275166030217
sub-09	meta_metaphor	meta_L_temporal_pole	kj	KJ	word_label	kj_3	kj_3	3	-0.6448262397264128
sub-09	meta_metaphor	meta_L_temporal_pole	kj	KJ	word_label	kj_1	kj_1	1	-0.04378519621512987
sub-09	meta_metaphor	meta_L_temporal_pole	kj	KJ	word_label	kj_31	kj_31	31	0.2993896887244902
sub-09	meta_metaphor	meta_L_temporal_pole	kj	KJ	word_label	kj_11	kj_11	11	-0.07431443732961864
sub-09	meta_metaphor	meta_L_temporal_pole	kj	KJ	word_label	kj_7	kj_7	7	-0.28704088857606225
sub-09	meta_metaphor	meta_L_temporal_pole	kj	KJ	word_label	kj_17	kj_17	17	-0.1585507570464812
sub-09	meta_metaphor	meta_L_temporal_pole	kj	KJ	word_label	kj_24	kj_24	24	-0.22506169320980998
sub-09	meta_metaphor	meta_L_temporal_pole	kj	KJ	word_label	kj_34	kj_34	34	0.476003961613878
sub-09	meta_metaphor	meta_L_temporal_pole	kj	KJ	word_label	kj_8	kj_8	8	-0.47332141559551627
sub-09	meta_metaphor	meta_L_temporal_pole	kj	KJ	word_label	kj_37	kj_37	37	0.2835084561972085
sub-09	meta_metaphor	meta_L_temporal_pole	kj	KJ	word_label	kj_27	kj_27	27	0.19688883962265652
sub-09	meta_metaphor	meta_L_temporal_pole	kj	KJ	word_label	kj_12	kj_12	12	-0.41650254805733483
sub-09	meta_metaphor	meta_L_temporal_pole	kj	KJ	word_label	kj_26	kj_26	26	0.12486365834567034
sub-09	meta_metaphor	meta_L_temporal_pole	kj	KJ	word_label	kj_2	kj_2	2	0.19180805246237592
sub-09	meta_metaphor	meta_L_temporal_pole	kj	KJ	word_label	kj_21	kj_21	21	0.054923926441780145
sub-09	meta_metaphor	meta_L_temporal_pole	kj	KJ	word_label	kj_30	kj_30	30	0.13376662674504736
sub-09	meta_metaphor	meta_L_temporal_pole	kj	KJ	word_label	kj_10	kj_10	10	0.2722536864202805
sub-09	meta_metaphor	meta_L_temporal_pole	kj	KJ	word_label	kj_23	kj_23	23	-0.4164226261890443
sub-09	meta_metaphor	meta_L_temporal_pole	kj	KJ	word_label	kj_29	kj_29	29	0.12077209527717223
sub-09	meta_metaphor	meta_L_temporal_pole	kj	KJ	word_label	kj_39	kj_39	39	-0.07051305541375026
sub-09	meta_metaphor	meta_L_temporal_pole	kj	KJ	word_label	kj_6	kj_6	6	-0.12170685867365924
sub-09	meta_metaphor	meta_L_temporal_pole	kj	KJ	word_label	kj_20	kj_20	20	-0.19239835215213524
sub-09	meta_metaphor	meta_L_temporal_pole	kj	KJ	word_label	kj_16	kj_16	16	-0.37899902409235564
sub-09	meta_metaphor	meta_R_AG	yy	YY	word_label	yy_22	yy_22	22	-0.4151844122094725
sub-09	meta_metaphor	meta_R_AG	yy	YY	word_label	yy_11	yy_11	11	-0.014514616058625198
sub-09	meta_metaphor	meta_R_AG	yy	YY	word_label	yy_16	yy_16	16	-0.33036476780629487
sub-09	meta_metaphor	meta_R_AG	yy	YY	word_label	yy_1	yy_1	1	-0.497442547988748
sub-09	meta_metaphor	meta_R_AG	yy	YY	word_label	yy_38	yy_38	38	-0.3791399769698627
sub-09	meta_metaphor	meta_R_AG	yy	YY	word_label	yy_32	yy_32	32	0.10071168680971535
sub-09	meta_metaphor	meta_R_AG	yy	YY	word_label	yy_26	yy_26	26	0.026414584576743474
sub-09	meta_metaphor	meta_R_AG	yy	YY	word_label	yy_40	yy_40	40	0.25177382470707443
sub-09	meta_metaphor	meta_R_AG	yy	YY	word_label	yy_12	yy_12	12	0.3078005231479967
sub-09	meta_metaphor	meta_R_AG	yy	YY	word_label	yy_7	yy_7	7	-0.3282708944682827
sub-09	meta_metaphor	meta_R_AG	yy	YY	word_label	yy_37	yy_37	37	-0.13621020027239306
sub-09	meta_metaphor	meta_R_AG	yy	YY	word_label	yy_15	yy_15	15	0.18635464473425073
sub-09	meta_metaphor	meta_R_AG	yy	YY	word_label	yy_9	yy_9	9	-0.6417915327611536
sub-09	meta_metaphor	meta_R_AG	yy	YY	word_label	yy_10	yy_10	10	-0.009114574310215865
sub-09	meta_metaphor	meta_R_AG	yy	YY	word_label	yy_5	yy_5	5	-0.213977140945363
sub-09	meta_metaphor	meta_R_AG	yy	YY	word_label	yy_3	yy_3	3	-0.16497045581307299
sub-09	meta_metaphor	meta_R_AG	yy	YY	word_label	yy_39	yy_39	39	0.14162452044858578
sub-09	meta_metaphor	meta_R_AG	yy	YY	word_label	yy_14	yy_14	14	0.5194397227045251
sub-09	meta_metaphor	meta_R_AG	yy	YY	word_label	yy_19	yy_19	19	0.12536710809219825
sub-09	meta_metaphor	meta_R_AG	yy	YY	word_label	yy_8	yy_8	8	-0.07987172359866189
sub-09	meta_metaphor	meta_R_AG	yy	YY	word_label	yy_13	yy_13	13	0.11573432888591843
sub-09	meta_metaphor	meta_R_AG	yy	YY	word_label	yy_29	yy_29	29	-0.3182360923818056
sub-09	meta_metaphor	meta_R_AG	yy	YY	word_label	yy_4	yy_4	4	0.043360663609889535
sub-09	meta_metaphor	meta_R_AG	yy	YY	word_label	yy_35	yy_35	35	-0.07752322135418548
sub-09	meta_metaphor	meta_R_AG	yy	YY	word_label	yy_24	yy_24	24	-0.17691553443953
sub-09	meta_metaphor	meta_R_AG	yy	YY	word_label	yy_33	yy_33	33	0.1870296107971997
sub-09	meta_metaphor	meta_R_AG	yy	YY	word_label	yy_2	yy_2	2	-0.1691226609158005
sub-09	meta_metaphor	meta_R_AG	yy	YY	word_label	yy_36	yy_36	36	-0.1554350159513711
sub-09	meta_metaphor	meta_R_AG	yy	YY	word_label	yy_18	yy_18	18	-0.6129473180836458
sub-09	meta_metaphor	meta_R_AG	yy	YY	word_label	yy_23	yy_23	23	0.13128864221536843
sub-09	meta_metaphor	meta_R_AG	yy	YY	word_label	yy_6	yy_6	6	-0.2823291011359933
sub-09	meta_metaphor	meta_R_AG	yy	YY	word_label	yy_27	yy_27	27	-0.1262176029227231
sub-09	meta_metaphor	meta_R_AG	yy	YY	word_label	yy_21	yy_21	21	0.3915572746892931
sub-09	meta_metaphor	meta_R_AG	yy	YY	word_label	yy_28	yy_28	28	0.06531485570856989
sub-09	meta_metaphor	meta_R_AG	yy	YY	word_label	yy_17	yy_17	17	-0.2651199074687013
sub-09	meta_metaphor	meta_R_AG	kj	KJ	word_label	kj_38	kj_38	38	0.5195829293748773
sub-09	meta_metaphor	meta_R_AG	kj	KJ	word_label	kj_19	kj_19	19	-0.1226605852921878
sub-09	meta_metaphor	meta_R_AG	kj	KJ	word_label	kj_5	kj_5	5	0.23026170635249907
sub-09	meta_metaphor	meta_R_AG	kj	KJ	word_label	kj_22	kj_22	22	0.1266824434277532
sub-09	meta_metaphor	meta_R_AG	kj	KJ	word_label	kj_33	kj_33	33	0.24074673566738639
sub-09	meta_metaphor	meta_R_AG	kj	KJ	word_label	kj_9	kj_9	9	-0.5163880245066188
sub-09	meta_metaphor	meta_R_AG	kj	KJ	word_label	kj_15	kj_15	15	0.0178080351599912
sub-09	meta_metaphor	meta_R_AG	kj	KJ	word_label	kj_13	kj_13	13	-0.5368225832084992
sub-09	meta_metaphor	meta_R_AG	kj	KJ	word_label	kj_36	kj_36	36	-0.32805525300879146
sub-09	meta_metaphor	meta_R_AG	kj	KJ	word_label	kj_28	kj_28	28	0.06937973982976112
sub-09	meta_metaphor	meta_R_AG	kj	KJ	word_label	kj_25	kj_25	25	-0.40886265729631793
sub-09	meta_metaphor	meta_R_AG	kj	KJ	word_label	kj_14	kj_14	14	-0.23399452152686773
sub-09	meta_metaphor	meta_R_AG	kj	KJ	word_label	kj_3	kj_3	3	-0.003270084180045084
sub-09	meta_metaphor	meta_R_AG	kj	KJ	word_label	kj_1	kj_1	1	0.3326523988705645
sub-09	meta_metaphor	meta_R_AG	kj	KJ	word_label	kj_31	kj_31	31	-0.28270232433024645
sub-09	meta_metaphor	meta_R_AG	kj	KJ	word_label	kj_11	kj_11	11	0.5054992498674442
sub-09	meta_metaphor	meta_R_AG	kj	KJ	word_label	kj_7	kj_7	7	0.5453749017187861
sub-09	meta_metaphor	meta_R_AG	kj	KJ	word_label	kj_17	kj_17	17	0.05585599026167831
sub-09	meta_metaphor	meta_R_AG	kj	KJ	word_label	kj_24	kj_24	24	-0.40580617627247123
sub-09	meta_metaphor	meta_R_AG	kj	KJ	word_label	kj_34	kj_34	34	0.3105319223611439
sub-09	meta_metaphor	meta_R_AG	kj	KJ	word_label	kj_8	kj_8	8	-0.16092808694209515
sub-09	meta_metaphor	meta_R_AG	kj	KJ	word_label	kj_37	kj_37	37	-0.15639857011646963
sub-09	meta_metaphor	meta_R_AG	kj	KJ	word_label	kj_27	kj_27	27	-0.24428716932057398
sub-09	meta_metaphor	meta_R_AG	kj	KJ	word_label	kj_12	kj_12	12	-0.04267825307245752
sub-09	meta_metaphor	meta_R_AG	kj	KJ	word_label	kj_26	kj_26	26	0.20845428853422163
sub-09	meta_metaphor	meta_R_AG	kj	KJ	word_label	kj_2	kj_2	2	0.09163466535516351
sub-09	meta_metaphor	meta_R_AG	kj	KJ	word_label	kj_21	kj_21	21	-0.1282818127098273
sub-09	meta_metaphor	meta_R_AG	kj	KJ	word_label	kj_30	kj_30	30	-0.477138377920874
sub-09	meta_metaphor	meta_R_AG	kj	KJ	word_label	kj_10	kj_10	10	0.36434725240741317
sub-09	meta_metaphor	meta_R_AG	kj	KJ	word_label	kj_23	kj_23	23	0.18036619039348997
sub-09	meta_metaphor	meta_R_AG	kj	KJ	word_label	kj_29	kj_29	29	-0.45330850124166205
sub-09	meta_metaphor	meta_R_AG	kj	KJ	word_label	kj_39	kj_39	39	-0.3657896387021526
sub-09	meta_metaphor	meta_R_AG	kj	KJ	word_label	kj_6	kj_6	6	0.36864584280146556
sub-09	meta_metaphor	meta_R_AG	kj	KJ	word_label	kj_20	kj_20	20	-0.21640599572767852
sub-09	meta_metaphor	meta_R_AG	kj	KJ	word_label	kj_16	kj_16	16	-0.046213984774980274
sub-09	meta_metaphor	meta_R_IFG	yy	YY	word_label	yy_22	yy_22	22	0.3186371694090905
sub-09	meta_metaphor	meta_R_IFG	yy	YY	word_label	yy_11	yy_11	11	-0.13871335892685485
sub-09	meta_metaphor	meta_R_IFG	yy	YY	word_label	yy_16	yy_16	16	0.1879088360646972
sub-09	meta_metaphor	meta_R_IFG	yy	YY	word_label	yy_1	yy_1	1	-0.6077106759957521
sub-09	meta_metaphor	meta_R_IFG	yy	YY	word_label	yy_38	yy_38	38	0.24445695124563296
sub-09	meta_metaphor	meta_R_IFG	yy	YY	word_label	yy_32	yy_32	32	0.3639228995868385
sub-09	meta_metaphor	meta_R_IFG	yy	YY	word_label	yy_26	yy_26	26	-0.10030316108999894
sub-09	meta_metaphor	meta_R_IFG	yy	YY	word_label	yy_40	yy_40	40	-0.3095732567399856
sub-09	meta_metaphor	meta_R_IFG	yy	YY	word_label	yy_12	yy_12	12	0.028923974377858923
sub-09	meta_metaphor	meta_R_IFG	yy	YY	word_label	yy_7	yy_7	7	-0.2339699594187602
sub-09	meta_metaphor	meta_R_IFG	yy	YY	word_label	yy_37	yy_37	37	0.1650283834814489
sub-09	meta_metaphor	meta_R_IFG	yy	YY	word_label	yy_15	yy_15	15	0.6553868254257793
sub-09	meta_metaphor	meta_R_IFG	yy	YY	word_label	yy_9	yy_9	9	0.14150236307140912
sub-09	meta_metaphor	meta_R_IFG	yy	YY	word_label	yy_10	yy_10	10	-0.23149348079423637
sub-09	meta_metaphor	meta_R_IFG	yy	YY	word_label	yy_5	yy_5	5	0.3227287377431105
sub-09	meta_metaphor	meta_R_IFG	yy	YY	word_label	yy_3	yy_3	3	-0.10460641836390985
sub-09	meta_metaphor	meta_R_IFG	yy	YY	word_label	yy_39	yy_39	39	0.2288548222128875
sub-09	meta_metaphor	meta_R_IFG	yy	YY	word_label	yy_14	yy_14	14	0.20793178745847704
sub-09	meta_metaphor	meta_R_IFG	yy	YY	word_label	yy_19	yy_19	19	0.43200201174671116
sub-09	meta_metaphor	meta_R_IFG	yy	YY	word_label	yy_8	yy_8	8	0.4356448827125251
sub-09	meta_metaphor	meta_R_IFG	yy	YY	word_label	yy_13	yy_13	13	0.04661187538998594
sub-09	meta_metaphor	meta_R_IFG	yy	YY	word_label	yy_29	yy_29	29	-0.2391684153010824
sub-09	meta_metaphor	meta_R_IFG	yy	YY	word_label	yy_4	yy_4	4	-0.11145097133020564
sub-09	meta_metaphor	meta_R_IFG	yy	YY	word_label	yy_35	yy_35	35	-0.10432668416600707
sub-09	meta_metaphor	meta_R_IFG	yy	YY	word_label	yy_24	yy_24	24	0.0997279701937715
sub-09	meta_metaphor	meta_R_IFG	yy	YY	word_label	yy_33	yy_33	33	0.6296924786325846
sub-09	meta_metaphor	meta_R_IFG	yy	YY	word_label	yy_2	yy_2	2	-0.028601060325519217
sub-09	meta_metaphor	meta_R_IFG	yy	YY	word_label	yy_36	yy_36	36	0.3322448583527725
sub-09	meta_metaphor	meta_R_IFG	yy	YY	word_label	yy_18	yy_18	18	0.013025220989724223
sub-09	meta_metaphor	meta_R_IFG	yy	YY	word_label	yy_23	yy_23	23	0.12052021077771266
sub-09	meta_metaphor	meta_R_IFG	yy	YY	word_label	yy_6	yy_6	6	0.5017360682609265
sub-09	meta_metaphor	meta_R_IFG	yy	YY	word_label	yy_27	yy_27	27	-0.11163553742241236
sub-09	meta_metaphor	meta_R_IFG	yy	YY	word_label	yy_21	yy_21	21	-0.2702336786385405
sub-09	meta_metaphor	meta_R_IFG	yy	YY	word_label	yy_28	yy_28	28	0.1296223167520397
sub-09	meta_metaphor	meta_R_IFG	yy	YY	word_label	yy_17	yy_17	17	0.2076553112145421
sub-09	meta_metaphor	meta_R_IFG	kj	KJ	word_label	kj_38	kj_38	38	0.05600724447456712
sub-09	meta_metaphor	meta_R_IFG	kj	KJ	word_label	kj_19	kj_19	19	0.5378269721604965
sub-09	meta_metaphor	meta_R_IFG	kj	KJ	word_label	kj_5	kj_5	5	0.2996125219109631
sub-09	meta_metaphor	meta_R_IFG	kj	KJ	word_label	kj_22	kj_22	22	0.6501279270902617
sub-09	meta_metaphor	meta_R_IFG	kj	KJ	word_label	kj_33	kj_33	33	-0.0012193305148485577
sub-09	meta_metaphor	meta_R_IFG	kj	KJ	word_label	kj_9	kj_9	9	0.203081492663661
sub-09	meta_metaphor	meta_R_IFG	kj	KJ	word_label	kj_15	kj_15	15	0.4254034270211319
sub-09	meta_metaphor	meta_R_IFG	kj	KJ	word_label	kj_13	kj_13	13	0.22743600828838095
sub-09	meta_metaphor	meta_R_IFG	kj	KJ	word_label	kj_36	kj_36	36	-0.43579617391930225
sub-09	meta_metaphor	meta_R_IFG	kj	KJ	word_label	kj_28	kj_28	28	0.31768403957938396
sub-09	meta_metaphor	meta_R_IFG	kj	KJ	word_label	kj_25	kj_25	25	0.5649254928189711
sub-09	meta_metaphor	meta_R_IFG	kj	KJ	word_label	kj_14	kj_14	14	-0.40366473716510637
sub-09	meta_metaphor	meta_R_IFG	kj	KJ	word_label	kj_3	kj_3	3	-0.08418429163784431
sub-09	meta_metaphor	meta_R_IFG	kj	KJ	word_label	kj_1	kj_1	1	0.18854534230203374
sub-09	meta_metaphor	meta_R_IFG	kj	KJ	word_label	kj_31	kj_31	31	0.14854978144028907
sub-09	meta_metaphor	meta_R_IFG	kj	KJ	word_label	kj_11	kj_11	11	0.015458825407148945
sub-09	meta_metaphor	meta_R_IFG	kj	KJ	word_label	kj_7	kj_7	7	-0.17581817805246744
sub-09	meta_metaphor	meta_R_IFG	kj	KJ	word_label	kj_17	kj_17	17	0.10610057895487873
sub-09	meta_metaphor	meta_R_IFG	kj	KJ	word_label	kj_24	kj_24	24	-0.07177933954088202
sub-09	meta_metaphor	meta_R_IFG	kj	KJ	word_label	kj_34	kj_34	34	-0.18530846245837615
sub-09	meta_metaphor	meta_R_IFG	kj	KJ	word_label	kj_8	kj_8	8	0.569290051291711
sub-09	meta_metaphor	meta_R_IFG	kj	KJ	word_label	kj_37	kj_37	37	0.35794258228796766
sub-09	meta_metaphor	meta_R_IFG	kj	KJ	word_label	kj_27	kj_27	27	0.1565747347949432
sub-09	meta_metaphor	meta_R_IFG	kj	KJ	word_label	kj_12	kj_12	12	-0.17197199257312462
sub-09	meta_metaphor	meta_R_IFG	kj	KJ	word_label	kj_26	kj_26	26	0.17685839243450605
sub-09	meta_metaphor	meta_R_IFG	kj	KJ	word_label	kj_2	kj_2	2	-0.1180671709837661
sub-09	meta_metaphor	meta_R_IFG	kj	KJ	word_label	kj_21	kj_21	21	-0.41715837493362395
sub-09	meta_metaphor	meta_R_IFG	kj	KJ	word_label	kj_30	kj_30	30	0.3521237576243533
sub-09	meta_metaphor	meta_R_IFG	kj	KJ	word_label	kj_10	kj_10	10	-0.2601979696405595
sub-09	meta_metaphor	meta_R_IFG	kj	KJ	word_label	kj_23	kj_23	23	0.4048120327952259
sub-09	meta_metaphor	meta_R_IFG	kj	KJ	word_label	kj_29	kj_29	29	0.37860676145092015
sub-09	meta_metaphor	meta_R_IFG	kj	KJ	word_label	kj_39	kj_39	39	0.18250985571011702
sub-09	meta_metaphor	meta_R_IFG	kj	KJ	word_label	kj_6	kj_6	6	0.41812376474002305
sub-09	meta_metaphor	meta_R_IFG	kj	KJ	word_label	kj_20	kj_20	20	0.4658599253966436
sub-09	meta_metaphor	meta_R_IFG	kj	KJ	word_label	kj_16	kj_16	16	0.6044957771199168
sub-09	meta_metaphor	meta_R_pMTG_pSTS	yy	YY	word_label	yy_22	yy_22	22	-0.37555168292135427
sub-09	meta_metaphor	meta_R_pMTG_pSTS	yy	YY	word_label	yy_11	yy_11	11	0.21402878068998438
sub-09	meta_metaphor	meta_R_pMTG_pSTS	yy	YY	word_label	yy_16	yy_16	16	0.18249317147347444
sub-09	meta_metaphor	meta_R_pMTG_pSTS	yy	YY	word_label	yy_1	yy_1	1	0.21353128333877883
sub-09	meta_metaphor	meta_R_pMTG_pSTS	yy	YY	word_label	yy_38	yy_38	38	0.17074377830858575
sub-09	meta_metaphor	meta_R_pMTG_pSTS	yy	YY	word_label	yy_32	yy_32	32	0.09091012308982938
sub-09	meta_metaphor	meta_R_pMTG_pSTS	yy	YY	word_label	yy_26	yy_26	26	-0.04800419620900898
sub-09	meta_metaphor	meta_R_pMTG_pSTS	yy	YY	word_label	yy_40	yy_40	40	0.4902507407868181
sub-09	meta_metaphor	meta_R_pMTG_pSTS	yy	YY	word_label	yy_12	yy_12	12	0.2596441099515654
sub-09	meta_metaphor	meta_R_pMTG_pSTS	yy	YY	word_label	yy_7	yy_7	7	-0.10094962210970623
sub-09	meta_metaphor	meta_R_pMTG_pSTS	yy	YY	word_label	yy_37	yy_37	37	0.13229834011874653
sub-09	meta_metaphor	meta_R_pMTG_pSTS	yy	YY	word_label	yy_15	yy_15	15	-0.2257128036782573
sub-09	meta_metaphor	meta_R_pMTG_pSTS	yy	YY	word_label	yy_9	yy_9	9	0.2031864147668294
sub-09	meta_metaphor	meta_R_pMTG_pSTS	yy	YY	word_label	yy_10	yy_10	10	0.6721430082758827
sub-09	meta_metaphor	meta_R_pMTG_pSTS	yy	YY	word_label	yy_5	yy_5	5	-0.08022964855227795
sub-09	meta_metaphor	meta_R_pMTG_pSTS	yy	YY	word_label	yy_3	yy_3	3	-0.3406289582367477
sub-09	meta_metaphor	meta_R_pMTG_pSTS	yy	YY	word_label	yy_39	yy_39	39	0.4165784217678091
sub-09	meta_metaphor	meta_R_pMTG_pSTS	yy	YY	word_label	yy_14	yy_14	14	-0.13802949289147892
sub-09	meta_metaphor	meta_R_pMTG_pSTS	yy	YY	word_label	yy_19	yy_19	19	0.3021954353593923
sub-09	meta_metaphor	meta_R_pMTG_pSTS	yy	YY	word_label	yy_8	yy_8	8	-0.7043423727389927
sub-09	meta_metaphor	meta_R_pMTG_pSTS	yy	YY	word_label	yy_13	yy_13	13	-0.20443010606232367
sub-09	meta_metaphor	meta_R_pMTG_pSTS	yy	YY	word_label	yy_29	yy_29	29	0.21600721897876732
sub-09	meta_metaphor	meta_R_pMTG_pSTS	yy	YY	word_label	yy_4	yy_4	4	0.509728993879387
sub-09	meta_metaphor	meta_R_pMTG_pSTS	yy	YY	word_label	yy_35	yy_35	35	-0.01976552573485264
sub-09	meta_metaphor	meta_R_pMTG_pSTS	yy	YY	word_label	yy_24	yy_24	24	-0.026270110374948495
sub-09	meta_metaphor	meta_R_pMTG_pSTS	yy	YY	word_label	yy_33	yy_33	33	0.31432663778183906
sub-09	meta_metaphor	meta_R_pMTG_pSTS	yy	YY	word_label	yy_2	yy_2	2	0.0856738763586745
sub-09	meta_metaphor	meta_R_pMTG_pSTS	yy	YY	word_label	yy_36	yy_36	36	0.007502493213045088
sub-09	meta_metaphor	meta_R_pMTG_pSTS	yy	YY	word_label	yy_18	yy_18	18	0.2932449719032597
sub-09	meta_metaphor	meta_R_pMTG_pSTS	yy	YY	word_label	yy_23	yy_23	23	0.3377569628716721
sub-09	meta_metaphor	meta_R_pMTG_pSTS	yy	YY	word_label	yy_6	yy_6	6	0.6679242624015986
sub-09	meta_metaphor	meta_R_pMTG_pSTS	yy	YY	word_label	yy_27	yy_27	27	-0.07733512555848988
sub-09	meta_metaphor	meta_R_pMTG_pSTS	yy	YY	word_label	yy_21	yy_21	21	0.279434359886739
sub-09	meta_metaphor	meta_R_pMTG_pSTS	yy	YY	word_label	yy_28	yy_28	28	-0.23065838633487054
sub-09	meta_metaphor	meta_R_pMTG_pSTS	yy	YY	word_label	yy_17	yy_17	17	0.3268349265548627
sub-09	meta_metaphor	meta_R_pMTG_pSTS	kj	KJ	word_label	kj_38	kj_38	38	-0.28718289498503363
sub-09	meta_metaphor	meta_R_pMTG_pSTS	kj	KJ	word_label	kj_19	kj_19	19	-0.22863854191191582
sub-09	meta_metaphor	meta_R_pMTG_pSTS	kj	KJ	word_label	kj_5	kj_5	5	-0.06673019990468156
sub-09	meta_metaphor	meta_R_pMTG_pSTS	kj	KJ	word_label	kj_22	kj_22	22	-0.2197446435397786
sub-09	meta_metaphor	meta_R_pMTG_pSTS	kj	KJ	word_label	kj_33	kj_33	33	-0.05330163401992756
sub-09	meta_metaphor	meta_R_pMTG_pSTS	kj	KJ	word_label	kj_9	kj_9	9	-0.39020829047117206
sub-09	meta_metaphor	meta_R_pMTG_pSTS	kj	KJ	word_label	kj_15	kj_15	15	0.11951465913732495
sub-09	meta_metaphor	meta_R_pMTG_pSTS	kj	KJ	word_label	kj_13	kj_13	13	-0.2912334171059079
sub-09	meta_metaphor	meta_R_pMTG_pSTS	kj	KJ	word_label	kj_36	kj_36	36	-0.08333726779832017
sub-09	meta_metaphor	meta_R_pMTG_pSTS	kj	KJ	word_label	kj_28	kj_28	28	-0.4939947298083464
sub-09	meta_metaphor	meta_R_pMTG_pSTS	kj	KJ	word_label	kj_25	kj_25	25	-0.20923599264274856
sub-09	meta_metaphor	meta_R_pMTG_pSTS	kj	KJ	word_label	kj_14	kj_14	14	0.23716568142678815
sub-09	meta_metaphor	meta_R_pMTG_pSTS	kj	KJ	word_label	kj_3	kj_3	3	-0.4692542846628278
sub-09	meta_metaphor	meta_R_pMTG_pSTS	kj	KJ	word_label	kj_1	kj_1	1	0.11699455266965467
sub-09	meta_metaphor	meta_R_pMTG_pSTS	kj	KJ	word_label	kj_31	kj_31	31	0.39423573820580726
sub-09	meta_metaphor	meta_R_pMTG_pSTS	kj	KJ	word_label	kj_11	kj_11	11	-0.29993995009332064
sub-09	meta_metaphor	meta_R_pMTG_pSTS	kj	KJ	word_label	kj_7	kj_7	7	-0.16908870215387378
sub-09	meta_metaphor	meta_R_pMTG_pSTS	kj	KJ	word_label	kj_17	kj_17	17	0.2556706892701094
sub-09	meta_metaphor	meta_R_pMTG_pSTS	kj	KJ	word_label	kj_24	kj_24	24	0.022041198606605802
sub-09	meta_metaphor	meta_R_pMTG_pSTS	kj	KJ	word_label	kj_34	kj_34	34	-0.09662595295122821
sub-09	meta_metaphor	meta_R_pMTG_pSTS	kj	KJ	word_label	kj_8	kj_8	8	0.035117485388768126
sub-09	meta_metaphor	meta_R_pMTG_pSTS	kj	KJ	word_label	kj_37	kj_37	37	-0.40916412896551757
sub-09	meta_metaphor	meta_R_pMTG_pSTS	kj	KJ	word_label	kj_27	kj_27	27	0.04542937169482929
sub-09	meta_metaphor	meta_R_pMTG_pSTS	kj	KJ	word_label	kj_12	kj_12	12	0.3771339945762983
sub-09	meta_metaphor	meta_R_pMTG_pSTS	kj	KJ	word_label	kj_26	kj_26	26	-0.2573697578529417
sub-09	meta_metaphor	meta_R_pMTG_pSTS	kj	KJ	word_label	kj_2	kj_2	2	0.320264531071188
sub-09	meta_metaphor	meta_R_pMTG_pSTS	kj	KJ	word_label	kj_21	kj_21	21	-0.04563521507467811
sub-09	meta_metaphor	meta_R_pMTG_pSTS	kj	KJ	word_label	kj_30	kj_30	30	-0.10978554151240026
sub-09	meta_metaphor	meta_R_pMTG_pSTS	kj	KJ	word_label	kj_10	kj_10	10	0.05197118013649669
sub-09	meta_metaphor	meta_R_pMTG_pSTS	kj	KJ	word_label	kj_23	kj_23	23	0.3417639246169646
sub-09	meta_metaphor	meta_R_pMTG_pSTS	kj	KJ	word_label	kj_29	kj_29	29	-0.3949319804959464
sub-09	meta_metaphor	meta_R_pMTG_pSTS	kj	KJ	word_label	kj_39	kj_39	39	-0.20396845529243768
sub-09	meta_metaphor	meta_R_pMTG_pSTS	kj	KJ	word_label	kj_6	kj_6	6	0.21591265450050667
sub-09	meta_metaphor	meta_R_pMTG_pSTS	kj	KJ	word_label	kj_20	kj_20	20	-0.06901690971500805
sub-09	meta_metaphor	meta_R_pMTG_pSTS	kj	KJ	word_label	kj_16	kj_16	16	-0.04222501017151793
sub-09	meta_metaphor	meta_R_temporal_pole	yy	YY	word_label	yy_22	yy_22	22	-0.008925534090651418
sub-09	meta_metaphor	meta_R_temporal_pole	yy	YY	word_label	yy_11	yy_11	11	-0.030864720867156664
sub-09	meta_metaphor	meta_R_temporal_pole	yy	YY	word_label	yy_16	yy_16	16	0.010050262822910059
sub-09	meta_metaphor	meta_R_temporal_pole	yy	YY	word_label	yy_1	yy_1	1	-0.08520351951990641
sub-09	meta_metaphor	meta_R_temporal_pole	yy	YY	word_label	yy_38	yy_38	38	-0.013742661692312407
sub-09	meta_metaphor	meta_R_temporal_pole	yy	YY	word_label	yy_32	yy_32	32	0.025276723860878994
sub-09	meta_metaphor	meta_R_temporal_pole	yy	YY	word_label	yy_26	yy_26	26	-0.01781230892739662
sub-09	meta_metaphor	meta_R_temporal_pole	yy	YY	word_label	yy_40	yy_40	40	-0.03349550551030101
sub-09	meta_metaphor	meta_R_temporal_pole	yy	YY	word_label	yy_12	yy_12	12	-0.04543640513661877
sub-09	meta_metaphor	meta_R_temporal_pole	yy	YY	word_label	yy_7	yy_7	7	-0.18308462563812983
sub-09	meta_metaphor	meta_R_temporal_pole	yy	YY	word_label	yy_37	yy_37	37	0.06481802564503909
sub-09	meta_metaphor	meta_R_temporal_pole	yy	YY	word_label	yy_15	yy_15	15	0.0732182974956327
sub-09	meta_metaphor	meta_R_temporal_pole	yy	YY	word_label	yy_9	yy_9	9	0.017515751406234917
sub-09	meta_metaphor	meta_R_temporal_pole	yy	YY	word_label	yy_10	yy_10	10	-0.0096951300663887
sub-09	meta_metaphor	meta_R_temporal_pole	yy	YY	word_label	yy_5	yy_5	5	0.0010026338412510202
sub-09	meta_metaphor	meta_R_temporal_pole	yy	YY	word_label	yy_3	yy_3	3	0.021029222195620895
sub-09	meta_metaphor	meta_R_temporal_pole	yy	YY	word_label	yy_39	yy_39	39	-0.014621753863627181
sub-09	meta_metaphor	meta_R_temporal_pole	yy	YY	word_label	yy_14	yy_14	14	-0.02444445693435543
sub-09	meta_metaphor	meta_R_temporal_pole	yy	YY	word_label	yy_19	yy_19	19	0.08758198903543055
sub-09	meta_metaphor	meta_R_temporal_pole	yy	YY	word_label	yy_8	yy_8	8	-0.04778503479863697
sub-09	meta_metaphor	meta_R_temporal_pole	yy	YY	word_label	yy_13	yy_13	13	-0.01492428209495962
sub-09	meta_metaphor	meta_R_temporal_pole	yy	YY	word_label	yy_29	yy_29	29	0.011509736452806908
sub-09	meta_metaphor	meta_R_temporal_pole	yy	YY	word_label	yy_4	yy_4	4	-0.0023301439113460314
sub-09	meta_metaphor	meta_R_temporal_pole	yy	YY	word_label	yy_35	yy_35	35	-0.04282714714792444
sub-09	meta_metaphor	meta_R_temporal_pole	yy	YY	word_label	yy_24	yy_24	24	0.015015079725911684
sub-09	meta_metaphor	meta_R_temporal_pole	yy	YY	word_label	yy_33	yy_33	33	-0.04351112768116357
sub-09	meta_metaphor	meta_R_temporal_pole	yy	YY	word_label	yy_2	yy_2	2	-0.031157374393854475
sub-09	meta_metaphor	meta_R_temporal_pole	yy	YY	word_label	yy_36	yy_36	36	-0.009836987454257378
sub-09	meta_metaphor	meta_R_temporal_pole	yy	YY	word_label	yy_18	yy_18	18	0.015771974592256512
sub-09	meta_metaphor	meta_R_temporal_pole	yy	YY	word_label	yy_23	yy_23	23	0.024887545017399936
sub-09	meta_metaphor	meta_R_temporal_pole	yy	YY	word_label	yy_6	yy_6	6	0.01106391038449566
sub-09	meta_metaphor	meta_R_temporal_pole	yy	YY	word_label	yy_27	yy_27	27	-0.023921031703294765
sub-09	meta_metaphor	meta_R_temporal_pole	yy	YY	word_label	yy_21	yy_21	21	0.038402355311466255
sub-09	meta_metaphor	meta_R_temporal_pole	yy	YY	word_label	yy_28	yy_28	28	0.03435679320604576
sub-09	meta_metaphor	meta_R_temporal_pole	yy	YY	word_label	yy_17	yy_17	17	-0.009016918787738247
sub-09	meta_metaphor	meta_R_temporal_pole	kj	KJ	word_label	kj_38	kj_38	38	0.01920908049475784
sub-09	meta_metaphor	meta_R_temporal_pole	kj	KJ	word_label	kj_19	kj_19	19	-0.03557365223344807
sub-09	meta_metaphor	meta_R_temporal_pole	kj	KJ	word_label	kj_5	kj_5	5	-0.025606899290202885
sub-09	meta_metaphor	meta_R_temporal_pole	kj	KJ	word_label	kj_22	kj_22	22	-0.10566943012972768
sub-09	meta_metaphor	meta_R_temporal_pole	kj	KJ	word_label	kj_33	kj_33	33	-0.004477033336033603
sub-09	meta_metaphor	meta_R_temporal_pole	kj	KJ	word_label	kj_9	kj_9	9	0.044860097732598955
sub-09	meta_metaphor	meta_R_temporal_pole	kj	KJ	word_label	kj_15	kj_15	15	-0.0224954224227806
sub-09	meta_metaphor	meta_R_temporal_pole	kj	KJ	word_label	kj_13	kj_13	13	0.08475655361023486
sub-09	meta_metaphor	meta_R_temporal_pole	kj	KJ	word_label	kj_36	kj_36	36	0.05376300759494437
sub-09	meta_metaphor	meta_R_temporal_pole	kj	KJ	word_label	kj_28	kj_28	28	0.00016272892453359552
sub-09	meta_metaphor	meta_R_temporal_pole	kj	KJ	word_label	kj_25	kj_25	25	-0.04924856386513655
sub-09	meta_metaphor	meta_R_temporal_pole	kj	KJ	word_label	kj_14	kj_14	14	0.04774392094765705
sub-09	meta_metaphor	meta_R_temporal_pole	kj	KJ	word_label	kj_3	kj_3	3	0.0376386633197402
sub-09	meta_metaphor	meta_R_temporal_pole	kj	KJ	word_label	kj_1	kj_1	1	-0.08672678653260911
sub-09	meta_metaphor	meta_R_temporal_pole	kj	KJ	word_label	kj_31	kj_31	31	0.09910311524247573
sub-09	meta_metaphor	meta_R_temporal_pole	kj	KJ	word_label	kj_11	kj_11	11	0.017613477837633812
sub-09	meta_metaphor	meta_R_temporal_pole	kj	KJ	word_label	kj_7	kj_7	7	-0.029355738673313796
sub-09	meta_metaphor	meta_R_temporal_pole	kj	KJ	word_label	kj_17	kj_17	17	0.03140786656063932
sub-09	meta_metaphor	meta_R_temporal_pole	kj	KJ	word_label	kj_24	kj_24	24	-0.023133710465687574
sub-09	meta_metaphor	meta_R_temporal_pole	kj	KJ	word_label	kj_34	kj_34	34	-0.02001940087826547
sub-09	meta_metaphor	meta_R_temporal_pole	kj	KJ	word_label	kj_8	kj_8	8	0.009794010385894792
sub-09	meta_metaphor	meta_R_temporal_pole	kj	KJ	word_label	kj_37	kj_37	37	0.000428054457703562
sub-09	meta_metaphor	meta_R_temporal_pole	kj	KJ	word_label	kj_27	kj_27	27	0.004742048978096195
sub-09	meta_metaphor	meta_R_temporal_pole	kj	KJ	word_label	kj_12	kj_12	12	0.03315388735482208
sub-09	meta_metaphor	meta_R_temporal_pole	kj	KJ	word_label	kj_26	kj_26	26	-0.025886088512877686
sub-09	meta_metaphor	meta_R_temporal_pole	kj	KJ	word_label	kj_2	kj_2	2	-0.004888171362171151
sub-09	meta_metaphor	meta_R_temporal_pole	kj	KJ	word_label	kj_21	kj_21	21	0.027663328651879263
sub-09	meta_metaphor	meta_R_temporal_pole	kj	KJ	word_label	kj_30	kj_30	30	-0.09497988570644815
sub-09	meta_metaphor	meta_R_temporal_pole	kj	KJ	word_label	kj_10	kj_10	10	0.01618618969824904
sub-09	meta_metaphor	meta_R_temporal_pole	kj	KJ	word_label	kj_23	kj_23	23	0.009289341843010815
sub-09	meta_metaphor	meta_R_temporal_pole	kj	KJ	word_label	kj_29	kj_29	29	0.0025228871419720024
sub-09	meta_metaphor	meta_R_temporal_pole	kj	KJ	word_label	kj_39	kj_39	39	-0.009424073342079104
sub-09	meta_metaphor	meta_R_temporal_pole	kj	KJ	word_label	kj_6	kj_6	6	0.0009140667946807217
sub-09	meta_metaphor	meta_R_temporal_pole	kj	KJ	word_label	kj_20	kj_20	20	-0.02783716258100227
sub-09	meta_metaphor	meta_R_temporal_pole	kj	KJ	word_label	kj_16	kj_16	16	0.022655602303357888
sub-10	meta_metaphor	meta_L_AG	yy	YY	word_label	yy_29	yy_29	29	0.3447802960690312
sub-10	meta_metaphor	meta_L_AG	yy	YY	word_label	yy_22	yy_22	22	0.25487047342879116
sub-10	meta_metaphor	meta_L_AG	yy	YY	word_label	yy_14	yy_14	14	0.10276517774500794
sub-10	meta_metaphor	meta_L_AG	yy	YY	word_label	yy_24	yy_24	24	0.38277812728098015
sub-10	meta_metaphor	meta_L_AG	yy	YY	word_label	yy_4	yy_4	4	0.4543223078840633
sub-10	meta_metaphor	meta_L_AG	yy	YY	word_label	yy_33	yy_33	33	0.5966595913157524
sub-10	meta_metaphor	meta_L_AG	yy	YY	word_label	yy_32	yy_32	32	-0.08791880821165038
sub-10	meta_metaphor	meta_L_AG	yy	YY	word_label	yy_10	yy_10	10	0.7715125107345707
sub-10	meta_metaphor	meta_L_AG	yy	YY	word_label	yy_1	yy_1	1	0.014844705043118748
sub-10	meta_metaphor	meta_L_AG	yy	YY	word_label	yy_17	yy_17	17	-0.2976731987855242
sub-10	meta_metaphor	meta_L_AG	yy	YY	word_label	yy_26	yy_26	26	-0.3613286883357902
sub-10	meta_metaphor	meta_L_AG	yy	YY	word_label	yy_15	yy_15	15	0.3820372899247599
sub-10	meta_metaphor	meta_L_AG	yy	YY	word_label	yy_39	yy_39	39	0.10135551776114002
sub-10	meta_metaphor	meta_L_AG	yy	YY	word_label	yy_3	yy_3	3	0.7413128492363712
sub-10	meta_metaphor	meta_L_AG	yy	YY	word_label	yy_11	yy_11	11	-0.10671768386904434
sub-10	meta_metaphor	meta_L_AG	yy	YY	word_label	yy_35	yy_35	35	0.3809711120854615
sub-10	meta_metaphor	meta_L_AG	yy	YY	word_label	yy_13	yy_13	13	0.37935859366150954
sub-10	meta_metaphor	meta_L_AG	yy	YY	word_label	yy_36	yy_36	36	0.33389390065810876
sub-10	meta_metaphor	meta_L_AG	yy	YY	word_label	yy_37	yy_37	37	0.5343014946909199
sub-10	meta_metaphor	meta_L_AG	yy	YY	word_label	yy_7	yy_7	7	-0.04927268654983828
sub-10	meta_metaphor	meta_L_AG	yy	YY	word_label	yy_40	yy_40	40	0.08323944575624909
sub-10	meta_metaphor	meta_L_AG	yy	YY	word_label	yy_8	yy_8	8	0.6208502779291787
sub-10	meta_metaphor	meta_L_AG	yy	YY	word_label	yy_19	yy_19	19	0.5103428569212676
sub-10	meta_metaphor	meta_L_AG	yy	YY	word_label	yy_23	yy_23	23	0.5661506433086023
sub-10	meta_metaphor	meta_L_AG	yy	YY	word_label	yy_12	yy_12	12	-0.5497254177193596
sub-10	meta_metaphor	meta_L_AG	yy	YY	word_label	yy_6	yy_6	6	0.35090532474116626
sub-10	meta_metaphor	meta_L_AG	yy	YY	word_label	yy_16	yy_16	16	0.1364521893601778
sub-10	meta_metaphor	meta_L_AG	yy	YY	word_label	yy_21	yy_21	21	0.3116153983212093
sub-10	meta_metaphor	meta_L_AG	yy	YY	word_label	yy_2	yy_2	2	-0.3916641538339298
sub-10	meta_metaphor	meta_L_AG	yy	YY	word_label	yy_9	yy_9	9	-0.44254956305655496
sub-10	meta_metaphor	meta_L_AG	yy	YY	word_label	yy_27	yy_27	27	0.2859785986112073
sub-10	meta_metaphor	meta_L_AG	yy	YY	word_label	yy_5	yy_5	5	-0.4093588436510037
sub-10	meta_metaphor	meta_L_AG	yy	YY	word_label	yy_38	yy_38	38	-0.5018257293187415
sub-10	meta_metaphor	meta_L_AG	yy	YY	word_label	yy_28	yy_28	28	0.1822051410125035
sub-10	meta_metaphor	meta_L_AG	yy	YY	word_label	yy_18	yy_18	18	-0.49256692130327007
sub-10	meta_metaphor	meta_L_AG	kj	KJ	word_label	kj_27	kj_27	27	-0.062303940444252484
sub-10	meta_metaphor	meta_L_AG	kj	KJ	word_label	kj_2	kj_2	2	-0.2973730563503902
sub-10	meta_metaphor	meta_L_AG	kj	KJ	word_label	kj_26	kj_26	26	0.617507575575715
sub-10	meta_metaphor	meta_L_AG	kj	KJ	word_label	kj_19	kj_19	19	0.5288818746612177
sub-10	meta_metaphor	meta_L_AG	kj	KJ	word_label	kj_22	kj_22	22	-0.32217973517587484
sub-10	meta_metaphor	meta_L_AG	kj	KJ	word_label	kj_5	kj_5	5	0.27914757071735596
sub-10	meta_metaphor	meta_L_AG	kj	KJ	word_label	kj_38	kj_38	38	0.38548943680194153
sub-10	meta_metaphor	meta_L_AG	kj	KJ	word_label	kj_1	kj_1	1	-0.29065115650270223
sub-10	meta_metaphor	meta_L_AG	kj	KJ	word_label	kj_33	kj_33	33	0.20971855501131745
sub-10	meta_metaphor	meta_L_AG	kj	KJ	word_label	kj_8	kj_8	8	0.27086716449870324
sub-10	meta_metaphor	meta_L_AG	kj	KJ	word_label	kj_14	kj_14	14	-0.11455400148258729
sub-10	meta_metaphor	meta_L_AG	kj	KJ	word_label	kj_16	kj_16	16	-0.49384602263849625
sub-10	meta_metaphor	meta_L_AG	kj	KJ	word_label	kj_25	kj_25	25	-0.34698336441344146
sub-10	meta_metaphor	meta_L_AG	kj	KJ	word_label	kj_28	kj_28	28	0.3560955589852068
sub-10	meta_metaphor	meta_L_AG	kj	KJ	word_label	kj_34	kj_34	34	0.48443196466005756
sub-10	meta_metaphor	meta_L_AG	kj	KJ	word_label	kj_15	kj_15	15	-0.36818746026485233
sub-10	meta_metaphor	meta_L_AG	kj	KJ	word_label	kj_7	kj_7	7	-0.25590963609700557
sub-10	meta_metaphor	meta_L_AG	kj	KJ	word_label	kj_24	kj_24	24	0.25191965232719227
sub-10	meta_metaphor	meta_L_AG	kj	KJ	word_label	kj_9	kj_9	9	-0.13436240990206383
sub-10	meta_metaphor	meta_L_AG	kj	KJ	word_label	kj_6	kj_6	6	-0.2633326582089935
sub-10	meta_metaphor	meta_L_AG	kj	KJ	word_label	kj_13	kj_13	13	0.35489059923962046
sub-10	meta_metaphor	meta_L_AG	kj	KJ	word_label	kj_11	kj_11	11	-0.48935028737069036
sub-10	meta_metaphor	meta_L_AG	kj	KJ	word_label	kj_20	kj_20	20	-0.1965492776515917
sub-10	meta_metaphor	meta_L_AG	kj	KJ	word_label	kj_21	kj_21	21	0.1880491262303502
sub-10	meta_metaphor	meta_L_AG	kj	KJ	word_label	kj_3	kj_3	3	0.06514510510741761
sub-10	meta_metaphor	meta_L_AG	kj	KJ	word_label	kj_29	kj_29	29	0.39300398511684853
sub-10	meta_metaphor	meta_L_AG	kj	KJ	word_label	kj_37	kj_37	37	0.32085384348737817
sub-10	meta_metaphor	meta_L_AG	kj	KJ	word_label	kj_30	kj_30	30	0.4823493622771319
sub-10	meta_metaphor	meta_L_AG	kj	KJ	word_label	kj_17	kj_17	17	0.5631493960562813
sub-10	meta_metaphor	meta_L_AG	kj	KJ	word_label	kj_23	kj_23	23	-0.14884336464388195
sub-10	meta_metaphor	meta_L_AG	kj	KJ	word_label	kj_31	kj_31	31	0.2478760396768513
sub-10	meta_metaphor	meta_L_AG	kj	KJ	word_label	kj_12	kj_12	12	0.6553112659021693
sub-10	meta_metaphor	meta_L_AG	kj	KJ	word_label	kj_36	kj_36	36	0.09324606750111153
sub-10	meta_metaphor	meta_L_AG	kj	KJ	word_label	kj_39	kj_39	39	0.28244101385311626
sub-10	meta_metaphor	meta_L_AG	kj	KJ	word_label	kj_10	kj_10	10	-0.26414719209767373
sub-10	meta_metaphor	meta_L_IFG	yy	YY	word_label	yy_29	yy_29	29	0.17751785590336572
sub-10	meta_metaphor	meta_L_IFG	yy	YY	word_label	yy_22	yy_22	22	0.48002693234425126
sub-10	meta_metaphor	meta_L_IFG	yy	YY	word_label	yy_14	yy_14	14	-0.042402273699445096
sub-10	meta_metaphor	meta_L_IFG	yy	YY	word_label	yy_24	yy_24	24	-0.1412986043079789
sub-10	meta_metaphor	meta_L_IFG	yy	YY	word_label	yy_4	yy_4	4	0.6174041326156328
sub-10	meta_metaphor	meta_L_IFG	yy	YY	word_label	yy_33	yy_33	33	-0.04629302276492771
sub-10	meta_metaphor	meta_L_IFG	yy	YY	word_label	yy_32	yy_32	32	0.4362943729170273
sub-10	meta_metaphor	meta_L_IFG	yy	YY	word_label	yy_10	yy_10	10	0.2786566103669737
sub-10	meta_metaphor	meta_L_IFG	yy	YY	word_label	yy_1	yy_1	1	0.12484269046003309
sub-10	meta_metaphor	meta_L_IFG	yy	YY	word_label	yy_17	yy_17	17	-0.08984134497877946
sub-10	meta_metaphor	meta_L_IFG	yy	YY	word_label	yy_26	yy_26	26	0.39416838586429487
sub-10	meta_metaphor	meta_L_IFG	yy	YY	word_label	yy_15	yy_15	15	-0.5135850987752455
sub-10	meta_metaphor	meta_L_IFG	yy	YY	word_label	yy_39	yy_39	39	0.17470396433259486
sub-10	meta_metaphor	meta_L_IFG	yy	YY	word_label	yy_3	yy_3	3	-0.18959053319363792
sub-10	meta_metaphor	meta_L_IFG	yy	YY	word_label	yy_11	yy_11	11	0.19909200355014373
sub-10	meta_metaphor	meta_L_IFG	yy	YY	word_label	yy_35	yy_35	35	-0.09809825392377719
sub-10	meta_metaphor	meta_L_IFG	yy	YY	word_label	yy_13	yy_13	13	-0.1713002480920474
sub-10	meta_metaphor	meta_L_IFG	yy	YY	word_label	yy_36	yy_36	36	-0.2685268178437828
sub-10	meta_metaphor	meta_L_IFG	yy	YY	word_label	yy_37	yy_37	37	0.6063887052351158
sub-10	meta_metaphor	meta_L_IFG	yy	YY	word_label	yy_7	yy_7	7	-0.1636051554973757
sub-10	meta_metaphor	meta_L_IFG	yy	YY	word_label	yy_40	yy_40	40	-0.024630720838639694
sub-10	meta_metaphor	meta_L_IFG	yy	YY	word_label	yy_8	yy_8	8	0.38834575136005045
sub-10	meta_metaphor	meta_L_IFG	yy	YY	word_label	yy_19	yy_19	19	0.07192878803508647
sub-10	meta_metaphor	meta_L_IFG	yy	YY	word_label	yy_23	yy_23	23	0.09047331506966877
sub-10	meta_metaphor	meta_L_IFG	yy	YY	word_label	yy_12	yy_12	12	0.45284432112819234
sub-10	meta_metaphor	meta_L_IFG	yy	YY	word_label	yy_6	yy_6	6	0.12128669264036092
sub-10	meta_metaphor	meta_L_IFG	yy	YY	word_label	yy_16	yy_16	16	-0.22164064054042368
sub-10	meta_metaphor	meta_L_IFG	yy	YY	word_label	yy_21	yy_21	21	-0.5106214322892534
sub-10	meta_metaphor	meta_L_IFG	yy	YY	word_label	yy_2	yy_2	2	-0.19523659755489706
sub-10	meta_metaphor	meta_L_IFG	yy	YY	word_label	yy_9	yy_9	9	-0.04845275909394164
sub-10	meta_metaphor	meta_L_IFG	yy	YY	word_label	yy_27	yy_27	27	-0.16208550081363518
sub-10	meta_metaphor	meta_L_IFG	yy	YY	word_label	yy_5	yy_5	5	-0.06980990079396729
sub-10	meta_metaphor	meta_L_IFG	yy	YY	word_label	yy_38	yy_38	38	0.0381301003906479
sub-10	meta_metaphor	meta_L_IFG	yy	YY	word_label	yy_28	yy_28	28	-0.015495815330542732
sub-10	meta_metaphor	meta_L_IFG	yy	YY	word_label	yy_18	yy_18	18	-0.010815878162222884
sub-10	meta_metaphor	meta_L_IFG	kj	KJ	word_label	kj_27	kj_27	27	0.1725056509216231
sub-10	meta_metaphor	meta_L_IFG	kj	KJ	word_label	kj_2	kj_2	2	0.25914045029701893
sub-10	meta_metaphor	meta_L_IFG	kj	KJ	word_label	kj_26	kj_26	26	0.19787773663527977
sub-10	meta_metaphor	meta_L_IFG	kj	KJ	word_label	kj_19	kj_19	19	0.0901200892884844
sub-10	meta_metaphor	meta_L_IFG	kj	KJ	word_label	kj_22	kj_22	22	-0.203102760596164
sub-10	meta_metaphor	meta_L_IFG	kj	KJ	word_label	kj_5	kj_5	5	0.23963260772222172
sub-10	meta_metaphor	meta_L_IFG	kj	KJ	word_label	kj_38	kj_38	38	0.1275947006484092
sub-10	meta_metaphor	meta_L_IFG	kj	KJ	word_label	kj_1	kj_1	1	-0.23211522572758422
sub-10	meta_metaphor	meta_L_IFG	kj	KJ	word_label	kj_33	kj_33	33	0.26967268571783715
sub-10	meta_metaphor	meta_L_IFG	kj	KJ	word_label	kj_8	kj_8	8	0.07725377471205973
sub-10	meta_metaphor	meta_L_IFG	kj	KJ	word_label	kj_14	kj_14	14	0.09777442657454372
sub-10	meta_metaphor	meta_L_IFG	kj	KJ	word_label	kj_16	kj_16	16	-0.33604351065125426
sub-10	meta_metaphor	meta_L_IFG	kj	KJ	word_label	kj_25	kj_25	25	-0.023228050130002967
sub-10	meta_metaphor	meta_L_IFG	kj	KJ	word_label	kj_28	kj_28	28	0.42840323541352093
sub-10	meta_metaphor	meta_L_IFG	kj	KJ	word_label	kj_34	kj_34	34	-0.0004118274295385069
sub-10	meta_metaphor	meta_L_IFG	kj	KJ	word_label	kj_15	kj_15	15	0.33643877588273985
sub-10	meta_metaphor	meta_L_IFG	kj	KJ	word_label	kj_7	kj_7	7	0.10676411370694185
sub-10	meta_metaphor	meta_L_IFG	kj	KJ	word_label	kj_24	kj_24	24	-0.11948961584766157
sub-10	meta_metaphor	meta_L_IFG	kj	KJ	word_label	kj_9	kj_9	9	0.008692960812160653
sub-10	meta_metaphor	meta_L_IFG	kj	KJ	word_label	kj_6	kj_6	6	0.09561500575340298
sub-10	meta_metaphor	meta_L_IFG	kj	KJ	word_label	kj_13	kj_13	13	0.3778142593610712
sub-10	meta_metaphor	meta_L_IFG	kj	KJ	word_label	kj_11	kj_11	11	0.11366154205239422
sub-10	meta_metaphor	meta_L_IFG	kj	KJ	word_label	kj_20	kj_20	20	-0.038700975463103394
sub-10	meta_metaphor	meta_L_IFG	kj	KJ	word_label	kj_21	kj_21	21	0.07835561012018484
sub-10	meta_metaphor	meta_L_IFG	kj	KJ	word_label	kj_3	kj_3	3	-0.15084861213997186
sub-10	meta_metaphor	meta_L_IFG	kj	KJ	word_label	kj_29	kj_29	29	0.4270053775775046
sub-10	meta_metaphor	meta_L_IFG	kj	KJ	word_label	kj_37	kj_37	37	0.08167461725432602
sub-10	meta_metaphor	meta_L_IFG	kj	KJ	word_label	kj_30	kj_30	30	0.167235932548795
sub-10	meta_metaphor	meta_L_IFG	kj	KJ	word_label	kj_17	kj_17	17	0.3438485540950074
sub-10	meta_metaphor	meta_L_IFG	kj	KJ	word_label	kj_23	kj_23	23	-0.04757235571496437
sub-10	meta_metaphor	meta_L_IFG	kj	KJ	word_label	kj_31	kj_31	31	-0.049366375997101454
sub-10	meta_metaphor	meta_L_IFG	kj	KJ	word_label	kj_12	kj_12	12	-0.19733836863601414
sub-10	meta_metaphor	meta_L_IFG	kj	KJ	word_label	kj_36	kj_36	36	0.27206989886491756
sub-10	meta_metaphor	meta_L_IFG	kj	KJ	word_label	kj_39	kj_39	39	0.3060787368441701
sub-10	meta_metaphor	meta_L_IFG	kj	KJ	word_label	kj_10	kj_10	10	-0.1730413441325227
sub-10	meta_metaphor	meta_L_pMTG_pSTS	yy	YY	word_label	yy_29	yy_29	29	0.09726479336451137
sub-10	meta_metaphor	meta_L_pMTG_pSTS	yy	YY	word_label	yy_22	yy_22	22	0.10583278493266134
sub-10	meta_metaphor	meta_L_pMTG_pSTS	yy	YY	word_label	yy_14	yy_14	14	0.4194592110694027
sub-10	meta_metaphor	meta_L_pMTG_pSTS	yy	YY	word_label	yy_24	yy_24	24	0.19943258507007522
sub-10	meta_metaphor	meta_L_pMTG_pSTS	yy	YY	word_label	yy_4	yy_4	4	0.7337312050144947
sub-10	meta_metaphor	meta_L_pMTG_pSTS	yy	YY	word_label	yy_33	yy_33	33	0.20796076710706596
sub-10	meta_metaphor	meta_L_pMTG_pSTS	yy	YY	word_label	yy_32	yy_32	32	0.2602122765247918
sub-10	meta_metaphor	meta_L_pMTG_pSTS	yy	YY	word_label	yy_10	yy_10	10	0.4270511916896077
sub-10	meta_metaphor	meta_L_pMTG_pSTS	yy	YY	word_label	yy_1	yy_1	1	-0.2613451950777967
sub-10	meta_metaphor	meta_L_pMTG_pSTS	yy	YY	word_label	yy_17	yy_17	17	0.5169705603164864
sub-10	meta_metaphor	meta_L_pMTG_pSTS	yy	YY	word_label	yy_26	yy_26	26	-0.009379151158426314
sub-10	meta_metaphor	meta_L_pMTG_pSTS	yy	YY	word_label	yy_15	yy_15	15	0.8077930999953866
sub-10	meta_metaphor	meta_L_pMTG_pSTS	yy	YY	word_label	yy_39	yy_39	39	-0.10776302014547094
sub-10	meta_metaphor	meta_L_pMTG_pSTS	yy	YY	word_label	yy_3	yy_3	3	0.1116766011138825
sub-10	meta_metaphor	meta_L_pMTG_pSTS	yy	YY	word_label	yy_11	yy_11	11	0.23559928177141354
sub-10	meta_metaphor	meta_L_pMTG_pSTS	yy	YY	word_label	yy_35	yy_35	35	0.25185548330892815
sub-10	meta_metaphor	meta_L_pMTG_pSTS	yy	YY	word_label	yy_13	yy_13	13	-0.44584973914928
sub-10	meta_metaphor	meta_L_pMTG_pSTS	yy	YY	word_label	yy_36	yy_36	36	0.18812818185779626
sub-10	meta_metaphor	meta_L_pMTG_pSTS	yy	YY	word_label	yy_37	yy_37	37	0.2630992695644163
sub-10	meta_metaphor	meta_L_pMTG_pSTS	yy	YY	word_label	yy_7	yy_7	7	-0.22152012999471146
sub-10	meta_metaphor	meta_L_pMTG_pSTS	yy	YY	word_label	yy_40	yy_40	40	0.24138585705885537
sub-10	meta_metaphor	meta_L_pMTG_pSTS	yy	YY	word_label	yy_8	yy_8	8	-0.21189063967659072
sub-10	meta_metaphor	meta_L_pMTG_pSTS	yy	YY	word_label	yy_19	yy_19	19	-0.21920926490796674
sub-10	meta_metaphor	meta_L_pMTG_pSTS	yy	YY	word_label	yy_23	yy_23	23	-0.10207704910296236
sub-10	meta_metaphor	meta_L_pMTG_pSTS	yy	YY	word_label	yy_12	yy_12	12	0.6233360272124415
sub-10	meta_metaphor	meta_L_pMTG_pSTS	yy	YY	word_label	yy_6	yy_6	6	0.2198607945602055
sub-10	meta_metaphor	meta_L_pMTG_pSTS	yy	YY	word_label	yy_16	yy_16	16	0.48065447805430106
sub-10	meta_metaphor	meta_L_pMTG_pSTS	yy	YY	word_label	yy_21	yy_21	21	-0.05735769642125621
sub-10	meta_metaphor	meta_L_pMTG_pSTS	yy	YY	word_label	yy_2	yy_2	2	0.10990742834397983
sub-10	meta_metaphor	meta_L_pMTG_pSTS	yy	YY	word_label	yy_9	yy_9	9	-0.23739893242907362
sub-10	meta_metaphor	meta_L_pMTG_pSTS	yy	YY	word_label	yy_27	yy_27	27	0.1687647682931056
sub-10	meta_metaphor	meta_L_pMTG_pSTS	yy	YY	word_label	yy_5	yy_5	5	-0.3658591835018513
sub-10	meta_metaphor	meta_L_pMTG_pSTS	yy	YY	word_label	yy_38	yy_38	38	0.08404812126225081
sub-10	meta_metaphor	meta_L_pMTG_pSTS	yy	YY	word_label	yy_28	yy_28	28	0.13363191647454553
sub-10	meta_metaphor	meta_L_pMTG_pSTS	yy	YY	word_label	yy_18	yy_18	18	-0.31683736912897037
sub-10	meta_metaphor	meta_L_pMTG_pSTS	kj	KJ	word_label	kj_27	kj_27	27	0.21504758077022032
sub-10	meta_metaphor	meta_L_pMTG_pSTS	kj	KJ	word_label	kj_2	kj_2	2	0.09387497778964193
sub-10	meta_metaphor	meta_L_pMTG_pSTS	kj	KJ	word_label	kj_26	kj_26	26	0.21783199027662734
sub-10	meta_metaphor	meta_L_pMTG_pSTS	kj	KJ	word_label	kj_19	kj_19	19	0.5055894800109934
sub-10	meta_metaphor	meta_L_pMTG_pSTS	kj	KJ	word_label	kj_22	kj_22	22	0.10337038649028096
sub-10	meta_metaphor	meta_L_pMTG_pSTS	kj	KJ	word_label	kj_5	kj_5	5	0.23481894496266106
sub-10	meta_metaphor	meta_L_pMTG_pSTS	kj	KJ	word_label	kj_38	kj_38	38	-0.03406497809387517
sub-10	meta_metaphor	meta_L_pMTG_pSTS	kj	KJ	word_label	kj_1	kj_1	1	-0.24332283982383585
sub-10	meta_metaphor	meta_L_pMTG_pSTS	kj	KJ	word_label	kj_33	kj_33	33	0.4563205101837203
sub-10	meta_metaphor	meta_L_pMTG_pSTS	kj	KJ	word_label	kj_8	kj_8	8	-0.10796320641750781
sub-10	meta_metaphor	meta_L_pMTG_pSTS	kj	KJ	word_label	kj_14	kj_14	14	-0.41215631403964387
sub-10	meta_metaphor	meta_L_pMTG_pSTS	kj	KJ	word_label	kj_16	kj_16	16	0.5650565393953154
sub-10	meta_metaphor	meta_L_pMTG_pSTS	kj	KJ	word_label	kj_25	kj_25	25	-0.10884242428847991
sub-10	meta_metaphor	meta_L_pMTG_pSTS	kj	KJ	word_label	kj_28	kj_28	28	0.18202455251530736
sub-10	meta_metaphor	meta_L_pMTG_pSTS	kj	KJ	word_label	kj_34	kj_34	34	0.6013456257334048
sub-10	meta_metaphor	meta_L_pMTG_pSTS	kj	KJ	word_label	kj_15	kj_15	15	0.5072808917183473
sub-10	meta_metaphor	meta_L_pMTG_pSTS	kj	KJ	word_label	kj_7	kj_7	7	-0.2766630112489098
sub-10	meta_metaphor	meta_L_pMTG_pSTS	kj	KJ	word_label	kj_24	kj_24	24	0.0070644619634980844
sub-10	meta_metaphor	meta_L_pMTG_pSTS	kj	KJ	word_label	kj_9	kj_9	9	-0.4115966704330133
sub-10	meta_metaphor	meta_L_pMTG_pSTS	kj	KJ	word_label	kj_6	kj_6	6	-0.3711232183716063
sub-10	meta_metaphor	meta_L_pMTG_pSTS	kj	KJ	word_label	kj_13	kj_13	13	0.47966956056108767
sub-10	meta_metaphor	meta_L_pMTG_pSTS	kj	KJ	word_label	kj_11	kj_11	11	0.2580837480551172
sub-10	meta_metaphor	meta_L_pMTG_pSTS	kj	KJ	word_label	kj_20	kj_20	20	0.285323028035571
sub-10	meta_metaphor	meta_L_pMTG_pSTS	kj	KJ	word_label	kj_21	kj_21	21	-0.22774189616349574
sub-10	meta_metaphor	meta_L_pMTG_pSTS	kj	KJ	word_label	kj_3	kj_3	3	-0.468001038908077
sub-10	meta_metaphor	meta_L_pMTG_pSTS	kj	KJ	word_label	kj_29	kj_29	29	0.03304325904805598
sub-10	meta_metaphor	meta_L_pMTG_pSTS	kj	KJ	word_label	kj_37	kj_37	37	-0.12151229781982453
sub-10	meta_metaphor	meta_L_pMTG_pSTS	kj	KJ	word_label	kj_30	kj_30	30	0.3899495120023801
sub-10	meta_metaphor	meta_L_pMTG_pSTS	kj	KJ	word_label	kj_17	kj_17	17	0.43972785518229235
sub-10	meta_metaphor	meta_L_pMTG_pSTS	kj	KJ	word_label	kj_23	kj_23	23	0.33746890338355584
sub-10	meta_metaphor	meta_L_pMTG_pSTS	kj	KJ	word_label	kj_31	kj_31	31	0.06633204029702656
sub-10	meta_metaphor	meta_L_pMTG_pSTS	kj	KJ	word_label	kj_12	kj_12	12	-0.4950989845275645
sub-10	meta_metaphor	meta_L_pMTG_pSTS	kj	KJ	word_label	kj_36	kj_36	36	-0.2037123862674579
sub-10	meta_metaphor	meta_L_pMTG_pSTS	kj	KJ	word_label	kj_39	kj_39	39	0.5536230865293003
sub-10	meta_metaphor	meta_L_pMTG_pSTS	kj	KJ	word_label	kj_10	kj_10	10	-0.3539853712699143
sub-10	meta_metaphor	meta_L_temporal_pole	yy	YY	word_label	yy_29	yy_29	29	-0.10973129051429466
sub-10	meta_metaphor	meta_L_temporal_pole	yy	YY	word_label	yy_22	yy_22	22	0.19006844218998498
sub-10	meta_metaphor	meta_L_temporal_pole	yy	YY	word_label	yy_14	yy_14	14	0.28333783148252745
sub-10	meta_metaphor	meta_L_temporal_pole	yy	YY	word_label	yy_24	yy_24	24	0.01577936576954738
sub-10	meta_metaphor	meta_L_temporal_pole	yy	YY	word_label	yy_4	yy_4	4	-0.1060546319868312
sub-10	meta_metaphor	meta_L_temporal_pole	yy	YY	word_label	yy_33	yy_33	33	0.28307707831355694
sub-10	meta_metaphor	meta_L_temporal_pole	yy	YY	word_label	yy_32	yy_32	32	-0.07622288040377702
sub-10	meta_metaphor	meta_L_temporal_pole	yy	YY	word_label	yy_10	yy_10	10	-0.1780529533208231
sub-10	meta_metaphor	meta_L_temporal_pole	yy	YY	word_label	yy_1	yy_1	1	0.1079609640358132
sub-10	meta_metaphor	meta_L_temporal_pole	yy	YY	word_label	yy_17	yy_17	17	0.20000226674634064
sub-10	meta_metaphor	meta_L_temporal_pole	yy	YY	word_label	yy_26	yy_26	26	-0.0015268263916368555
sub-10	meta_metaphor	meta_L_temporal_pole	yy	YY	word_label	yy_15	yy_15	15	-0.37500363972333495
sub-10	meta_metaphor	meta_L_temporal_pole	yy	YY	word_label	yy_39	yy_39	39	0.5304466759173557
sub-10	meta_metaphor	meta_L_temporal_pole	yy	YY	word_label	yy_3	yy_3	3	-0.06055211891082316
sub-10	meta_metaphor	meta_L_temporal_pole	yy	YY	word_label	yy_11	yy_11	11	0.12758928091853017
sub-10	meta_metaphor	meta_L_temporal_pole	yy	YY	word_label	yy_35	yy_35	35	0.3682212222061091
sub-10	meta_metaphor	meta_L_temporal_pole	yy	YY	word_label	yy_13	yy_13	13	-0.3219561034103294
sub-10	meta_metaphor	meta_L_temporal_pole	yy	YY	word_label	yy_36	yy_36	36	-0.0344857769765491
sub-10	meta_metaphor	meta_L_temporal_pole	yy	YY	word_label	yy_37	yy_37	37	-0.11933293113584446
sub-10	meta_metaphor	meta_L_temporal_pole	yy	YY	word_label	yy_7	yy_7	7	0.09022329621026827
sub-10	meta_metaphor	meta_L_temporal_pole	yy	YY	word_label	yy_40	yy_40	40	-0.1748834008219973
sub-10	meta_metaphor	meta_L_temporal_pole	yy	YY	word_label	yy_8	yy_8	8	0.2631892103335277
sub-10	meta_metaphor	meta_L_temporal_pole	yy	YY	word_label	yy_19	yy_19	19	0.4573659025659963
sub-10	meta_metaphor	meta_L_temporal_pole	yy	YY	word_label	yy_23	yy_23	23	0.24459833452761268
sub-10	meta_metaphor	meta_L_temporal_pole	yy	YY	word_label	yy_12	yy_12	12	0.01664143431898677
sub-10	meta_metaphor	meta_L_temporal_pole	yy	YY	word_label	yy_6	yy_6	6	0.09749350019158749
sub-10	meta_metaphor	meta_L_temporal_pole	yy	YY	word_label	yy_16	yy_16	16	-0.5697157632751413
sub-10	meta_metaphor	meta_L_temporal_pole	yy	YY	word_label	yy_21	yy_21	21	-0.05033927274777028
sub-10	meta_metaphor	meta_L_temporal_pole	yy	YY	word_label	yy_2	yy_2	2	-0.1269980291845682
sub-10	meta_metaphor	meta_L_temporal_pole	yy	YY	word_label	yy_9	yy_9	9	0.41173306665451437
sub-10	meta_metaphor	meta_L_temporal_pole	yy	YY	word_label	yy_27	yy_27	27	0.4146291404516795
sub-10	meta_metaphor	meta_L_temporal_pole	yy	YY	word_label	yy_5	yy_5	5	-0.17822505949793532
sub-10	meta_metaphor	meta_L_temporal_pole	yy	YY	word_label	yy_38	yy_38	38	0.4712116961143245
sub-10	meta_metaphor	meta_L_temporal_pole	yy	YY	word_label	yy_28	yy_28	28	0.4562060636606015
sub-10	meta_metaphor	meta_L_temporal_pole	yy	YY	word_label	yy_18	yy_18	18	0.10935201749427241
sub-10	meta_metaphor	meta_L_temporal_pole	kj	KJ	word_label	kj_27	kj_27	27	0.05385506337863753
sub-10	meta_metaphor	meta_L_temporal_pole	kj	KJ	word_label	kj_2	kj_2	2	0.11330933872676362
sub-10	meta_metaphor	meta_L_temporal_pole	kj	KJ	word_label	kj_26	kj_26	26	-0.0725510187613442
sub-10	meta_metaphor	meta_L_temporal_pole	kj	KJ	word_label	kj_19	kj_19	19	-0.10290621553469805
sub-10	meta_metaphor	meta_L_temporal_pole	kj	KJ	word_label	kj_22	kj_22	22	-0.137065449887333
sub-10	meta_metaphor	meta_L_temporal_pole	kj	KJ	word_label	kj_5	kj_5	5	-0.1576299906869414
sub-10	meta_metaphor	meta_L_temporal_pole	kj	KJ	word_label	kj_38	kj_38	38	-0.12231775698878228
sub-10	meta_metaphor	meta_L_temporal_pole	kj	KJ	word_label	kj_1	kj_1	1	0.3676838585717318
sub-10	meta_metaphor	meta_L_temporal_pole	kj	KJ	word_label	kj_33	kj_33	33	-0.16046701232861102
sub-10	meta_metaphor	meta_L_temporal_pole	kj	KJ	word_label	kj_8	kj_8	8	-0.019881480818803168
sub-10	meta_metaphor	meta_L_temporal_pole	kj	KJ	word_label	kj_14	kj_14	14	-0.29398196588532777
sub-10	meta_metaphor	meta_L_temporal_pole	kj	KJ	word_label	kj_16	kj_16	16	-0.4842340505136005
sub-10	meta_metaphor	meta_L_temporal_pole	kj	KJ	word_label	kj_25	kj_25	25	0.17112094177114803
sub-10	meta_metaphor	meta_L_temporal_pole	kj	KJ	word_label	kj_28	kj_28	28	-0.4057690763767205
sub-10	meta_metaphor	meta_L_temporal_pole	kj	KJ	word_label	kj_34	kj_34	34	-0.4979052462016099
sub-10	meta_metaphor	meta_L_temporal_pole	kj	KJ	word_label	kj_15	kj_15	15	0.07670570534540963
sub-10	meta_metaphor	meta_L_temporal_pole	kj	KJ	word_label	kj_7	kj_7	7	-0.1928685560640656
sub-10	meta_metaphor	meta_L_temporal_pole	kj	KJ	word_label	kj_24	kj_24	24	-0.08439625545743773
sub-10	meta_metaphor	meta_L_temporal_pole	kj	KJ	word_label	kj_9	kj_9	9	-0.21935227910933855
sub-10	meta_metaphor	meta_L_temporal_pole	kj	KJ	word_label	kj_6	kj_6	6	0.15572670524946752
sub-10	meta_metaphor	meta_L_temporal_pole	kj	KJ	word_label	kj_13	kj_13	13	0.5405739415518661
sub-10	meta_metaphor	meta_L_temporal_pole	kj	KJ	word_label	kj_11	kj_11	11	0.34573052571150614
sub-10	meta_metaphor	meta_L_temporal_pole	kj	KJ	word_label	kj_20	kj_20	20	0.19607560919031952
sub-10	meta_metaphor	meta_L_temporal_pole	kj	KJ	word_label	kj_21	kj_21	21	0.07240896186170567
sub-10	meta_metaphor	meta_L_temporal_pole	kj	KJ	word_label	kj_3	kj_3	3	-0.11567331313716664
sub-10	meta_metaphor	meta_L_temporal_pole	kj	KJ	word_label	kj_29	kj_29	29	0.04651111027772407
sub-10	meta_metaphor	meta_L_temporal_pole	kj	KJ	word_label	kj_37	kj_37	37	0.0011687102367898064
sub-10	meta_metaphor	meta_L_temporal_pole	kj	KJ	word_label	kj_30	kj_30	30	0.39477915316699436
sub-10	meta_metaphor	meta_L_temporal_pole	kj	KJ	word_label	kj_17	kj_17	17	-0.35221228372688673
sub-10	meta_metaphor	meta_L_temporal_pole	kj	KJ	word_label	kj_23	kj_23	23	0.17602872485963475
sub-10	meta_metaphor	meta_L_temporal_pole	kj	KJ	word_label	kj_31	kj_31	31	-0.37101347272363505
sub-10	meta_metaphor	meta_L_temporal_pole	kj	KJ	word_label	kj_12	kj_12	12	0.136426838880286
sub-10	meta_metaphor	meta_L_temporal_pole	kj	KJ	word_label	kj_36	kj_36	36	0.2979477903941018
sub-10	meta_metaphor	meta_L_temporal_pole	kj	KJ	word_label	kj_39	kj_39	39	-0.04508028536241022
sub-10	meta_metaphor	meta_L_temporal_pole	kj	KJ	word_label	kj_10	kj_10	10	-0.20776062451238256
sub-10	meta_metaphor	meta_R_AG	yy	YY	word_label	yy_29	yy_29	29	-0.2393143747431844
sub-10	meta_metaphor	meta_R_AG	yy	YY	word_label	yy_22	yy_22	22	-0.09333463221197867
sub-10	meta_metaphor	meta_R_AG	yy	YY	word_label	yy_14	yy_14	14	0.38486519086242094
sub-10	meta_metaphor	meta_R_AG	yy	YY	word_label	yy_24	yy_24	24	0.45304716799307054
sub-10	meta_metaphor	meta_R_AG	yy	YY	word_label	yy_4	yy_4	4	0.27841061026042063
sub-10	meta_metaphor	meta_R_AG	yy	YY	word_label	yy_33	yy_33	33	0.2668181916351426
sub-10	meta_metaphor	meta_R_AG	yy	YY	word_label	yy_32	yy_32	32	-0.03258382801205642
sub-10	meta_metaphor	meta_R_AG	yy	YY	word_label	yy_10	yy_10	10	-0.18629869920311476
sub-10	meta_metaphor	meta_R_AG	yy	YY	word_label	yy_1	yy_1	1	0.2263431090589139
sub-10	meta_metaphor	meta_R_AG	yy	YY	word_label	yy_17	yy_17	17	0.0085887013656962
sub-10	meta_metaphor	meta_R_AG	yy	YY	word_label	yy_26	yy_26	26	-0.008133067117141426
sub-10	meta_metaphor	meta_R_AG	yy	YY	word_label	yy_15	yy_15	15	0.3358155500799667
sub-10	meta_metaphor	meta_R_AG	yy	YY	word_label	yy_39	yy_39	39	0.20433348233924115
sub-10	meta_metaphor	meta_R_AG	yy	YY	word_label	yy_3	yy_3	3	0.26604484564734293
sub-10	meta_metaphor	meta_R_AG	yy	YY	word_label	yy_11	yy_11	11	-0.09028603801455305
sub-10	meta_metaphor	meta_R_AG	yy	YY	word_label	yy_35	yy_35	35	0.41297673871566487
sub-10	meta_metaphor	meta_R_AG	yy	YY	word_label	yy_13	yy_13	13	-0.29367790919600295
sub-10	meta_metaphor	meta_R_AG	yy	YY	word_label	yy_36	yy_36	36	0.07277526438066075
sub-10	meta_metaphor	meta_R_AG	yy	YY	word_label	yy_37	yy_37	37	0.03618949513081938
sub-10	meta_metaphor	meta_R_AG	yy	YY	word_label	yy_7	yy_7	7	0.2306318899616564
sub-10	meta_metaphor	meta_R_AG	yy	YY	word_label	yy_40	yy_40	40	0.485496262662249
sub-10	meta_metaphor	meta_R_AG	yy	YY	word_label	yy_8	yy_8	8	0.08951946312348279
sub-10	meta_metaphor	meta_R_AG	yy	YY	word_label	yy_19	yy_19	19	0.43323576024523774
sub-10	meta_metaphor	meta_R_AG	yy	YY	word_label	yy_23	yy_23	23	0.4244194633244057
sub-10	meta_metaphor	meta_R_AG	yy	YY	word_label	yy_12	yy_12	12	0.1388403589963293
sub-10	meta_metaphor	meta_R_AG	yy	YY	word_label	yy_6	yy_6	6	0.07041644720407442
sub-10	meta_metaphor	meta_R_AG	yy	YY	word_label	yy_16	yy_16	16	-0.30221105263640435
sub-10	meta_metaphor	meta_R_AG	yy	YY	word_label	yy_21	yy_21	21	0.5147399800306915
sub-10	meta_metaphor	meta_R_AG	yy	YY	word_label	yy_2	yy_2	2	0.07963422790839032
sub-10	meta_metaphor	meta_R_AG	yy	YY	word_label	yy_9	yy_9	9	-0.23357259860264834
sub-10	meta_metaphor	meta_R_AG	yy	YY	word_label	yy_27	yy_27	27	0.22854506026863547
sub-10	meta_metaphor	meta_R_AG	yy	YY	word_label	yy_5	yy_5	5	0.3842043261875946
sub-10	meta_metaphor	meta_R_AG	yy	YY	word_label	yy_38	yy_38	38	-0.37823823750358104
sub-10	meta_metaphor	meta_R_AG	yy	YY	word_label	yy_28	yy_28	28	0.006619067871411657
sub-10	meta_metaphor	meta_R_AG	yy	YY	word_label	yy_18	yy_18	18	0.15922702861435678
sub-10	meta_metaphor	meta_R_AG	kj	KJ	word_label	kj_27	kj_27	27	0.07119750638380253
sub-10	meta_metaphor	meta_R_AG	kj	KJ	word_label	kj_2	kj_2	2	-0.3200520947211136
sub-10	meta_metaphor	meta_R_AG	kj	KJ	word_label	kj_26	kj_26	26	-0.24159645149964495
sub-10	meta_metaphor	meta_R_AG	kj	KJ	word_label	kj_19	kj_19	19	0.6634957550516195
sub-10	meta_metaphor	meta_R_AG	kj	KJ	word_label	kj_22	kj_22	22	0.0567428999420565
sub-10	meta_metaphor	meta_R_AG	kj	KJ	word_label	kj_5	kj_5	5	-0.47364223169619846
sub-10	meta_metaphor	meta_R_AG	kj	KJ	word_label	kj_38	kj_38	38	0.4121049045637035
sub-10	meta_metaphor	meta_R_AG	kj	KJ	word_label	kj_1	kj_1	1	-0.015486863912926653
sub-10	meta_metaphor	meta_R_AG	kj	KJ	word_label	kj_33	kj_33	33	0.24469210296494004
sub-10	meta_metaphor	meta_R_AG	kj	KJ	word_label	kj_8	kj_8	8	-0.3067515297102662
sub-10	meta_metaphor	meta_R_AG	kj	KJ	word_label	kj_14	kj_14	14	-0.26242046193797813
sub-10	meta_metaphor	meta_R_AG	kj	KJ	word_label	kj_16	kj_16	16	-0.3647216451999282
sub-10	meta_metaphor	meta_R_AG	kj	KJ	word_label	kj_25	kj_25	25	-0.3643021910855557
sub-10	meta_metaphor	meta_R_AG	kj	KJ	word_label	kj_28	kj_28	28	-0.3283418222760018
sub-10	meta_metaphor	meta_R_AG	kj	KJ	word_label	kj_34	kj_34	34	0.5125612897494218
sub-10	meta_metaphor	meta_R_AG	kj	KJ	word_label	kj_15	kj_15	15	-0.10215160903618892
sub-10	meta_metaphor	meta_R_AG	kj	KJ	word_label	kj_7	kj_7	7	0.30191024001758254
sub-10	meta_metaphor	meta_R_AG	kj	KJ	word_label	kj_24	kj_24	24	0.1859179052176304
sub-10	meta_metaphor	meta_R_AG	kj	KJ	word_label	kj_9	kj_9	9	-0.013404231967789833
sub-10	meta_metaphor	meta_R_AG	kj	KJ	word_label	kj_6	kj_6	6	0.5040577479123578
sub-10	meta_metaphor	meta_R_AG	kj	KJ	word_label	kj_13	kj_13	13	-0.18481487994935802
sub-10	meta_metaphor	meta_R_AG	kj	KJ	word_label	kj_11	kj_11	11	-0.3987415353195333
sub-10	meta_metaphor	meta_R_AG	kj	KJ	word_label	kj_20	kj_20	20	-0.5890439220067581
sub-10	meta_metaphor	meta_R_AG	kj	KJ	word_label	kj_21	kj_21	21	0.06764390104263791
sub-10	meta_metaphor	meta_R_AG	kj	KJ	word_label	kj_3	kj_3	3	0.4032860175195451
sub-10	meta_metaphor	meta_R_AG	kj	KJ	word_label	kj_29	kj_29	29	0.10065136304970154
sub-10	meta_metaphor	meta_R_AG	kj	KJ	word_label	kj_37	kj_37	37	0.15762644813884996
sub-10	meta_metaphor	meta_R_AG	kj	KJ	word_label	kj_30	kj_30	30	0.45316444467344524
sub-10	meta_metaphor	meta_R_AG	kj	KJ	word_label	kj_17	kj_17	17	0.14828606091420182
sub-10	meta_metaphor	meta_R_AG	kj	KJ	word_label	kj_23	kj_23	23	0.34527340948640556
sub-10	meta_metaphor	meta_R_AG	kj	KJ	word_label	kj_31	kj_31	31	0.15718633913731273
sub-10	meta_metaphor	meta_R_AG	kj	KJ	word_label	kj_12	kj_12	12	0.10503899228928028
sub-10	meta_metaphor	meta_R_AG	kj	KJ	word_label	kj_36	kj_36	36	-0.15893478728661561
sub-10	meta_metaphor	meta_R_AG	kj	KJ	word_label	kj_39	kj_39	39	-0.07101212718437977
sub-10	meta_metaphor	meta_R_AG	kj	KJ	word_label	kj_10	kj_10	10	0.267158738152112
sub-10	meta_metaphor	meta_R_IFG	yy	YY	word_label	yy_29	yy_29	29	-0.22247937821936234
sub-10	meta_metaphor	meta_R_IFG	yy	YY	word_label	yy_22	yy_22	22	-0.10295098379132812
sub-10	meta_metaphor	meta_R_IFG	yy	YY	word_label	yy_14	yy_14	14	-0.425879477915808
sub-10	meta_metaphor	meta_R_IFG	yy	YY	word_label	yy_24	yy_24	24	-0.19551795713787917
sub-10	meta_metaphor	meta_R_IFG	yy	YY	word_label	yy_4	yy_4	4	0.4111498386402918
sub-10	meta_metaphor	meta_R_IFG	yy	YY	word_label	yy_33	yy_33	33	0.02775918844401407
sub-10	meta_metaphor	meta_R_IFG	yy	YY	word_label	yy_32	yy_32	32	-0.4180756054312655
sub-10	meta_metaphor	meta_R_IFG	yy	YY	word_label	yy_10	yy_10	10	-0.14064561063142086
sub-10	meta_metaphor	meta_R_IFG	yy	YY	word_label	yy_1	yy_1	1	0.12342776763909526
sub-10	meta_metaphor	meta_R_IFG	yy	YY	word_label	yy_17	yy_17	17	0.649169079262793
sub-10	meta_metaphor	meta_R_IFG	yy	YY	word_label	yy_26	yy_26	26	-0.16881568279221643
sub-10	meta_metaphor	meta_R_IFG	yy	YY	word_label	yy_15	yy_15	15	-0.10905306452205285
sub-10	meta_metaphor	meta_R_IFG	yy	YY	word_label	yy_39	yy_39	39	0.04474231336770876
sub-10	meta_metaphor	meta_R_IFG	yy	YY	word_label	yy_3	yy_3	3	-0.10658505009699167
sub-10	meta_metaphor	meta_R_IFG	yy	YY	word_label	yy_11	yy_11	11	0.23107721504102144
sub-10	meta_metaphor	meta_R_IFG	yy	YY	word_label	yy_35	yy_35	35	0.09948011861049999
sub-10	meta_metaphor	meta_R_IFG	yy	YY	word_label	yy_13	yy_13	13	0.4593968869065255
sub-10	meta_metaphor	meta_R_IFG	yy	YY	word_label	yy_36	yy_36	36	-0.06613194721352803
sub-10	meta_metaphor	meta_R_IFG	yy	YY	word_label	yy_37	yy_37	37	0.40416496992070094
sub-10	meta_metaphor	meta_R_IFG	yy	YY	word_label	yy_7	yy_7	7	0.01385991153437594
sub-10	meta_metaphor	meta_R_IFG	yy	YY	word_label	yy_40	yy_40	40	-0.14555534350860483
sub-10	meta_metaphor	meta_R_IFG	yy	YY	word_label	yy_8	yy_8	8	0.27602082320157006
sub-10	meta_metaphor	meta_R_IFG	yy	YY	word_label	yy_19	yy_19	19	-0.0037796904866014896
sub-10	meta_metaphor	meta_R_IFG	yy	YY	word_label	yy_23	yy_23	23	0.30916966129794204
sub-10	meta_metaphor	meta_R_IFG	yy	YY	word_label	yy_12	yy_12	12	0.060191329104998616
sub-10	meta_metaphor	meta_R_IFG	yy	YY	word_label	yy_6	yy_6	6	0.15452157202438924
sub-10	meta_metaphor	meta_R_IFG	yy	YY	word_label	yy_16	yy_16	16	0.16634559900152757
sub-10	meta_metaphor	meta_R_IFG	yy	YY	word_label	yy_21	yy_21	21	0.30080568671526725
sub-10	meta_metaphor	meta_R_IFG	yy	YY	word_label	yy_2	yy_2	2	-0.0008547091351471713
sub-10	meta_metaphor	meta_R_IFG	yy	YY	word_label	yy_9	yy_9	9	-0.26112458269306177
sub-10	meta_metaphor	meta_R_IFG	yy	YY	word_label	yy_27	yy_27	27	0.5376336682836227
sub-10	meta_metaphor	meta_R_IFG	yy	YY	word_label	yy_5	yy_5	5	0.4514060798406884
sub-10	meta_metaphor	meta_R_IFG	yy	YY	word_label	yy_38	yy_38	38	-0.41102221240800413
sub-10	meta_metaphor	meta_R_IFG	yy	YY	word_label	yy_28	yy_28	28	0.12552944823499962
sub-10	meta_metaphor	meta_R_IFG	yy	YY	word_label	yy_18	yy_18	18	0.25590009330548585
sub-10	meta_metaphor	meta_R_IFG	kj	KJ	word_label	kj_27	kj_27	27	-0.5564116737471017
sub-10	meta_metaphor	meta_R_IFG	kj	KJ	word_label	kj_2	kj_2	2	-0.4432802744710678
sub-10	meta_metaphor	meta_R_IFG	kj	KJ	word_label	kj_26	kj_26	26	-0.09843429094981054
sub-10	meta_metaphor	meta_R_IFG	kj	KJ	word_label	kj_19	kj_19	19	0.019465027757451004
sub-10	meta_metaphor	meta_R_IFG	kj	KJ	word_label	kj_22	kj_22	22	0.1949000683915533
sub-10	meta_metaphor	meta_R_IFG	kj	KJ	word_label	kj_5	kj_5	5	-0.2505552235736035
sub-10	meta_metaphor	meta_R_IFG	kj	KJ	word_label	kj_38	kj_38	38	-0.2592256266181123
sub-10	meta_metaphor	meta_R_IFG	kj	KJ	word_label	kj_1	kj_1	1	0.09490069864179998
sub-10	meta_metaphor	meta_R_IFG	kj	KJ	word_label	kj_33	kj_33	33	0.38135799046752356
sub-10	meta_metaphor	meta_R_IFG	kj	KJ	word_label	kj_8	kj_8	8	-0.38437319130802144
sub-10	meta_metaphor	meta_R_IFG	kj	KJ	word_label	kj_14	kj_14	14	-0.2228166897298954
sub-10	meta_metaphor	meta_R_IFG	kj	KJ	word_label	kj_16	kj_16	16	0.2657370294188452
sub-10	meta_metaphor	meta_R_IFG	kj	KJ	word_label	kj_25	kj_25	25	0.04585587857768629
sub-10	meta_metaphor	meta_R_IFG	kj	KJ	word_label	kj_28	kj_28	28	-0.3130190504194503
sub-10	meta_metaphor	meta_R_IFG	kj	KJ	word_label	kj_34	kj_34	34	0.2138650053962414
sub-10	meta_metaphor	meta_R_IFG	kj	KJ	word_label	kj_15	kj_15	15	0.6411583288672162
sub-10	meta_metaphor	meta_R_IFG	kj	KJ	word_label	kj_7	kj_7	7	-0.35816476340887016
sub-10	meta_metaphor	meta_R_IFG	kj	KJ	word_label	kj_24	kj_24	24	0.17182718275494252
sub-10	meta_metaphor	meta_R_IFG	kj	KJ	word_label	kj_9	kj_9	9	-0.014269494416150424
sub-10	meta_metaphor	meta_R_IFG	kj	KJ	word_label	kj_6	kj_6	6	-0.3830743733470568
sub-10	meta_metaphor	meta_R_IFG	kj	KJ	word_label	kj_13	kj_13	13	-0.13115085048128197
sub-10	meta_metaphor	meta_R_IFG	kj	KJ	word_label	kj_11	kj_11	11	0.03563528542961389
sub-10	meta_metaphor	meta_R_IFG	kj	KJ	word_label	kj_20	kj_20	20	0.14446554899582512
sub-10	meta_metaphor	meta_R_IFG	kj	KJ	word_label	kj_21	kj_21	21	0.07446418158986626
sub-10	meta_metaphor	meta_R_IFG	kj	KJ	word_label	kj_3	kj_3	3	-0.20395542511291642
sub-10	meta_metaphor	meta_R_IFG	kj	KJ	word_label	kj_29	kj_29	29	0.0774533047934785
sub-10	meta_metaphor	meta_R_IFG	kj	KJ	word_label	kj_37	kj_37	37	-0.37749272770513187
sub-10	meta_metaphor	meta_R_IFG	kj	KJ	word_label	kj_30	kj_30	30	-0.03766578762304927
sub-10	meta_metaphor	meta_R_IFG	kj	KJ	word_label	kj_17	kj_17	17	0.08675882133214334
sub-10	meta_metaphor	meta_R_IFG	kj	KJ	word_label	kj_23	kj_23	23	-0.3666727630645362
sub-10	meta_metaphor	meta_R_IFG	kj	KJ	word_label	kj_31	kj_31	31	-0.21055623930172343
sub-10	meta_metaphor	meta_R_IFG	kj	KJ	word_label	kj_12	kj_12	12	0.34715248070021987
sub-10	meta_metaphor	meta_R_IFG	kj	KJ	word_label	kj_36	kj_36	36	-0.16930906594436154
sub-10	meta_metaphor	meta_R_IFG	kj	KJ	word_label	kj_39	kj_39	39	-0.19094856175022099
sub-10	meta_metaphor	meta_R_IFG	kj	KJ	word_label	kj_10	kj_10	10	0.2909587250626148
sub-10	meta_metaphor	meta_R_pMTG_pSTS	yy	YY	word_label	yy_29	yy_29	29	-0.056792294992620916
sub-10	meta_metaphor	meta_R_pMTG_pSTS	yy	YY	word_label	yy_22	yy_22	22	-0.20205611176053326
sub-10	meta_metaphor	meta_R_pMTG_pSTS	yy	YY	word_label	yy_14	yy_14	14	0.038716039437001006
sub-10	meta_metaphor	meta_R_pMTG_pSTS	yy	YY	word_label	yy_24	yy_24	24	-0.1933932252697171
sub-10	meta_metaphor	meta_R_pMTG_pSTS	yy	YY	word_label	yy_4	yy_4	4	-0.18020684740829016
sub-10	meta_metaphor	meta_R_pMTG_pSTS	yy	YY	word_label	yy_33	yy_33	33	-0.24986345537891816
sub-10	meta_metaphor	meta_R_pMTG_pSTS	yy	YY	word_label	yy_32	yy_32	32	0.15357802437252863
sub-10	meta_metaphor	meta_R_pMTG_pSTS	yy	YY	word_label	yy_10	yy_10	10	-0.28598552605691063
sub-10	meta_metaphor	meta_R_pMTG_pSTS	yy	YY	word_label	yy_1	yy_1	1	0.1121563482371773
sub-10	meta_metaphor	meta_R_pMTG_pSTS	yy	YY	word_label	yy_17	yy_17	17	-0.2853995863861754
sub-10	meta_metaphor	meta_R_pMTG_pSTS	yy	YY	word_label	yy_26	yy_26	26	0.45244908221022345
sub-10	meta_metaphor	meta_R_pMTG_pSTS	yy	YY	word_label	yy_15	yy_15	15	-0.25611018725633733
sub-10	meta_metaphor	meta_R_pMTG_pSTS	yy	YY	word_label	yy_39	yy_39	39	0.5292871917614874
sub-10	meta_metaphor	meta_R_pMTG_pSTS	yy	YY	word_label	yy_3	yy_3	3	0.47734972179513346
sub-10	meta_metaphor	meta_R_pMTG_pSTS	yy	YY	word_label	yy_11	yy_11	11	-0.17859930096790552
sub-10	meta_metaphor	meta_R_pMTG_pSTS	yy	YY	word_label	yy_35	yy_35	35	-0.08691340367544904
sub-10	meta_metaphor	meta_R_pMTG_pSTS	yy	YY	word_label	yy_13	yy_13	13	-0.08453856215334633
sub-10	meta_metaphor	meta_R_pMTG_pSTS	yy	YY	word_label	yy_36	yy_36	36	0.09866587566190521
sub-10	meta_metaphor	meta_R_pMTG_pSTS	yy	YY	word_label	yy_37	yy_37	37	0.09857950436016556
sub-10	meta_metaphor	meta_R_pMTG_pSTS	yy	YY	word_label	yy_7	yy_7	7	-0.09426800278434234
sub-10	meta_metaphor	meta_R_pMTG_pSTS	yy	YY	word_label	yy_40	yy_40	40	0.17228345876946885
sub-10	meta_metaphor	meta_R_pMTG_pSTS	yy	YY	word_label	yy_8	yy_8	8	-0.2833686828388077
sub-10	meta_metaphor	meta_R_pMTG_pSTS	yy	YY	word_label	yy_19	yy_19	19	0.16120012319768612
sub-10	meta_metaphor	meta_R_pMTG_pSTS	yy	YY	word_label	yy_23	yy_23	23	-0.036327112016751546
sub-10	meta_metaphor	meta_R_pMTG_pSTS	yy	YY	word_label	yy_12	yy_12	12	-0.11530274491764803
sub-10	meta_metaphor	meta_R_pMTG_pSTS	yy	YY	word_label	yy_6	yy_6	6	-0.1654594772246383
sub-10	meta_metaphor	meta_R_pMTG_pSTS	yy	YY	word_label	yy_16	yy_16	16	-0.2446617525201414
sub-10	meta_metaphor	meta_R_pMTG_pSTS	yy	YY	word_label	yy_21	yy_21	21	0.4448655465929924
sub-10	meta_metaphor	meta_R_pMTG_pSTS	yy	YY	word_label	yy_2	yy_2	2	-0.0964260438139534
sub-10	meta_metaphor	meta_R_pMTG_pSTS	yy	YY	word_label	yy_9	yy_9	9	-0.0720292470484331
sub-10	meta_metaphor	meta_R_pMTG_pSTS	yy	YY	word_label	yy_27	yy_27	27	0.31934748222143877
sub-10	meta_metaphor	meta_R_pMTG_pSTS	yy	YY	word_label	yy_5	yy_5	5	0.006230605160448214
sub-10	meta_metaphor	meta_R_pMTG_pSTS	yy	YY	word_label	yy_38	yy_38	38	-0.27463878852982854
sub-10	meta_metaphor	meta_R_pMTG_pSTS	yy	YY	word_label	yy_28	yy_28	28	-0.1417830740552604
sub-10	meta_metaphor	meta_R_pMTG_pSTS	yy	YY	word_label	yy_18	yy_18	18	0.30474175592655134
sub-10	meta_metaphor	meta_R_pMTG_pSTS	kj	KJ	word_label	kj_27	kj_27	27	-0.12154479015072737
sub-10	meta_metaphor	meta_R_pMTG_pSTS	kj	KJ	word_label	kj_2	kj_2	2	-0.012587616160805434
sub-10	meta_metaphor	meta_R_pMTG_pSTS	kj	KJ	word_label	kj_26	kj_26	26	0.2856205728132781
sub-10	meta_metaphor	meta_R_pMTG_pSTS	kj	KJ	word_label	kj_19	kj_19	19	0.1126956096686443
sub-10	meta_metaphor	meta_R_pMTG_pSTS	kj	KJ	word_label	kj_22	kj_22	22	0.08452863945196432
sub-10	meta_metaphor	meta_R_pMTG_pSTS	kj	KJ	word_label	kj_5	kj_5	5	-0.19420594803545013
sub-10	meta_metaphor	meta_R_pMTG_pSTS	kj	KJ	word_label	kj_38	kj_38	38	0.28401678583279255
sub-10	meta_metaphor	meta_R_pMTG_pSTS	kj	KJ	word_label	kj_1	kj_1	1	-0.1567919386675029
sub-10	meta_metaphor	meta_R_pMTG_pSTS	kj	KJ	word_label	kj_33	kj_33	33	-0.05762527880864551
sub-10	meta_metaphor	meta_R_pMTG_pSTS	kj	KJ	word_label	kj_8	kj_8	8	-0.11874707895191648
sub-10	meta_metaphor	meta_R_pMTG_pSTS	kj	KJ	word_label	kj_14	kj_14	14	-0.005972014095940649
sub-10	meta_metaphor	meta_R_pMTG_pSTS	kj	KJ	word_label	kj_16	kj_16	16	0.13795297859276048
sub-10	meta_metaphor	meta_R_pMTG_pSTS	kj	KJ	word_label	kj_25	kj_25	25	-0.6863494960135694
sub-10	meta_metaphor	meta_R_pMTG_pSTS	kj	KJ	word_label	kj_28	kj_28	28	0.2296537056755522
sub-10	meta_metaphor	meta_R_pMTG_pSTS	kj	KJ	word_label	kj_34	kj_34	34	0.2794226851261192
sub-10	meta_metaphor	meta_R_pMTG_pSTS	kj	KJ	word_label	kj_15	kj_15	15	-0.020555427228002226
sub-10	meta_metaphor	meta_R_pMTG_pSTS	kj	KJ	word_label	kj_7	kj_7	7	-0.14649288636691432
sub-10	meta_metaphor	meta_R_pMTG_pSTS	kj	KJ	word_label	kj_24	kj_24	24	0.009281422885917157
sub-10	meta_metaphor	meta_R_pMTG_pSTS	kj	KJ	word_label	kj_9	kj_9	9	-0.03714625202041494
sub-10	meta_metaphor	meta_R_pMTG_pSTS	kj	KJ	word_label	kj_6	kj_6	6	-0.05935580947635317
sub-10	meta_metaphor	meta_R_pMTG_pSTS	kj	KJ	word_label	kj_13	kj_13	13	0.07393176060230675
sub-10	meta_metaphor	meta_R_pMTG_pSTS	kj	KJ	word_label	kj_11	kj_11	11	-0.23914447919821713
sub-10	meta_metaphor	meta_R_pMTG_pSTS	kj	KJ	word_label	kj_20	kj_20	20	-0.16656475550888492
sub-10	meta_metaphor	meta_R_pMTG_pSTS	kj	KJ	word_label	kj_21	kj_21	21	-0.5943471447262243
sub-10	meta_metaphor	meta_R_pMTG_pSTS	kj	KJ	word_label	kj_3	kj_3	3	0.33017467721614496
sub-10	meta_metaphor	meta_R_pMTG_pSTS	kj	KJ	word_label	kj_29	kj_29	29	-0.1325151530930782
sub-10	meta_metaphor	meta_R_pMTG_pSTS	kj	KJ	word_label	kj_37	kj_37	37	0.15707938428801121
sub-10	meta_metaphor	meta_R_pMTG_pSTS	kj	KJ	word_label	kj_30	kj_30	30	-0.0024315297502362546
sub-10	meta_metaphor	meta_R_pMTG_pSTS	kj	KJ	word_label	kj_17	kj_17	17	0.5500100962944091
sub-10	meta_metaphor	meta_R_pMTG_pSTS	kj	KJ	word_label	kj_23	kj_23	23	-0.162557742228815
sub-10	meta_metaphor	meta_R_pMTG_pSTS	kj	KJ	word_label	kj_31	kj_31	31	0.29848418319268444
sub-10	meta_metaphor	meta_R_pMTG_pSTS	kj	KJ	word_label	kj_12	kj_12	12	0.2556771978658143
sub-10	meta_metaphor	meta_R_pMTG_pSTS	kj	KJ	word_label	kj_36	kj_36	36	0.3703265429092178
sub-10	meta_metaphor	meta_R_pMTG_pSTS	kj	KJ	word_label	kj_39	kj_39	39	-0.16557800795614364
sub-10	meta_metaphor	meta_R_pMTG_pSTS	kj	KJ	word_label	kj_10	kj_10	10	0.08480784656751336
sub-10	meta_metaphor	meta_R_temporal_pole	yy	YY	word_label	yy_29	yy_29	29	0.3098947997201941
sub-10	meta_metaphor	meta_R_temporal_pole	yy	YY	word_label	yy_22	yy_22	22	0.327881419079515
sub-10	meta_metaphor	meta_R_temporal_pole	yy	YY	word_label	yy_14	yy_14	14	0.17451340977779714
sub-10	meta_metaphor	meta_R_temporal_pole	yy	YY	word_label	yy_24	yy_24	24	0.7489054437057575
sub-10	meta_metaphor	meta_R_temporal_pole	yy	YY	word_label	yy_4	yy_4	4	0.08646292872561467
sub-10	meta_metaphor	meta_R_temporal_pole	yy	YY	word_label	yy_33	yy_33	33	-0.02120440633796087
sub-10	meta_metaphor	meta_R_temporal_pole	yy	YY	word_label	yy_32	yy_32	32	-0.12975745758230764
sub-10	meta_metaphor	meta_R_temporal_pole	yy	YY	word_label	yy_10	yy_10	10	0.08293562754679003
sub-10	meta_metaphor	meta_R_temporal_pole	yy	YY	word_label	yy_1	yy_1	1	0.13150825022878426
sub-10	meta_metaphor	meta_R_temporal_pole	yy	YY	word_label	yy_17	yy_17	17	0.5240831518739829
sub-10	meta_metaphor	meta_R_temporal_pole	yy	YY	word_label	yy_26	yy_26	26	0.11371428689532247
sub-10	meta_metaphor	meta_R_temporal_pole	yy	YY	word_label	yy_15	yy_15	15	-0.3430437726710869
sub-10	meta_metaphor	meta_R_temporal_pole	yy	YY	word_label	yy_39	yy_39	39	0.081236662266449
sub-10	meta_metaphor	meta_R_temporal_pole	yy	YY	word_label	yy_3	yy_3	3	-0.2059750125207703
sub-10	meta_metaphor	meta_R_temporal_pole	yy	YY	word_label	yy_11	yy_11	11	0.2584077036967229
sub-10	meta_metaphor	meta_R_temporal_pole	yy	YY	word_label	yy_35	yy_35	35	-0.30937867113657447
sub-10	meta_metaphor	meta_R_temporal_pole	yy	YY	word_label	yy_13	yy_13	13	0.28627587086379946
sub-10	meta_metaphor	meta_R_temporal_pole	yy	YY	word_label	yy_36	yy_36	36	0.10823830201865706
sub-10	meta_metaphor	meta_R_temporal_pole	yy	YY	word_label	yy_37	yy_37	37	0.12141179585010811
sub-10	meta_metaphor	meta_R_temporal_pole	yy	YY	word_label	yy_7	yy_7	7	0.06304456307899653
sub-10	meta_metaphor	meta_R_temporal_pole	yy	YY	word_label	yy_40	yy_40	40	-0.1795766405657824
sub-10	meta_metaphor	meta_R_temporal_pole	yy	YY	word_label	yy_8	yy_8	8	0.2377445330058134
sub-10	meta_metaphor	meta_R_temporal_pole	yy	YY	word_label	yy_19	yy_19	19	-0.2484479486298608
sub-10	meta_metaphor	meta_R_temporal_pole	yy	YY	word_label	yy_23	yy_23	23	0.07693628739424996
sub-10	meta_metaphor	meta_R_temporal_pole	yy	YY	word_label	yy_12	yy_12	12	-0.398833972582381
sub-10	meta_metaphor	meta_R_temporal_pole	yy	YY	word_label	yy_6	yy_6	6	0.18276907743145893
sub-10	meta_metaphor	meta_R_temporal_pole	yy	YY	word_label	yy_16	yy_16	16	0.031345793586674095
sub-10	meta_metaphor	meta_R_temporal_pole	yy	YY	word_label	yy_21	yy_21	21	0.11500372917704503
sub-10	meta_metaphor	meta_R_temporal_pole	yy	YY	word_label	yy_2	yy_2	2	0.12575875350653087
sub-10	meta_metaphor	meta_R_temporal_pole	yy	YY	word_label	yy_9	yy_9	9	0.4929687096552885
sub-10	meta_metaphor	meta_R_temporal_pole	yy	YY	word_label	yy_27	yy_27	27	0.05769288910866967
sub-10	meta_metaphor	meta_R_temporal_pole	yy	YY	word_label	yy_5	yy_5	5	-0.07630512013682965
sub-10	meta_metaphor	meta_R_temporal_pole	yy	YY	word_label	yy_38	yy_38	38	-0.16823726281740117
sub-10	meta_metaphor	meta_R_temporal_pole	yy	YY	word_label	yy_28	yy_28	28	0.27325967419112085
sub-10	meta_metaphor	meta_R_temporal_pole	yy	YY	word_label	yy_18	yy_18	18	0.28951134861708094
sub-10	meta_metaphor	meta_R_temporal_pole	kj	KJ	word_label	kj_27	kj_27	27	0.024035693828053047
sub-10	meta_metaphor	meta_R_temporal_pole	kj	KJ	word_label	kj_2	kj_2	2	0.023482815929990308
sub-10	meta_metaphor	meta_R_temporal_pole	kj	KJ	word_label	kj_26	kj_26	26	-0.2715858302127524
sub-10	meta_metaphor	meta_R_temporal_pole	kj	KJ	word_label	kj_19	kj_19	19	-0.17182442219236724
sub-10	meta_metaphor	meta_R_temporal_pole	kj	KJ	word_label	kj_22	kj_22	22	-0.2869053527293754
sub-10	meta_metaphor	meta_R_temporal_pole	kj	KJ	word_label	kj_5	kj_5	5	0.601450911328732
sub-10	meta_metaphor	meta_R_temporal_pole	kj	KJ	word_label	kj_38	kj_38	38	0.26666907210966306
sub-10	meta_metaphor	meta_R_temporal_pole	kj	KJ	word_label	kj_1	kj_1	1	-0.18908042156225985
sub-10	meta_metaphor	meta_R_temporal_pole	kj	KJ	word_label	kj_33	kj_33	33	-0.37909754764107934
sub-10	meta_metaphor	meta_R_temporal_pole	kj	KJ	word_label	kj_8	kj_8	8	-0.07167057536107947
sub-10	meta_metaphor	meta_R_temporal_pole	kj	KJ	word_label	kj_14	kj_14	14	-0.20793053614563764
sub-10	meta_metaphor	meta_R_temporal_pole	kj	KJ	word_label	kj_16	kj_16	16	0.01748843478744233
sub-10	meta_metaphor	meta_R_temporal_pole	kj	KJ	word_label	kj_25	kj_25	25	0.39950613305259725
sub-10	meta_metaphor	meta_R_temporal_pole	kj	KJ	word_label	kj_28	kj_28	28	0.1333261232855077
sub-10	meta_metaphor	meta_R_temporal_pole	kj	KJ	word_label	kj_34	kj_34	34	0.008131075405430314
sub-10	meta_metaphor	meta_R_temporal_pole	kj	KJ	word_label	kj_15	kj_15	15	-0.22801280702152182
sub-10	meta_metaphor	meta_R_temporal_pole	kj	KJ	word_label	kj_7	kj_7	7	0.023528022281237848
sub-10	meta_metaphor	meta_R_temporal_pole	kj	KJ	word_label	kj_24	kj_24	24	-0.21902863944532533
sub-10	meta_metaphor	meta_R_temporal_pole	kj	KJ	word_label	kj_9	kj_9	9	-0.1257390371134648
sub-10	meta_metaphor	meta_R_temporal_pole	kj	KJ	word_label	kj_6	kj_6	6	-0.10519033286306956
sub-10	meta_metaphor	meta_R_temporal_pole	kj	KJ	word_label	kj_13	kj_13	13	-0.42870804808358765
sub-10	meta_metaphor	meta_R_temporal_pole	kj	KJ	word_label	kj_11	kj_11	11	0.01749148288110509
sub-10	meta_metaphor	meta_R_temporal_pole	kj	KJ	word_label	kj_20	kj_20	20	-0.04523956873273366
sub-10	meta_metaphor	meta_R_temporal_pole	kj	KJ	word_label	kj_21	kj_21	21	-0.2329220195723333
sub-10	meta_metaphor	meta_R_temporal_pole	kj	KJ	word_label	kj_3	kj_3	3	0.19355427176941253
sub-10	meta_metaphor	meta_R_temporal_pole	kj	KJ	word_label	kj_29	kj_29	29	-0.4042278014168512
sub-10	meta_metaphor	meta_R_temporal_pole	kj	KJ	word_label	kj_37	kj_37	37	-0.4571950282729362
sub-10	meta_metaphor	meta_R_temporal_pole	kj	KJ	word_label	kj_30	kj_30	30	0.28040464139169363
sub-10	meta_metaphor	meta_R_temporal_pole	kj	KJ	word_label	kj_17	kj_17	17	-0.32388303699633586
sub-10	meta_metaphor	meta_R_temporal_pole	kj	KJ	word_label	kj_23	kj_23	23	-0.2793858480959263
sub-10	meta_metaphor	meta_R_temporal_pole	kj	KJ	word_label	kj_31	kj_31	31	0.5613949346931153
sub-10	meta_metaphor	meta_R_temporal_pole	kj	KJ	word_label	kj_12	kj_12	12	-0.034784076367248395
sub-10	meta_metaphor	meta_R_temporal_pole	kj	KJ	word_label	kj_36	kj_36	36	0.09524837496042313
sub-10	meta_metaphor	meta_R_temporal_pole	kj	KJ	word_label	kj_39	kj_39	39	-0.4090809494675573
sub-10	meta_metaphor	meta_R_temporal_pole	kj	KJ	word_label	kj_10	kj_10	10	-0.4251471317403037
sub-11	meta_metaphor	meta_L_AG	yy	YY	word_label	yy_29	yy_29	29	0.13856261209037363
sub-11	meta_metaphor	meta_L_AG	yy	YY	word_label	yy_18	yy_18	18	0.39685143415445767
sub-11	meta_metaphor	meta_L_AG	yy	YY	word_label	yy_28	yy_28	28	0.08557999424020157
sub-11	meta_metaphor	meta_L_AG	yy	YY	word_label	yy_1	yy_1	1	0.5898367614648659
sub-11	meta_metaphor	meta_L_AG	yy	YY	word_label	yy_3	yy_3	3	-0.5499602375694427
sub-11	meta_metaphor	meta_L_AG	yy	YY	word_label	yy_36	yy_36	36	-0.2035093556668033
sub-11	meta_metaphor	meta_L_AG	yy	YY	word_label	yy_9	yy_9	9	-0.5836088425566411
sub-11	meta_metaphor	meta_L_AG	yy	YY	word_label	yy_16	yy_16	16	-0.051084443719468006
sub-11	meta_metaphor	meta_L_AG	yy	YY	word_label	yy_12	yy_12	12	-0.4748951327404138
sub-11	meta_metaphor	meta_L_AG	yy	YY	word_label	yy_22	yy_22	22	-0.29775774603570365
sub-11	meta_metaphor	meta_L_AG	yy	YY	word_label	yy_4	yy_4	4	-0.5329270451354045
sub-11	meta_metaphor	meta_L_AG	yy	YY	word_label	yy_5	yy_5	5	0.10821622303005228
sub-11	meta_metaphor	meta_L_AG	yy	YY	word_label	yy_19	yy_19	19	-0.45463190848303425
sub-11	meta_metaphor	meta_L_AG	yy	YY	word_label	yy_27	yy_27	27	-0.5045939794983593
sub-11	meta_metaphor	meta_L_AG	yy	YY	word_label	yy_23	yy_23	23	0.05988556050775377
sub-11	meta_metaphor	meta_L_AG	yy	YY	word_label	yy_24	yy_24	24	-0.5860482198011673
sub-11	meta_metaphor	meta_L_AG	yy	YY	word_label	yy_32	yy_32	32	0.3712528670094474
sub-11	meta_metaphor	meta_L_AG	yy	YY	word_label	yy_21	yy_21	21	-0.040883809268752194
sub-11	meta_metaphor	meta_L_AG	yy	YY	word_label	yy_40	yy_40	40	-0.5009750659961634
sub-11	meta_metaphor	meta_L_AG	yy	YY	word_label	yy_15	yy_15	15	-0.29173867579767315
sub-11	meta_metaphor	meta_L_AG	yy	YY	word_label	yy_38	yy_38	38	-0.10962876763465831
sub-11	meta_metaphor	meta_L_AG	yy	YY	word_label	yy_35	yy_35	35	-0.2470366975760997
sub-11	meta_metaphor	meta_L_AG	yy	YY	word_label	yy_7	yy_7	7	0.2530172429831097
sub-11	meta_metaphor	meta_L_AG	yy	YY	word_label	yy_14	yy_14	14	0.0023140588889521384
sub-11	meta_metaphor	meta_L_AG	yy	YY	word_label	yy_37	yy_37	37	-0.04866005853601364
sub-11	meta_metaphor	meta_L_AG	yy	YY	word_label	yy_26	yy_26	26	0.2127377206483423
sub-11	meta_metaphor	meta_L_AG	yy	YY	word_label	yy_10	yy_10	10	0.316947417892963
sub-11	meta_metaphor	meta_L_AG	yy	YY	word_label	yy_17	yy_17	17	0.009397500494094713
sub-11	meta_metaphor	meta_L_AG	yy	YY	word_label	yy_13	yy_13	13	-0.35895173850240647
sub-11	meta_metaphor	meta_L_AG	yy	YY	word_label	yy_33	yy_33	33	-0.23577884101298993
sub-11	meta_metaphor	meta_L_AG	yy	YY	word_label	yy_2	yy_2	2	0.38775310040670186
sub-11	meta_metaphor	meta_L_AG	yy	YY	word_label	yy_11	yy_11	11	0.18274245924990848
sub-11	meta_metaphor	meta_L_AG	yy	YY	word_label	yy_6	yy_6	6	-0.16579894730117262
sub-11	meta_metaphor	meta_L_AG	yy	YY	word_label	yy_39	yy_39	39	0.17495561385674369
sub-11	meta_metaphor	meta_L_AG	yy	YY	word_label	yy_8	yy_8	8	0.28019887683953043
sub-11	meta_metaphor	meta_L_AG	kj	KJ	word_label	kj_9	kj_9	9	-0.3589128293027917
sub-11	meta_metaphor	meta_L_AG	kj	KJ	word_label	kj_14	kj_14	14	-0.7299815452628465
sub-11	meta_metaphor	meta_L_AG	kj	KJ	word_label	kj_38	kj_38	38	-0.3309577733368431
sub-11	meta_metaphor	meta_L_AG	kj	KJ	word_label	kj_31	kj_31	31	-0.18318468497191193
sub-11	meta_metaphor	meta_L_AG	kj	KJ	word_label	kj_15	kj_15	15	-0.39092370391871417
sub-11	meta_metaphor	meta_L_AG	kj	KJ	word_label	kj_13	kj_13	13	-0.5714426350679934
sub-11	meta_metaphor	meta_L_AG	kj	KJ	word_label	kj_17	kj_17	17	-0.31716410397624484
sub-11	meta_metaphor	meta_L_AG	kj	KJ	word_label	kj_6	kj_6	6	-0.21866152064143515
sub-11	meta_metaphor	meta_L_AG	kj	KJ	word_label	kj_25	kj_25	25	-0.3989380273876292
sub-11	meta_metaphor	meta_L_AG	kj	KJ	word_label	kj_11	kj_11	11	-0.14084368474757983
sub-11	meta_metaphor	meta_L_AG	kj	KJ	word_label	kj_36	kj_36	36	-0.7712025507131076
sub-11	meta_metaphor	meta_L_AG	kj	KJ	word_label	kj_2	kj_2	2	-0.006896018523199772
sub-11	meta_metaphor	meta_L_AG	kj	KJ	word_label	kj_37	kj_37	37	-0.34010980316515205
sub-11	meta_metaphor	meta_L_AG	kj	KJ	word_label	kj_8	kj_8	8	0.1311210219540609
sub-11	meta_metaphor	meta_L_AG	kj	KJ	word_label	kj_33	kj_33	33	-0.44636467260570456
sub-11	meta_metaphor	meta_L_AG	kj	KJ	word_label	kj_34	kj_34	34	0.06081156460765148
sub-11	meta_metaphor	meta_L_AG	kj	KJ	word_label	kj_12	kj_12	12	-0.12361862621958837
sub-11	meta_metaphor	meta_L_AG	kj	KJ	word_label	kj_5	kj_5	5	0.5111048683984417
sub-11	meta_metaphor	meta_L_AG	kj	KJ	word_label	kj_29	kj_29	29	-0.2709713291375593
sub-11	meta_metaphor	meta_L_AG	kj	KJ	word_label	kj_28	kj_28	28	-0.3677712955973829
sub-11	meta_metaphor	meta_L_AG	kj	KJ	word_label	kj_30	kj_30	30	-0.5525825268725072
sub-11	meta_metaphor	meta_L_AG	kj	KJ	word_label	kj_20	kj_20	20	-0.15917095793395883
sub-11	meta_metaphor	meta_L_AG	kj	KJ	word_label	kj_3	kj_3	3	-0.5817791397927428
sub-11	meta_metaphor	meta_L_AG	kj	KJ	word_label	kj_1	kj_1	1	-0.2928136706809248
sub-11	meta_metaphor	meta_L_AG	kj	KJ	word_label	kj_19	kj_19	19	-0.5640221287686725
sub-11	meta_metaphor	meta_L_AG	kj	KJ	word_label	kj_22	kj_22	22	-0.6466829201744358
sub-11	meta_metaphor	meta_L_AG	kj	KJ	word_label	kj_10	kj_10	10	-0.5538224511165031
sub-11	meta_metaphor	meta_L_AG	kj	KJ	word_label	kj_26	kj_26	26	-0.6032553123246794
sub-11	meta_metaphor	meta_L_AG	kj	KJ	word_label	kj_39	kj_39	39	0.5891395748582245
sub-11	meta_metaphor	meta_L_AG	kj	KJ	word_label	kj_27	kj_27	27	-0.21451508724632715
sub-11	meta_metaphor	meta_L_AG	kj	KJ	word_label	kj_21	kj_21	21	-0.7788473479231122
sub-11	meta_metaphor	meta_L_AG	kj	KJ	word_label	kj_24	kj_24	24	-0.33079048502697816
sub-11	meta_metaphor	meta_L_AG	kj	KJ	word_label	kj_23	kj_23	23	-0.4185905171325864
sub-11	meta_metaphor	meta_L_AG	kj	KJ	word_label	kj_7	kj_7	7	0.22459297226277625
sub-11	meta_metaphor	meta_L_AG	kj	KJ	word_label	kj_16	kj_16	16	0.6081742409302432
sub-11	meta_metaphor	meta_L_IFG	yy	YY	word_label	yy_29	yy_29	29	0.09778182079974594
sub-11	meta_metaphor	meta_L_IFG	yy	YY	word_label	yy_18	yy_18	18	0.2376125892510393
sub-11	meta_metaphor	meta_L_IFG	yy	YY	word_label	yy_28	yy_28	28	0.26571215577208546
sub-11	meta_metaphor	meta_L_IFG	yy	YY	word_label	yy_1	yy_1	1	0.20833435894807614
sub-11	meta_metaphor	meta_L_IFG	yy	YY	word_label	yy_3	yy_3	3	0.5164719680361195
sub-11	meta_metaphor	meta_L_IFG	yy	YY	word_label	yy_36	yy_36	36	0.12691029485701102
sub-11	meta_metaphor	meta_L_IFG	yy	YY	word_label	yy_9	yy_9	9	0.10072932672640605
sub-11	meta_metaphor	meta_L_IFG	yy	YY	word_label	yy_16	yy_16	16	0.4374914820810961
sub-11	meta_metaphor	meta_L_IFG	yy	YY	word_label	yy_12	yy_12	12	0.4045231478176355
sub-11	meta_metaphor	meta_L_IFG	yy	YY	word_label	yy_22	yy_22	22	0.3983302282396479
sub-11	meta_metaphor	meta_L_IFG	yy	YY	word_label	yy_4	yy_4	4	0.13047480990539684
sub-11	meta_metaphor	meta_L_IFG	yy	YY	word_label	yy_5	yy_5	5	0.19393031415414427
sub-11	meta_metaphor	meta_L_IFG	yy	YY	word_label	yy_19	yy_19	19	0.3014481190274383
sub-11	meta_metaphor	meta_L_IFG	yy	YY	word_label	yy_27	yy_27	27	0.06433604132590824
sub-11	meta_metaphor	meta_L_IFG	yy	YY	word_label	yy_23	yy_23	23	0.20635448632725495
sub-11	meta_metaphor	meta_L_IFG	yy	YY	word_label	yy_24	yy_24	24	0.3771480430859294
sub-11	meta_metaphor	meta_L_IFG	yy	YY	word_label	yy_32	yy_32	32	0.15445272559068965
sub-11	meta_metaphor	meta_L_IFG	yy	YY	word_label	yy_21	yy_21	21	0.5427009175803312
sub-11	meta_metaphor	meta_L_IFG	yy	YY	word_label	yy_40	yy_40	40	0.18042902857711854
sub-11	meta_metaphor	meta_L_IFG	yy	YY	word_label	yy_15	yy_15	15	0.03542145157083492
sub-11	meta_metaphor	meta_L_IFG	yy	YY	word_label	yy_38	yy_38	38	0.4238908547560921
sub-11	meta_metaphor	meta_L_IFG	yy	YY	word_label	yy_35	yy_35	35	-0.020502788989649648
sub-11	meta_metaphor	meta_L_IFG	yy	YY	word_label	yy_7	yy_7	7	0.07353961623505866
sub-11	meta_metaphor	meta_L_IFG	yy	YY	word_label	yy_14	yy_14	14	0.2080775510288288
sub-11	meta_metaphor	meta_L_IFG	yy	YY	word_label	yy_37	yy_37	37	0.2585352030491295
sub-11	meta_metaphor	meta_L_IFG	yy	YY	word_label	yy_26	yy_26	26	0.4035336567021578
sub-11	meta_metaphor	meta_L_IFG	yy	YY	word_label	yy_10	yy_10	10	0.07449724979940969
sub-11	meta_metaphor	meta_L_IFG	yy	YY	word_label	yy_17	yy_17	17	0.37817501034476747
sub-11	meta_metaphor	meta_L_IFG	yy	YY	word_label	yy_13	yy_13	13	0.03782474629208786
sub-11	meta_metaphor	meta_L_IFG	yy	YY	word_label	yy_33	yy_33	33	0.07277436088571847
sub-11	meta_metaphor	meta_L_IFG	yy	YY	word_label	yy_2	yy_2	2	0.6392730891366878
sub-11	meta_metaphor	meta_L_IFG	yy	YY	word_label	yy_11	yy_11	11	0.25695200310107946
sub-11	meta_metaphor	meta_L_IFG	yy	YY	word_label	yy_6	yy_6	6	0.1377025333776874
sub-11	meta_metaphor	meta_L_IFG	yy	YY	word_label	yy_39	yy_39	39	0.27118464023664623
sub-11	meta_metaphor	meta_L_IFG	yy	YY	word_label	yy_8	yy_8	8	0.20102751490859783
sub-11	meta_metaphor	meta_L_IFG	kj	KJ	word_label	kj_9	kj_9	9	0.2546484169508955
sub-11	meta_metaphor	meta_L_IFG	kj	KJ	word_label	kj_14	kj_14	14	0.5672940948704026
sub-11	meta_metaphor	meta_L_IFG	kj	KJ	word_label	kj_38	kj_38	38	0.3902457744913521
sub-11	meta_metaphor	meta_L_IFG	kj	KJ	word_label	kj_31	kj_31	31	0.06180720965427884
sub-11	meta_metaphor	meta_L_IFG	kj	KJ	word_label	kj_15	kj_15	15	0.42318901836462375
sub-11	meta_metaphor	meta_L_IFG	kj	KJ	word_label	kj_13	kj_13	13	-0.17039647656489568
sub-11	meta_metaphor	meta_L_IFG	kj	KJ	word_label	kj_17	kj_17	17	-0.2385731126318861
sub-11	meta_metaphor	meta_L_IFG	kj	KJ	word_label	kj_6	kj_6	6	-0.1709010706425514
sub-11	meta_metaphor	meta_L_IFG	kj	KJ	word_label	kj_25	kj_25	25	0.46696418919041854
sub-11	meta_metaphor	meta_L_IFG	kj	KJ	word_label	kj_11	kj_11	11	0.21422280261099408
sub-11	meta_metaphor	meta_L_IFG	kj	KJ	word_label	kj_36	kj_36	36	0.28829263144782735
sub-11	meta_metaphor	meta_L_IFG	kj	KJ	word_label	kj_2	kj_2	2	0.34501626682275877
sub-11	meta_metaphor	meta_L_IFG	kj	KJ	word_label	kj_37	kj_37	37	0.2649830118519999
sub-11	meta_metaphor	meta_L_IFG	kj	KJ	word_label	kj_8	kj_8	8	-0.4077923645758625
sub-11	meta_metaphor	meta_L_IFG	kj	KJ	word_label	kj_33	kj_33	33	0.2582792451098865
sub-11	meta_metaphor	meta_L_IFG	kj	KJ	word_label	kj_34	kj_34	34	0.49671823067923104
sub-11	meta_metaphor	meta_L_IFG	kj	KJ	word_label	kj_12	kj_12	12	-0.055096068431081356
sub-11	meta_metaphor	meta_L_IFG	kj	KJ	word_label	kj_5	kj_5	5	-0.003764668337737151
sub-11	meta_metaphor	meta_L_IFG	kj	KJ	word_label	kj_29	kj_29	29	0.5163195300334149
sub-11	meta_metaphor	meta_L_IFG	kj	KJ	word_label	kj_28	kj_28	28	0.4428514729485175
sub-11	meta_metaphor	meta_L_IFG	kj	KJ	word_label	kj_30	kj_30	30	-0.2171489007391767
sub-11	meta_metaphor	meta_L_IFG	kj	KJ	word_label	kj_20	kj_20	20	0.6797776162514498
sub-11	meta_metaphor	meta_L_IFG	kj	KJ	word_label	kj_3	kj_3	3	0.058964571944009996
sub-11	meta_metaphor	meta_L_IFG	kj	KJ	word_label	kj_1	kj_1	1	0.16890691639655964
sub-11	meta_metaphor	meta_L_IFG	kj	KJ	word_label	kj_19	kj_19	19	-0.18118908635077444
sub-11	meta_metaphor	meta_L_IFG	kj	KJ	word_label	kj_22	kj_22	22	0.3187873581993343
sub-11	meta_metaphor	meta_L_IFG	kj	KJ	word_label	kj_10	kj_10	10	0.17095583961042374
sub-11	meta_metaphor	meta_L_IFG	kj	KJ	word_label	kj_26	kj_26	26	0.6414572384893711
sub-11	meta_metaphor	meta_L_IFG	kj	KJ	word_label	kj_39	kj_39	39	0.6250301662194527
sub-11	meta_metaphor	meta_L_IFG	kj	KJ	word_label	kj_27	kj_27	27	-0.37119503055524317
sub-11	meta_metaphor	meta_L_IFG	kj	KJ	word_label	kj_21	kj_21	21	0.3999048163016083
sub-11	meta_metaphor	meta_L_IFG	kj	KJ	word_label	kj_24	kj_24	24	0.23868774300132597
sub-11	meta_metaphor	meta_L_IFG	kj	KJ	word_label	kj_23	kj_23	23	-0.05508381620373426
sub-11	meta_metaphor	meta_L_IFG	kj	KJ	word_label	kj_7	kj_7	7	0.4572734111334849
sub-11	meta_metaphor	meta_L_IFG	kj	KJ	word_label	kj_16	kj_16	16	-0.09485262064077554
sub-11	meta_metaphor	meta_L_pMTG_pSTS	yy	YY	word_label	yy_29	yy_29	29	0.5015791983860394
sub-11	meta_metaphor	meta_L_pMTG_pSTS	yy	YY	word_label	yy_18	yy_18	18	0.46855580825899457
sub-11	meta_metaphor	meta_L_pMTG_pSTS	yy	YY	word_label	yy_28	yy_28	28	0.4170569145924186
sub-11	meta_metaphor	meta_L_pMTG_pSTS	yy	YY	word_label	yy_1	yy_1	1	-0.039003758261165374
sub-11	meta_metaphor	meta_L_pMTG_pSTS	yy	YY	word_label	yy_3	yy_3	3	0.22492446895517365
sub-11	meta_metaphor	meta_L_pMTG_pSTS	yy	YY	word_label	yy_36	yy_36	36	-0.05982782416604687
sub-11	meta_metaphor	meta_L_pMTG_pSTS	yy	YY	word_label	yy_9	yy_9	9	0.6019364691274681
sub-11	meta_metaphor	meta_L_pMTG_pSTS	yy	YY	word_label	yy_16	yy_16	16	0.5394723919092046
sub-11	meta_metaphor	meta_L_pMTG_pSTS	yy	YY	word_label	yy_12	yy_12	12	-0.08172921462343263
sub-11	meta_metaphor	meta_L_pMTG_pSTS	yy	YY	word_label	yy_22	yy_22	22	0.4213905640903855
sub-11	meta_metaphor	meta_L_pMTG_pSTS	yy	YY	word_label	yy_4	yy_4	4	0.15453376420655443
sub-11	meta_metaphor	meta_L_pMTG_pSTS	yy	YY	word_label	yy_5	yy_5	5	0.4959329325347657
sub-11	meta_metaphor	meta_L_pMTG_pSTS	yy	YY	word_label	yy_19	yy_19	19	0.18909647090886267
sub-11	meta_metaphor	meta_L_pMTG_pSTS	yy	YY	word_label	yy_27	yy_27	27	0.2883515949981864
sub-11	meta_metaphor	meta_L_pMTG_pSTS	yy	YY	word_label	yy_23	yy_23	23	-0.11533975560236452
sub-11	meta_metaphor	meta_L_pMTG_pSTS	yy	YY	word_label	yy_24	yy_24	24	0.1305826546437577
sub-11	meta_metaphor	meta_L_pMTG_pSTS	yy	YY	word_label	yy_32	yy_32	32	0.5327057630750026
sub-11	meta_metaphor	meta_L_pMTG_pSTS	yy	YY	word_label	yy_21	yy_21	21	0.23528694283173696
sub-11	meta_metaphor	meta_L_pMTG_pSTS	yy	YY	word_label	yy_40	yy_40	40	0.17358687937746645
sub-11	meta_metaphor	meta_L_pMTG_pSTS	yy	YY	word_label	yy_15	yy_15	15	0.6242501396533543
sub-11	meta_metaphor	meta_L_pMTG_pSTS	yy	YY	word_label	yy_38	yy_38	38	0.2196273766084764
sub-11	meta_metaphor	meta_L_pMTG_pSTS	yy	YY	word_label	yy_35	yy_35	35	0.14942930233772883
sub-11	meta_metaphor	meta_L_pMTG_pSTS	yy	YY	word_label	yy_7	yy_7	7	0.5690615019028372
sub-11	meta_metaphor	meta_L_pMTG_pSTS	yy	YY	word_label	yy_14	yy_14	14	0.10178458328697565
sub-11	meta_metaphor	meta_L_pMTG_pSTS	yy	YY	word_label	yy_37	yy_37	37	0.590455968287828
sub-11	meta_metaphor	meta_L_pMTG_pSTS	yy	YY	word_label	yy_26	yy_26	26	0.5578204749701055
sub-11	meta_metaphor	meta_L_pMTG_pSTS	yy	YY	word_label	yy_10	yy_10	10	-0.23145530784759008
sub-11	meta_metaphor	meta_L_pMTG_pSTS	yy	YY	word_label	yy_17	yy_17	17	0.030756821640118424
sub-11	meta_metaphor	meta_L_pMTG_pSTS	yy	YY	word_label	yy_13	yy_13	13	0.18396337406891705
sub-11	meta_metaphor	meta_L_pMTG_pSTS	yy	YY	word_label	yy_33	yy_33	33	0.49337231520532937
sub-11	meta_metaphor	meta_L_pMTG_pSTS	yy	YY	word_label	yy_2	yy_2	2	0.13931545606123802
sub-11	meta_metaphor	meta_L_pMTG_pSTS	yy	YY	word_label	yy_11	yy_11	11	0.7571436140705357
sub-11	meta_metaphor	meta_L_pMTG_pSTS	yy	YY	word_label	yy_6	yy_6	6	0.47884282407080364
sub-11	meta_metaphor	meta_L_pMTG_pSTS	yy	YY	word_label	yy_39	yy_39	39	-0.40655285607411457
sub-11	meta_metaphor	meta_L_pMTG_pSTS	yy	YY	word_label	yy_8	yy_8	8	0.6118888920987441
sub-11	meta_metaphor	meta_L_pMTG_pSTS	kj	KJ	word_label	kj_9	kj_9	9	0.5670956819339554
sub-11	meta_metaphor	meta_L_pMTG_pSTS	kj	KJ	word_label	kj_14	kj_14	14	0.3308648440500705
sub-11	meta_metaphor	meta_L_pMTG_pSTS	kj	KJ	word_label	kj_38	kj_38	38	-0.35410189752739313
sub-11	meta_metaphor	meta_L_pMTG_pSTS	kj	KJ	word_label	kj_31	kj_31	31	0.10260808627016228
sub-11	meta_metaphor	meta_L_pMTG_pSTS	kj	KJ	word_label	kj_15	kj_15	15	0.33110080956278515
sub-11	meta_metaphor	meta_L_pMTG_pSTS	kj	KJ	word_label	kj_13	kj_13	13	0.19660780968002073
sub-11	meta_metaphor	meta_L_pMTG_pSTS	kj	KJ	word_label	kj_17	kj_17	17	0.3915907442288986
sub-11	meta_metaphor	meta_L_pMTG_pSTS	kj	KJ	word_label	kj_6	kj_6	6	0.6102537015170872
sub-11	meta_metaphor	meta_L_pMTG_pSTS	kj	KJ	word_label	kj_25	kj_25	25	-0.12868094052629264
sub-11	meta_metaphor	meta_L_pMTG_pSTS	kj	KJ	word_label	kj_11	kj_11	11	-0.05743708008280053
sub-11	meta_metaphor	meta_L_pMTG_pSTS	kj	KJ	word_label	kj_36	kj_36	36	0.12561690689465735
sub-11	meta_metaphor	meta_L_pMTG_pSTS	kj	KJ	word_label	kj_2	kj_2	2	0.2792396386052543
sub-11	meta_metaphor	meta_L_pMTG_pSTS	kj	KJ	word_label	kj_37	kj_37	37	0.5079770625170027
sub-11	meta_metaphor	meta_L_pMTG_pSTS	kj	KJ	word_label	kj_8	kj_8	8	0.04235027735049131
sub-11	meta_metaphor	meta_L_pMTG_pSTS	kj	KJ	word_label	kj_33	kj_33	33	0.49930435236336
sub-11	meta_metaphor	meta_L_pMTG_pSTS	kj	KJ	word_label	kj_34	kj_34	34	0.4239717409332734
sub-11	meta_metaphor	meta_L_pMTG_pSTS	kj	KJ	word_label	kj_12	kj_12	12	0.4894784347071002
sub-11	meta_metaphor	meta_L_pMTG_pSTS	kj	KJ	word_label	kj_5	kj_5	5	0.20348356209934035
sub-11	meta_metaphor	meta_L_pMTG_pSTS	kj	KJ	word_label	kj_29	kj_29	29	0.22519815526858997
sub-11	meta_metaphor	meta_L_pMTG_pSTS	kj	KJ	word_label	kj_28	kj_28	28	0.06208427053644708
sub-11	meta_metaphor	meta_L_pMTG_pSTS	kj	KJ	word_label	kj_30	kj_30	30	0.42848173575484033
sub-11	meta_metaphor	meta_L_pMTG_pSTS	kj	KJ	word_label	kj_20	kj_20	20	0.5292078884359966
sub-11	meta_metaphor	meta_L_pMTG_pSTS	kj	KJ	word_label	kj_3	kj_3	3	0.3408155679790158
sub-11	meta_metaphor	meta_L_pMTG_pSTS	kj	KJ	word_label	kj_1	kj_1	1	-0.22214756947506595
sub-11	meta_metaphor	meta_L_pMTG_pSTS	kj	KJ	word_label	kj_19	kj_19	19	0.2481117931062666
sub-11	meta_metaphor	meta_L_pMTG_pSTS	kj	KJ	word_label	kj_22	kj_22	22	0.3187759800720169
sub-11	meta_metaphor	meta_L_pMTG_pSTS	kj	KJ	word_label	kj_10	kj_10	10	0.5847127121742326
sub-11	meta_metaphor	meta_L_pMTG_pSTS	kj	KJ	word_label	kj_26	kj_26	26	0.3707360693166691
sub-11	meta_metaphor	meta_L_pMTG_pSTS	kj	KJ	word_label	kj_39	kj_39	39	0.4133744174077513
sub-11	meta_metaphor	meta_L_pMTG_pSTS	kj	KJ	word_label	kj_27	kj_27	27	0.1905435787797756
sub-11	meta_metaphor	meta_L_pMTG_pSTS	kj	KJ	word_label	kj_21	kj_21	21	0.1478514097816755
sub-11	meta_metaphor	meta_L_pMTG_pSTS	kj	KJ	word_label	kj_24	kj_24	24	-0.4367260854005597
sub-11	meta_metaphor	meta_L_pMTG_pSTS	kj	KJ	word_label	kj_23	kj_23	23	0.3722629303403533
sub-11	meta_metaphor	meta_L_pMTG_pSTS	kj	KJ	word_label	kj_7	kj_7	7	0.6083730280206235
sub-11	meta_metaphor	meta_L_pMTG_pSTS	kj	KJ	word_label	kj_16	kj_16	16	0.40586408256096124
sub-11	meta_metaphor	meta_L_temporal_pole	yy	YY	word_label	yy_29	yy_29	29	-0.24723349896305558
sub-11	meta_metaphor	meta_L_temporal_pole	yy	YY	word_label	yy_18	yy_18	18	0.2748931637704275
sub-11	meta_metaphor	meta_L_temporal_pole	yy	YY	word_label	yy_28	yy_28	28	0.21433448292168028
sub-11	meta_metaphor	meta_L_temporal_pole	yy	YY	word_label	yy_1	yy_1	1	-0.5150282255225694
sub-11	meta_metaphor	meta_L_temporal_pole	yy	YY	word_label	yy_3	yy_3	3	-0.03480399193295954
sub-11	meta_metaphor	meta_L_temporal_pole	yy	YY	word_label	yy_36	yy_36	36	-0.12598750795476296
sub-11	meta_metaphor	meta_L_temporal_pole	yy	YY	word_label	yy_9	yy_9	9	-0.2229170594550282
sub-11	meta_metaphor	meta_L_temporal_pole	yy	YY	word_label	yy_16	yy_16	16	0.18105994484980678
sub-11	meta_metaphor	meta_L_temporal_pole	yy	YY	word_label	yy_12	yy_12	12	-0.2677683664197724
sub-11	meta_metaphor	meta_L_temporal_pole	yy	YY	word_label	yy_22	yy_22	22	-0.38474318014413533
sub-11	meta_metaphor	meta_L_temporal_pole	yy	YY	word_label	yy_4	yy_4	4	-0.02938701499770438
sub-11	meta_metaphor	meta_L_temporal_pole	yy	YY	word_label	yy_5	yy_5	5	0.20098993778498647
sub-11	meta_metaphor	meta_L_temporal_pole	yy	YY	word_label	yy_19	yy_19	19	-0.3690224163031377
sub-11	meta_metaphor	meta_L_temporal_pole	yy	YY	word_label	yy_27	yy_27	27	-0.07181913559640747
sub-11	meta_metaphor	meta_L_temporal_pole	yy	YY	word_label	yy_23	yy_23	23	0.08901412264960769
sub-11	meta_metaphor	meta_L_temporal_pole	yy	YY	word_label	yy_24	yy_24	24	-0.27358792369360374
sub-11	meta_metaphor	meta_L_temporal_pole	yy	YY	word_label	yy_32	yy_32	32	0.21827489759950044
sub-11	meta_metaphor	meta_L_temporal_pole	yy	YY	word_label	yy_21	yy_21	21	0.2591308594293558
sub-11	meta_metaphor	meta_L_temporal_pole	yy	YY	word_label	yy_40	yy_40	40	-0.1501537949200047
sub-11	meta_metaphor	meta_L_temporal_pole	yy	YY	word_label	yy_15	yy_15	15	-0.29668555325356233
sub-11	meta_metaphor	meta_L_temporal_pole	yy	YY	word_label	yy_38	yy_38	38	-0.021378736152960286
sub-11	meta_metaphor	meta_L_temporal_pole	yy	YY	word_label	yy_35	yy_35	35	0.20003663637849062
sub-11	meta_metaphor	meta_L_temporal_pole	yy	YY	word_label	yy_7	yy_7	7	0.12587451939459243
sub-11	meta_metaphor	meta_L_temporal_pole	yy	YY	word_label	yy_14	yy_14	14	0.27477003270824085
sub-11	meta_metaphor	meta_L_temporal_pole	yy	YY	word_label	yy_37	yy_37	37	0.17527018595000513
sub-11	meta_metaphor	meta_L_temporal_pole	yy	YY	word_label	yy_26	yy_26	26	-0.3576082198760699
sub-11	meta_metaphor	meta_L_temporal_pole	yy	YY	word_label	yy_10	yy_10	10	-0.07014758266359793
sub-11	meta_metaphor	meta_L_temporal_pole	yy	YY	word_label	yy_17	yy_17	17	0.0337043252888019
sub-11	meta_metaphor	meta_L_temporal_pole	yy	YY	word_label	yy_13	yy_13	13	-0.24660190467446397
sub-11	meta_metaphor	meta_L_temporal_pole	yy	YY	word_label	yy_33	yy_33	33	0.2000088658739137
sub-11	meta_metaphor	meta_L_temporal_pole	yy	YY	word_label	yy_2	yy_2	2	0.06225047390314616
sub-11	meta_metaphor	meta_L_temporal_pole	yy	YY	word_label	yy_11	yy_11	11	0.3417652604603918
sub-11	meta_metaphor	meta_L_temporal_pole	yy	YY	word_label	yy_6	yy_6	6	-0.07221365139886496
sub-11	meta_metaphor	meta_L_temporal_pole	yy	YY	word_label	yy_39	yy_39	39	0.13785479749510438
sub-11	meta_metaphor	meta_L_temporal_pole	yy	YY	word_label	yy_8	yy_8	8	0.11483493426405898
sub-11	meta_metaphor	meta_L_temporal_pole	kj	KJ	word_label	kj_9	kj_9	9	0.31528278799949555
sub-11	meta_metaphor	meta_L_temporal_pole	kj	KJ	word_label	kj_14	kj_14	14	0.004103061597232381
sub-11	meta_metaphor	meta_L_temporal_pole	kj	KJ	word_label	kj_38	kj_38	38	-0.5373084284571366
sub-11	meta_metaphor	meta_L_temporal_pole	kj	KJ	word_label	kj_31	kj_31	31	-0.03596188070437168
sub-11	meta_metaphor	meta_L_temporal_pole	kj	KJ	word_label	kj_15	kj_15	15	0.021196790114094755
sub-11	meta_metaphor	meta_L_temporal_pole	kj	KJ	word_label	kj_13	kj_13	13	-0.1176183056449645
sub-11	meta_metaphor	meta_L_temporal_pole	kj	KJ	word_label	kj_17	kj_17	17	0.25265676844980883
sub-11	meta_metaphor	meta_L_temporal_pole	kj	KJ	word_label	kj_6	kj_6	6	0.033612947068368974
sub-11	meta_metaphor	meta_L_temporal_pole	kj	KJ	word_label	kj_25	kj_25	25	0.062369507918869964
sub-11	meta_metaphor	meta_L_temporal_pole	kj	KJ	word_label	kj_11	kj_11	11	0.09848315248018831
sub-11	meta_metaphor	meta_L_temporal_pole	kj	KJ	word_label	kj_36	kj_36	36	-0.1509787785001024
sub-11	meta_metaphor	meta_L_temporal_pole	kj	KJ	word_label	kj_2	kj_2	2	-0.2667936891805859
sub-11	meta_metaphor	meta_L_temporal_pole	kj	KJ	word_label	kj_37	kj_37	37	-0.33995572744747155
sub-11	meta_metaphor	meta_L_temporal_pole	kj	KJ	word_label	kj_8	kj_8	8	0.04707160958041446
sub-11	meta_metaphor	meta_L_temporal_pole	kj	KJ	word_label	kj_33	kj_33	33	-0.25698095689883793
sub-11	meta_metaphor	meta_L_temporal_pole	kj	KJ	word_label	kj_34	kj_34	34	0.017065428865114803
sub-11	meta_metaphor	meta_L_temporal_pole	kj	KJ	word_label	kj_12	kj_12	12	0.12409120795454852
sub-11	meta_metaphor	meta_L_temporal_pole	kj	KJ	word_label	kj_5	kj_5	5	-0.11370288857122023
sub-11	meta_metaphor	meta_L_temporal_pole	kj	KJ	word_label	kj_29	kj_29	29	0.10488371506398428
sub-11	meta_metaphor	meta_L_temporal_pole	kj	KJ	word_label	kj_28	kj_28	28	0.162760018556045
sub-11	meta_metaphor	meta_L_temporal_pole	kj	KJ	word_label	kj_30	kj_30	30	0.18621035956544607
sub-11	meta_metaphor	meta_L_temporal_pole	kj	KJ	word_label	kj_20	kj_20	20	0.22063048916614966
sub-11	meta_metaphor	meta_L_temporal_pole	kj	KJ	word_label	kj_3	kj_3	3	0.1369319314626513
sub-11	meta_metaphor	meta_L_temporal_pole	kj	KJ	word_label	kj_1	kj_1	1	0.12507599330347688
sub-11	meta_metaphor	meta_L_temporal_pole	kj	KJ	word_label	kj_19	kj_19	19	0.44524995341548207
sub-11	meta_metaphor	meta_L_temporal_pole	kj	KJ	word_label	kj_22	kj_22	22	-0.3407538593278579
sub-11	meta_metaphor	meta_L_temporal_pole	kj	KJ	word_label	kj_10	kj_10	10	0.10515113302111778
sub-11	meta_metaphor	meta_L_temporal_pole	kj	KJ	word_label	kj_26	kj_26	26	0.1194578849827047
sub-11	meta_metaphor	meta_L_temporal_pole	kj	KJ	word_label	kj_39	kj_39	39	-0.16650869566948948
sub-11	meta_metaphor	meta_L_temporal_pole	kj	KJ	word_label	kj_27	kj_27	27	0.05490790092666377
sub-11	meta_metaphor	meta_L_temporal_pole	kj	KJ	word_label	kj_21	kj_21	21	0.19950622406944366
sub-11	meta_metaphor	meta_L_temporal_pole	kj	KJ	word_label	kj_24	kj_24	24	-0.29943067810012486
sub-11	meta_metaphor	meta_L_temporal_pole	kj	KJ	word_label	kj_23	kj_23	23	0.435699082198201
sub-11	meta_metaphor	meta_L_temporal_pole	kj	KJ	word_label	kj_7	kj_7	7	-0.0019194372666493245
sub-11	meta_metaphor	meta_L_temporal_pole	kj	KJ	word_label	kj_16	kj_16	16	0.5921940319720419
sub-11	meta_metaphor	meta_R_AG	yy	YY	word_label	yy_29	yy_29	29	0.4317553050875925
sub-11	meta_metaphor	meta_R_AG	yy	YY	word_label	yy_18	yy_18	18	0.044922950176917005
sub-11	meta_metaphor	meta_R_AG	yy	YY	word_label	yy_28	yy_28	28	0.275966233863123
sub-11	meta_metaphor	meta_R_AG	yy	YY	word_label	yy_1	yy_1	1	0.07240579402393733
sub-11	meta_metaphor	meta_R_AG	yy	YY	word_label	yy_3	yy_3	3	0.05340162732786752
sub-11	meta_metaphor	meta_R_AG	yy	YY	word_label	yy_36	yy_36	36	0.35610930853023487
sub-11	meta_metaphor	meta_R_AG	yy	YY	word_label	yy_9	yy_9	9	0.5117209713852723
sub-11	meta_metaphor	meta_R_AG	yy	YY	word_label	yy_16	yy_16	16	0.12946957037338042
sub-11	meta_metaphor	meta_R_AG	yy	YY	word_label	yy_12	yy_12	12	0.15991081973141089
sub-11	meta_metaphor	meta_R_AG	yy	YY	word_label	yy_22	yy_22	22	0.27180163780195404
sub-11	meta_metaphor	meta_R_AG	yy	YY	word_label	yy_4	yy_4	4	0.18783226584594886
sub-11	meta_metaphor	meta_R_AG	yy	YY	word_label	yy_5	yy_5	5	0.36645457820017924
sub-11	meta_metaphor	meta_R_AG	yy	YY	word_label	yy_19	yy_19	19	0.15751029149048143
sub-11	meta_metaphor	meta_R_AG	yy	YY	word_label	yy_27	yy_27	27	-0.17274411079547727
sub-11	meta_metaphor	meta_R_AG	yy	YY	word_label	yy_23	yy_23	23	-0.0321426030755583
sub-11	meta_metaphor	meta_R_AG	yy	YY	word_label	yy_24	yy_24	24	0.19423340189286176
sub-11	meta_metaphor	meta_R_AG	yy	YY	word_label	yy_32	yy_32	32	0.3378525531590384
sub-11	meta_metaphor	meta_R_AG	yy	YY	word_label	yy_21	yy_21	21	-0.007177145801101643
sub-11	meta_metaphor	meta_R_AG	yy	YY	word_label	yy_40	yy_40	40	0.06681670856888675
sub-11	meta_metaphor	meta_R_AG	yy	YY	word_label	yy_15	yy_15	15	0.48832580738323433
sub-11	meta_metaphor	meta_R_AG	yy	YY	word_label	yy_38	yy_38	38	0.3909676655636672
sub-11	meta_metaphor	meta_R_AG	yy	YY	word_label	yy_35	yy_35	35	0.3388618799501087
sub-11	meta_metaphor	meta_R_AG	yy	YY	word_label	yy_7	yy_7	7	0.16828317820763608
sub-11	meta_metaphor	meta_R_AG	yy	YY	word_label	yy_14	yy_14	14	0.29139863537641353
sub-11	meta_metaphor	meta_R_AG	yy	YY	word_label	yy_37	yy_37	37	-0.24112024179272584
sub-11	meta_metaphor	meta_R_AG	yy	YY	word_label	yy_26	yy_26	26	0.42468881834228556
sub-11	meta_metaphor	meta_R_AG	yy	YY	word_label	yy_10	yy_10	10	0.5982828734650035
sub-11	meta_metaphor	meta_R_AG	yy	YY	word_label	yy_17	yy_17	17	0.08290249978953046
sub-11	meta_metaphor	meta_R_AG	yy	YY	word_label	yy_13	yy_13	13	0.36005528478212456
sub-11	meta_metaphor	meta_R_AG	yy	YY	word_label	yy_33	yy_33	33	0.11377595766016461
sub-11	meta_metaphor	meta_R_AG	yy	YY	word_label	yy_2	yy_2	2	-0.003842450976493973
sub-11	meta_metaphor	meta_R_AG	yy	YY	word_label	yy_11	yy_11	11	0.41864626024906515
sub-11	meta_metaphor	meta_R_AG	yy	YY	word_label	yy_6	yy_6	6	0.16825369249653632
sub-11	meta_metaphor	meta_R_AG	yy	YY	word_label	yy_39	yy_39	39	-0.094549463604921
sub-11	meta_metaphor	meta_R_AG	yy	YY	word_label	yy_8	yy_8	8	0.5714510732664568
sub-11	meta_metaphor	meta_R_AG	kj	KJ	word_label	kj_9	kj_9	9	0.2521022423900531
sub-11	meta_metaphor	meta_R_AG	kj	KJ	word_label	kj_14	kj_14	14	0.2620388395443702
sub-11	meta_metaphor	meta_R_AG	kj	KJ	word_label	kj_38	kj_38	38	-0.08482714405085816
sub-11	meta_metaphor	meta_R_AG	kj	KJ	word_label	kj_31	kj_31	31	-0.011624881233421936
sub-11	meta_metaphor	meta_R_AG	kj	KJ	word_label	kj_15	kj_15	15	0.07305335184443729
sub-11	meta_metaphor	meta_R_AG	kj	KJ	word_label	kj_13	kj_13	13	0.4990680129512321
sub-11	meta_metaphor	meta_R_AG	kj	KJ	word_label	kj_17	kj_17	17	0.5013030550910873
sub-11	meta_metaphor	meta_R_AG	kj	KJ	word_label	kj_6	kj_6	6	-0.15218718227202574
sub-11	meta_metaphor	meta_R_AG	kj	KJ	word_label	kj_25	kj_25	25	0.08737398024955281
sub-11	meta_metaphor	meta_R_AG	kj	KJ	word_label	kj_11	kj_11	11	0.027213218829902467
sub-11	meta_metaphor	meta_R_AG	kj	KJ	word_label	kj_36	kj_36	36	-0.40759825421205587
sub-11	meta_metaphor	meta_R_AG	kj	KJ	word_label	kj_2	kj_2	2	0.4689750159294194
sub-11	meta_metaphor	meta_R_AG	kj	KJ	word_label	kj_37	kj_37	37	0.5240265547403005
sub-11	meta_metaphor	meta_R_AG	kj	KJ	word_label	kj_8	kj_8	8	0.5137104404105488
sub-11	meta_metaphor	meta_R_AG	kj	KJ	word_label	kj_33	kj_33	33	-0.10527770378390071
sub-11	meta_metaphor	meta_R_AG	kj	KJ	word_label	kj_34	kj_34	34	0.255660624800816
sub-11	meta_metaphor	meta_R_AG	kj	KJ	word_label	kj_12	kj_12	12	0.13086258231780865
sub-11	meta_metaphor	meta_R_AG	kj	KJ	word_label	kj_5	kj_5	5	0.2938056569341745
sub-11	meta_metaphor	meta_R_AG	kj	KJ	word_label	kj_29	kj_29	29	0.3049116277169966
sub-11	meta_metaphor	meta_R_AG	kj	KJ	word_label	kj_28	kj_28	28	0.5881957359292243
sub-11	meta_metaphor	meta_R_AG	kj	KJ	word_label	kj_30	kj_30	30	0.24028691765600368
sub-11	meta_metaphor	meta_R_AG	kj	KJ	word_label	kj_20	kj_20	20	-0.16943500731345665
sub-11	meta_metaphor	meta_R_AG	kj	KJ	word_label	kj_3	kj_3	3	0.2970510803192619
sub-11	meta_metaphor	meta_R_AG	kj	KJ	word_label	kj_1	kj_1	1	0.4330466492327103
sub-11	meta_metaphor	meta_R_AG	kj	KJ	word_label	kj_19	kj_19	19	0.15850267485358077
sub-11	meta_metaphor	meta_R_AG	kj	KJ	word_label	kj_22	kj_22	22	-0.06585437826254552
sub-11	meta_metaphor	meta_R_AG	kj	KJ	word_label	kj_10	kj_10	10	-0.16588572853357766
sub-11	meta_metaphor	meta_R_AG	kj	KJ	word_label	kj_26	kj_26	26	-0.08729242231012159
sub-11	meta_metaphor	meta_R_AG	kj	KJ	word_label	kj_39	kj_39	39	0.44018756218964
sub-11	meta_metaphor	meta_R_AG	kj	KJ	word_label	kj_27	kj_27	27	-0.22112581630839837
sub-11	meta_metaphor	meta_R_AG	kj	KJ	word_label	kj_21	kj_21	21	0.0724667450154357
sub-11	meta_metaphor	meta_R_AG	kj	KJ	word_label	kj_24	kj_24	24	-0.07334985714544379
sub-11	meta_metaphor	meta_R_AG	kj	KJ	word_label	kj_23	kj_23	23	-0.36013236671832144
sub-11	meta_metaphor	meta_R_AG	kj	KJ	word_label	kj_7	kj_7	7	-0.17316450307897813
sub-11	meta_metaphor	meta_R_AG	kj	KJ	word_label	kj_16	kj_16	16	-0.05324897073682323
sub-11	meta_metaphor	meta_R_IFG	yy	YY	word_label	yy_29	yy_29	29	0.6099080972234499
sub-11	meta_metaphor	meta_R_IFG	yy	YY	word_label	yy_18	yy_18	18	0.1142263399383234
sub-11	meta_metaphor	meta_R_IFG	yy	YY	word_label	yy_28	yy_28	28	-0.03383261067493153
sub-11	meta_metaphor	meta_R_IFG	yy	YY	word_label	yy_1	yy_1	1	0.5159439490582663
sub-11	meta_metaphor	meta_R_IFG	yy	YY	word_label	yy_3	yy_3	3	-0.5350446399667773
sub-11	meta_metaphor	meta_R_IFG	yy	YY	word_label	yy_36	yy_36	36	0.37654525477434886
sub-11	meta_metaphor	meta_R_IFG	yy	YY	word_label	yy_9	yy_9	9	-0.13592329022968097
sub-11	meta_metaphor	meta_R_IFG	yy	YY	word_label	yy_16	yy_16	16	0.6829166854736312
sub-11	meta_metaphor	meta_R_IFG	yy	YY	word_label	yy_12	yy_12	12	0.5188518715827561
sub-11	meta_metaphor	meta_R_IFG	yy	YY	word_label	yy_22	yy_22	22	0.3065109278580718
sub-11	meta_metaphor	meta_R_IFG	yy	YY	word_label	yy_4	yy_4	4	-0.2942924095925462
sub-11	meta_metaphor	meta_R_IFG	yy	YY	word_label	yy_5	yy_5	5	0.6879677795997028
sub-11	meta_metaphor	meta_R_IFG	yy	YY	word_label	yy_19	yy_19	19	0.43588103042698617
sub-11	meta_metaphor	meta_R_IFG	yy	YY	word_label	yy_27	yy_27	27	0.3468648999875376
sub-11	meta_metaphor	meta_R_IFG	yy	YY	word_label	yy_23	yy_23	23	0.22720780051567457
sub-11	meta_metaphor	meta_R_IFG	yy	YY	word_label	yy_24	yy_24	24	0.1356898666608071
sub-11	meta_metaphor	meta_R_IFG	yy	YY	word_label	yy_32	yy_32	32	-0.0753561458402599
sub-11	meta_metaphor	meta_R_IFG	yy	YY	word_label	yy_21	yy_21	21	0.3485551231772022
sub-11	meta_metaphor	meta_R_IFG	yy	YY	word_label	yy_40	yy_40	40	0.36991374491839096
sub-11	meta_metaphor	meta_R_IFG	yy	YY	word_label	yy_15	yy_15	15	0.22139189856775987
sub-11	meta_metaphor	meta_R_IFG	yy	YY	word_label	yy_38	yy_38	38	0.344414657623078
sub-11	meta_metaphor	meta_R_IFG	yy	YY	word_label	yy_35	yy_35	35	-0.0756712989825508
sub-11	meta_metaphor	meta_R_IFG	yy	YY	word_label	yy_7	yy_7	7	0.1043371686726114
sub-11	meta_metaphor	meta_R_IFG	yy	YY	word_label	yy_14	yy_14	14	0.21464386347046152
sub-11	meta_metaphor	meta_R_IFG	yy	YY	word_label	yy_37	yy_37	37	-0.20802701025351789
sub-11	meta_metaphor	meta_R_IFG	yy	YY	word_label	yy_26	yy_26	26	0.435826572136293
sub-11	meta_metaphor	meta_R_IFG	yy	YY	word_label	yy_10	yy_10	10	0.21551611323948586
sub-11	meta_metaphor	meta_R_IFG	yy	YY	word_label	yy_17	yy_17	17	-0.4650794167997916
sub-11	meta_metaphor	meta_R_IFG	yy	YY	word_label	yy_13	yy_13	13	0.36749038586537147
sub-11	meta_metaphor	meta_R_IFG	yy	YY	word_label	yy_33	yy_33	33	0.3997246927213275
sub-11	meta_metaphor	meta_R_IFG	yy	YY	word_label	yy_2	yy_2	2	0.40687122381290125
sub-11	meta_metaphor	meta_R_IFG	yy	YY	word_label	yy_11	yy_11	11	0.5929418576529555
sub-11	meta_metaphor	meta_R_IFG	yy	YY	word_label	yy_6	yy_6	6	0.04920599687875071
sub-11	meta_metaphor	meta_R_IFG	yy	YY	word_label	yy_39	yy_39	39	-0.2615060729937679
sub-11	meta_metaphor	meta_R_IFG	yy	YY	word_label	yy_8	yy_8	8	0.29292429559957883
sub-11	meta_metaphor	meta_R_IFG	kj	KJ	word_label	kj_9	kj_9	9	0.6088089211945032
sub-11	meta_metaphor	meta_R_IFG	kj	KJ	word_label	kj_14	kj_14	14	0.5526953366183955
sub-11	meta_metaphor	meta_R_IFG	kj	KJ	word_label	kj_38	kj_38	38	0.3176290738848993
sub-11	meta_metaphor	meta_R_IFG	kj	KJ	word_label	kj_31	kj_31	31	-0.2294584088739701
sub-11	meta_metaphor	meta_R_IFG	kj	KJ	word_label	kj_15	kj_15	15	0.3303704595027598
sub-11	meta_metaphor	meta_R_IFG	kj	KJ	word_label	kj_13	kj_13	13	0.2640026388932388
sub-11	meta_metaphor	meta_R_IFG	kj	KJ	word_label	kj_17	kj_17	17	0.5133813274654816
sub-11	meta_metaphor	meta_R_IFG	kj	KJ	word_label	kj_6	kj_6	6	0.5108358367963189
sub-11	meta_metaphor	meta_R_IFG	kj	KJ	word_label	kj_25	kj_25	25	0.21757290505693985
sub-11	meta_metaphor	meta_R_IFG	kj	KJ	word_label	kj_11	kj_11	11	0.1691771150109351
sub-11	meta_metaphor	meta_R_IFG	kj	KJ	word_label	kj_36	kj_36	36	0.08377877824487791
sub-11	meta_metaphor	meta_R_IFG	kj	KJ	word_label	kj_2	kj_2	2	-0.24908471166597285
sub-11	meta_metaphor	meta_R_IFG	kj	KJ	word_label	kj_37	kj_37	37	0.5396158036734944
sub-11	meta_metaphor	meta_R_IFG	kj	KJ	word_label	kj_8	kj_8	8	0.31818656677494805
sub-11	meta_metaphor	meta_R_IFG	kj	KJ	word_label	kj_33	kj_33	33	0.40490091408300005
sub-11	meta_metaphor	meta_R_IFG	kj	KJ	word_label	kj_34	kj_34	34	0.1751296055010588
sub-11	meta_metaphor	meta_R_IFG	kj	KJ	word_label	kj_12	kj_12	12	-0.48138515917239255
sub-11	meta_metaphor	meta_R_IFG	kj	KJ	word_label	kj_5	kj_5	5	0.15504715438294678
sub-11	meta_metaphor	meta_R_IFG	kj	KJ	word_label	kj_29	kj_29	29	0.19771004181111854
sub-11	meta_metaphor	meta_R_IFG	kj	KJ	word_label	kj_28	kj_28	28	0.1863058381528821
sub-11	meta_metaphor	meta_R_IFG	kj	KJ	word_label	kj_30	kj_30	30	0.11622335660681483
sub-11	meta_metaphor	meta_R_IFG	kj	KJ	word_label	kj_20	kj_20	20	0.5727288093175243
sub-11	meta_metaphor	meta_R_IFG	kj	KJ	word_label	kj_3	kj_3	3	-0.11222804549617175
sub-11	meta_metaphor	meta_R_IFG	kj	KJ	word_label	kj_1	kj_1	1	0.06973234072549207
sub-11	meta_metaphor	meta_R_IFG	kj	KJ	word_label	kj_19	kj_19	19	0.36432509824483233
sub-11	meta_metaphor	meta_R_IFG	kj	KJ	word_label	kj_22	kj_22	22	-0.14693631621629483
sub-11	meta_metaphor	meta_R_IFG	kj	KJ	word_label	kj_10	kj_10	10	0.159875302286166
sub-11	meta_metaphor	meta_R_IFG	kj	KJ	word_label	kj_26	kj_26	26	0.2759591136662171
sub-11	meta_metaphor	meta_R_IFG	kj	KJ	word_label	kj_39	kj_39	39	0.5576845219038563
sub-11	meta_metaphor	meta_R_IFG	kj	KJ	word_label	kj_27	kj_27	27	0.24452730674367398
sub-11	meta_metaphor	meta_R_IFG	kj	KJ	word_label	kj_21	kj_21	21	0.09106853352113305
sub-11	meta_metaphor	meta_R_IFG	kj	KJ	word_label	kj_24	kj_24	24	0.3165065993363181
sub-11	meta_metaphor	meta_R_IFG	kj	KJ	word_label	kj_23	kj_23	23	0.024738112323046537
sub-11	meta_metaphor	meta_R_IFG	kj	KJ	word_label	kj_7	kj_7	7	-0.1820162494715565
sub-11	meta_metaphor	meta_R_IFG	kj	KJ	word_label	kj_16	kj_16	16	0.5986536293728639
sub-11	meta_metaphor	meta_R_pMTG_pSTS	yy	YY	word_label	yy_29	yy_29	29	-0.30981114386700553
sub-11	meta_metaphor	meta_R_pMTG_pSTS	yy	YY	word_label	yy_18	yy_18	18	0.59310790196103
sub-11	meta_metaphor	meta_R_pMTG_pSTS	yy	YY	word_label	yy_28	yy_28	28	0.3626033764225583
sub-11	meta_metaphor	meta_R_pMTG_pSTS	yy	YY	word_label	yy_1	yy_1	1	-0.03771272441504643
sub-11	meta_metaphor	meta_R_pMTG_pSTS	yy	YY	word_label	yy_3	yy_3	3	0.053005749999437204
sub-11	meta_metaphor	meta_R_pMTG_pSTS	yy	YY	word_label	yy_36	yy_36	36	0.526851763050066
sub-11	meta_metaphor	meta_R_pMTG_pSTS	yy	YY	word_label	yy_9	yy_9	9	0.031147749358937285
sub-11	meta_metaphor	meta_R_pMTG_pSTS	yy	YY	word_label	yy_16	yy_16	16	-0.5278727535329926
sub-11	meta_metaphor	meta_R_pMTG_pSTS	yy	YY	word_label	yy_12	yy_12	12	-0.10490696491851088
sub-11	meta_metaphor	meta_R_pMTG_pSTS	yy	YY	word_label	yy_22	yy_22	22	-0.055183356264597694
sub-11	meta_metaphor	meta_R_pMTG_pSTS	yy	YY	word_label	yy_4	yy_4	4	-0.23941851113614498
sub-11	meta_metaphor	meta_R_pMTG_pSTS	yy	YY	word_label	yy_5	yy_5	5	0.014851858488155064
sub-11	meta_metaphor	meta_R_pMTG_pSTS	yy	YY	word_label	yy_19	yy_19	19	-0.23029449743774577
sub-11	meta_metaphor	meta_R_pMTG_pSTS	yy	YY	word_label	yy_27	yy_27	27	-0.4365285073849095
sub-11	meta_metaphor	meta_R_pMTG_pSTS	yy	YY	word_label	yy_23	yy_23	23	-0.30677578606759875
sub-11	meta_metaphor	meta_R_pMTG_pSTS	yy	YY	word_label	yy_24	yy_24	24	0.16596895858362973
sub-11	meta_metaphor	meta_R_pMTG_pSTS	yy	YY	word_label	yy_32	yy_32	32	0.12279088880640764
sub-11	meta_metaphor	meta_R_pMTG_pSTS	yy	YY	word_label	yy_21	yy_21	21	-0.09946450012482068
sub-11	meta_metaphor	meta_R_pMTG_pSTS	yy	YY	word_label	yy_40	yy_40	40	-0.13406100898323847
sub-11	meta_metaphor	meta_R_pMTG_pSTS	yy	YY	word_label	yy_15	yy_15	15	-0.045910122749816894
sub-11	meta_metaphor	meta_R_pMTG_pSTS	yy	YY	word_label	yy_38	yy_38	38	0.009218656086792485
sub-11	meta_metaphor	meta_R_pMTG_pSTS	yy	YY	word_label	yy_35	yy_35	35	0.29525794831165203
sub-11	meta_metaphor	meta_R_pMTG_pSTS	yy	YY	word_label	yy_7	yy_7	7	-0.3639981172090464
sub-11	meta_metaphor	meta_R_pMTG_pSTS	yy	YY	word_label	yy_14	yy_14	14	0.3222041306343591
sub-11	meta_metaphor	meta_R_pMTG_pSTS	yy	YY	word_label	yy_37	yy_37	37	-0.11440082253862931
sub-11	meta_metaphor	meta_R_pMTG_pSTS	yy	YY	word_label	yy_26	yy_26	26	0.06809379310931835
sub-11	meta_metaphor	meta_R_pMTG_pSTS	yy	YY	word_label	yy_10	yy_10	10	-0.22431301994199376
sub-11	meta_metaphor	meta_R_pMTG_pSTS	yy	YY	word_label	yy_17	yy_17	17	-0.2866910351124105
sub-11	meta_metaphor	meta_R_pMTG_pSTS	yy	YY	word_label	yy_13	yy_13	13	-0.23329877322515055
sub-11	meta_metaphor	meta_R_pMTG_pSTS	yy	YY	word_label	yy_33	yy_33	33	0.006175788028328592
sub-11	meta_metaphor	meta_R_pMTG_pSTS	yy	YY	word_label	yy_2	yy_2	2	0.26478615807760825
sub-11	meta_metaphor	meta_R_pMTG_pSTS	yy	YY	word_label	yy_11	yy_11	11	0.4060339147742776
sub-11	meta_metaphor	meta_R_pMTG_pSTS	yy	YY	word_label	yy_6	yy_6	6	0.0704720477522102
sub-11	meta_metaphor	meta_R_pMTG_pSTS	yy	YY	word_label	yy_39	yy_39	39	-0.03531885206477978
sub-11	meta_metaphor	meta_R_pMTG_pSTS	yy	YY	word_label	yy_8	yy_8	8	0.08171803639389869
sub-11	meta_metaphor	meta_R_pMTG_pSTS	kj	KJ	word_label	kj_9	kj_9	9	0.41403674298102083
sub-11	meta_metaphor	meta_R_pMTG_pSTS	kj	KJ	word_label	kj_14	kj_14	14	0.007698192412015951
sub-11	meta_metaphor	meta_R_pMTG_pSTS	kj	KJ	word_label	kj_38	kj_38	38	-0.4471952218039519
sub-11	meta_metaphor	meta_R_pMTG_pSTS	kj	KJ	word_label	kj_31	kj_31	31	0.09227790668196804
sub-11	meta_metaphor	meta_R_pMTG_pSTS	kj	KJ	word_label	kj_15	kj_15	15	0.3121182433352608
sub-11	meta_metaphor	meta_R_pMTG_pSTS	kj	KJ	word_label	kj_13	kj_13	13	-0.6718826250711248
sub-11	meta_metaphor	meta_R_pMTG_pSTS	kj	KJ	word_label	kj_17	kj_17	17	0.11326690978292837
sub-11	meta_metaphor	meta_R_pMTG_pSTS	kj	KJ	word_label	kj_6	kj_6	6	-0.087250523840621
sub-11	meta_metaphor	meta_R_pMTG_pSTS	kj	KJ	word_label	kj_25	kj_25	25	0.20204946648081512
sub-11	meta_metaphor	meta_R_pMTG_pSTS	kj	KJ	word_label	kj_11	kj_11	11	0.02340754514982317
sub-11	meta_metaphor	meta_R_pMTG_pSTS	kj	KJ	word_label	kj_36	kj_36	36	-0.3804401183632423
sub-11	meta_metaphor	meta_R_pMTG_pSTS	kj	KJ	word_label	kj_2	kj_2	2	-0.04795937760522452
sub-11	meta_metaphor	meta_R_pMTG_pSTS	kj	KJ	word_label	kj_37	kj_37	37	0.35159449658202735
sub-11	meta_metaphor	meta_R_pMTG_pSTS	kj	KJ	word_label	kj_8	kj_8	8	0.055016604281531566
sub-11	meta_metaphor	meta_R_pMTG_pSTS	kj	KJ	word_label	kj_33	kj_33	33	-0.5386547406513844
sub-11	meta_metaphor	meta_R_pMTG_pSTS	kj	KJ	word_label	kj_34	kj_34	34	-0.19696094214113835
sub-11	meta_metaphor	meta_R_pMTG_pSTS	kj	KJ	word_label	kj_12	kj_12	12	-0.2934760884330405
sub-11	meta_metaphor	meta_R_pMTG_pSTS	kj	KJ	word_label	kj_5	kj_5	5	0.2423646059387757
sub-11	meta_metaphor	meta_R_pMTG_pSTS	kj	KJ	word_label	kj_29	kj_29	29	0.08291516554339544
sub-11	meta_metaphor	meta_R_pMTG_pSTS	kj	KJ	word_label	kj_28	kj_28	28	-0.017518597697163588
sub-11	meta_metaphor	meta_R_pMTG_pSTS	kj	KJ	word_label	kj_30	kj_30	30	0.28125932153144095
sub-11	meta_metaphor	meta_R_pMTG_pSTS	kj	KJ	word_label	kj_20	kj_20	20	0.4425726140941338
sub-11	meta_metaphor	meta_R_pMTG_pSTS	kj	KJ	word_label	kj_3	kj_3	3	-0.18235778683632423
sub-11	meta_metaphor	meta_R_pMTG_pSTS	kj	KJ	word_label	kj_1	kj_1	1	0.0394621595808738
sub-11	meta_metaphor	meta_R_pMTG_pSTS	kj	KJ	word_label	kj_19	kj_19	19	0.07367119242932528
sub-11	meta_metaphor	meta_R_pMTG_pSTS	kj	KJ	word_label	kj_22	kj_22	22	0.12891185576500414
sub-11	meta_metaphor	meta_R_pMTG_pSTS	kj	KJ	word_label	kj_10	kj_10	10	-0.1778940170821314
sub-11	meta_metaphor	meta_R_pMTG_pSTS	kj	KJ	word_label	kj_26	kj_26	26	0.14825340212397078
sub-11	meta_metaphor	meta_R_pMTG_pSTS	kj	KJ	word_label	kj_39	kj_39	39	0.002581460945497112
sub-11	meta_metaphor	meta_R_pMTG_pSTS	kj	KJ	word_label	kj_27	kj_27	27	0.33055264055524153
sub-11	meta_metaphor	meta_R_pMTG_pSTS	kj	KJ	word_label	kj_21	kj_21	21	0.13182374103796282
sub-11	meta_metaphor	meta_R_pMTG_pSTS	kj	KJ	word_label	kj_24	kj_24	24	-0.5256228984657958
sub-11	meta_metaphor	meta_R_pMTG_pSTS	kj	KJ	word_label	kj_23	kj_23	23	0.3659342100993857
sub-11	meta_metaphor	meta_R_pMTG_pSTS	kj	KJ	word_label	kj_7	kj_7	7	-0.14422140021825497
sub-11	meta_metaphor	meta_R_pMTG_pSTS	kj	KJ	word_label	kj_16	kj_16	16	-0.25317192229006336
sub-11	meta_metaphor	meta_R_temporal_pole	yy	YY	word_label	yy_29	yy_29	29	-0.022253350593329176
sub-11	meta_metaphor	meta_R_temporal_pole	yy	YY	word_label	yy_18	yy_18	18	-0.08928535687443245
sub-11	meta_metaphor	meta_R_temporal_pole	yy	YY	word_label	yy_28	yy_28	28	0.08840900297591044
sub-11	meta_metaphor	meta_R_temporal_pole	yy	YY	word_label	yy_1	yy_1	1	-0.050756912790179
sub-11	meta_metaphor	meta_R_temporal_pole	yy	YY	word_label	yy_3	yy_3	3	0.009637629632875129
sub-11	meta_metaphor	meta_R_temporal_pole	yy	YY	word_label	yy_36	yy_36	36	0.14203480645321642
sub-11	meta_metaphor	meta_R_temporal_pole	yy	YY	word_label	yy_9	yy_9	9	-0.12949782010813288
sub-11	meta_metaphor	meta_R_temporal_pole	yy	YY	word_label	yy_16	yy_16	16	-0.02038342887986097
sub-11	meta_metaphor	meta_R_temporal_pole	yy	YY	word_label	yy_12	yy_12	12	0.06547164090044803
sub-11	meta_metaphor	meta_R_temporal_pole	yy	YY	word_label	yy_22	yy_22	22	0.021742675247197293
sub-11	meta_metaphor	meta_R_temporal_pole	yy	YY	word_label	yy_4	yy_4	4	-0.11733225183284032
sub-11	meta_metaphor	meta_R_temporal_pole	yy	YY	word_label	yy_5	yy_5	5	-0.1452453055165568
sub-11	meta_metaphor	meta_R_temporal_pole	yy	YY	word_label	yy_19	yy_19	19	-0.029092465253028447
sub-11	meta_metaphor	meta_R_temporal_pole	yy	YY	word_label	yy_27	yy_27	27	0.1112388113403106
sub-11	meta_metaphor	meta_R_temporal_pole	yy	YY	word_label	yy_23	yy_23	23	-0.06372833390032281
sub-11	meta_metaphor	meta_R_temporal_pole	yy	YY	word_label	yy_24	yy_24	24	-0.09174031646795434
sub-11	meta_metaphor	meta_R_temporal_pole	yy	YY	word_label	yy_32	yy_32	32	-0.10281877076139323
sub-11	meta_metaphor	meta_R_temporal_pole	yy	YY	word_label	yy_21	yy_21	21	-0.003256414004834867
sub-11	meta_metaphor	meta_R_temporal_pole	yy	YY	word_label	yy_40	yy_40	40	0.03462383151888883
sub-11	meta_metaphor	meta_R_temporal_pole	yy	YY	word_label	yy_15	yy_15	15	-0.011473396505064487
sub-11	meta_metaphor	meta_R_temporal_pole	yy	YY	word_label	yy_38	yy_38	38	-0.12846445908385615
sub-11	meta_metaphor	meta_R_temporal_pole	yy	YY	word_label	yy_35	yy_35	35	-0.009338244203756233
sub-11	meta_metaphor	meta_R_temporal_pole	yy	YY	word_label	yy_7	yy_7	7	-0.007753911305464366
sub-11	meta_metaphor	meta_R_temporal_pole	yy	YY	word_label	yy_14	yy_14	14	-0.12121817047644282
sub-11	meta_metaphor	meta_R_temporal_pole	yy	YY	word_label	yy_37	yy_37	37	-0.10725030865997394
sub-11	meta_metaphor	meta_R_temporal_pole	yy	YY	word_label	yy_26	yy_26	26	-0.08098832375110672
sub-11	meta_metaphor	meta_R_temporal_pole	yy	YY	word_label	yy_10	yy_10	10	-0.054596232463999146
sub-11	meta_metaphor	meta_R_temporal_pole	yy	YY	word_label	yy_17	yy_17	17	-0.0005939724745705372
sub-11	meta_metaphor	meta_R_temporal_pole	yy	YY	word_label	yy_13	yy_13	13	-0.014859500869216039
sub-11	meta_metaphor	meta_R_temporal_pole	yy	YY	word_label	yy_33	yy_33	33	0.06703687684258487
sub-11	meta_metaphor	meta_R_temporal_pole	yy	YY	word_label	yy_2	yy_2	2	0.07031405616199538
sub-11	meta_metaphor	meta_R_temporal_pole	yy	YY	word_label	yy_11	yy_11	11	-0.18305232311068134
sub-11	meta_metaphor	meta_R_temporal_pole	yy	YY	word_label	yy_6	yy_6	6	-0.034297692513610326
sub-11	meta_metaphor	meta_R_temporal_pole	yy	YY	word_label	yy_39	yy_39	39	-0.011624475833241157
sub-11	meta_metaphor	meta_R_temporal_pole	yy	YY	word_label	yy_8	yy_8	8	-0.22882985798546276
sub-11	meta_metaphor	meta_R_temporal_pole	kj	KJ	word_label	kj_9	kj_9	9	0.09908098300917731
sub-11	meta_metaphor	meta_R_temporal_pole	kj	KJ	word_label	kj_14	kj_14	14	0.02164138650090249
sub-11	meta_metaphor	meta_R_temporal_pole	kj	KJ	word_label	kj_38	kj_38	38	-0.044457784103763956
sub-11	meta_metaphor	meta_R_temporal_pole	kj	KJ	word_label	kj_31	kj_31	31	-0.01891039172061432
sub-11	meta_metaphor	meta_R_temporal_pole	kj	KJ	word_label	kj_15	kj_15	15	-0.05944893328523942
sub-11	meta_metaphor	meta_R_temporal_pole	kj	KJ	word_label	kj_13	kj_13	13	0.030576184629670346
sub-11	meta_metaphor	meta_R_temporal_pole	kj	KJ	word_label	kj_17	kj_17	17	-0.06505939184434749
sub-11	meta_metaphor	meta_R_temporal_pole	kj	KJ	word_label	kj_6	kj_6	6	-0.16469882016380621
sub-11	meta_metaphor	meta_R_temporal_pole	kj	KJ	word_label	kj_25	kj_25	25	-0.0691848306221092
sub-11	meta_metaphor	meta_R_temporal_pole	kj	KJ	word_label	kj_11	kj_11	11	-0.1298655317776054
sub-11	meta_metaphor	meta_R_temporal_pole	kj	KJ	word_label	kj_36	kj_36	36	-0.23867885786205553
sub-11	meta_metaphor	meta_R_temporal_pole	kj	KJ	word_label	kj_2	kj_2	2	-0.24165147659016314
sub-11	meta_metaphor	meta_R_temporal_pole	kj	KJ	word_label	kj_37	kj_37	37	-0.06729758160256501
sub-11	meta_metaphor	meta_R_temporal_pole	kj	KJ	word_label	kj_8	kj_8	8	-0.2422683131765786
sub-11	meta_metaphor	meta_R_temporal_pole	kj	KJ	word_label	kj_33	kj_33	33	-0.14666691920672761
sub-11	meta_metaphor	meta_R_temporal_pole	kj	KJ	word_label	kj_34	kj_34	34	0.017471001302887763
sub-11	meta_metaphor	meta_R_temporal_pole	kj	KJ	word_label	kj_12	kj_12	12	-0.049660365478562854
sub-11	meta_metaphor	meta_R_temporal_pole	kj	KJ	word_label	kj_5	kj_5	5	-0.019817860476499197
sub-11	meta_metaphor	meta_R_temporal_pole	kj	KJ	word_label	kj_29	kj_29	29	-0.06760506591582495
sub-11	meta_metaphor	meta_R_temporal_pole	kj	KJ	word_label	kj_28	kj_28	28	-0.03359596931868354
sub-11	meta_metaphor	meta_R_temporal_pole	kj	KJ	word_label	kj_30	kj_30	30	0.03532187708098224
sub-11	meta_metaphor	meta_R_temporal_pole	kj	KJ	word_label	kj_20	kj_20	20	-0.05357979918212995
sub-11	meta_metaphor	meta_R_temporal_pole	kj	KJ	word_label	kj_3	kj_3	3	-0.04129094829668512
sub-11	meta_metaphor	meta_R_temporal_pole	kj	KJ	word_label	kj_1	kj_1	1	0.03872216111514647
sub-11	meta_metaphor	meta_R_temporal_pole	kj	KJ	word_label	kj_19	kj_19	19	-0.026816825616126458
sub-11	meta_metaphor	meta_R_temporal_pole	kj	KJ	word_label	kj_22	kj_22	22	-0.04766996799988992
sub-11	meta_metaphor	meta_R_temporal_pole	kj	KJ	word_label	kj_10	kj_10	10	-0.20131302204662063
sub-11	meta_metaphor	meta_R_temporal_pole	kj	KJ	word_label	kj_26	kj_26	26	-0.021161420257472485
sub-11	meta_metaphor	meta_R_temporal_pole	kj	KJ	word_label	kj_39	kj_39	39	-0.04120524680974145
sub-11	meta_metaphor	meta_R_temporal_pole	kj	KJ	word_label	kj_27	kj_27	27	-0.1646243530526833
sub-11	meta_metaphor	meta_R_temporal_pole	kj	KJ	word_label	kj_21	kj_21	21	0.005704769985917615
sub-11	meta_metaphor	meta_R_temporal_pole	kj	KJ	word_label	kj_24	kj_24	24	-0.047189292894064615
sub-11	meta_metaphor	meta_R_temporal_pole	kj	KJ	word_label	kj_23	kj_23	23	-0.11170721665631866
sub-11	meta_metaphor	meta_R_temporal_pole	kj	KJ	word_label	kj_7	kj_7	7	-0.013097551031366079
sub-11	meta_metaphor	meta_R_temporal_pole	kj	KJ	word_label	kj_16	kj_16	16	0.008400391263095575
sub-12	meta_metaphor	meta_L_AG	yy	YY	word_label	yy_39	yy_39	39	-0.0969721817733499
sub-12	meta_metaphor	meta_L_AG	yy	YY	word_label	yy_3	yy_3	3	0.4238632182531522
sub-12	meta_metaphor	meta_L_AG	yy	YY	word_label	yy_2	yy_2	2	-0.08720478957698706
sub-12	meta_metaphor	meta_L_AG	yy	YY	word_label	yy_27	yy_27	27	-0.12833785683132581
sub-12	meta_metaphor	meta_L_AG	yy	YY	word_label	yy_18	yy_18	18	0.5578251155912783
sub-12	meta_metaphor	meta_L_AG	yy	YY	word_label	yy_5	yy_5	5	-0.014603774145143699
sub-12	meta_metaphor	meta_L_AG	yy	YY	word_label	yy_37	yy_37	37	0.6764571044525148
sub-12	meta_metaphor	meta_L_AG	yy	YY	word_label	yy_12	yy_12	12	0.4055005716510153
sub-12	meta_metaphor	meta_L_AG	yy	YY	word_label	yy_32	yy_32	32	0.5084873091858837
sub-12	meta_metaphor	meta_L_AG	yy	YY	word_label	yy_29	yy_29	29	0.02637015791563917
sub-12	meta_metaphor	meta_L_AG	yy	YY	word_label	yy_38	yy_38	38	0.35834843240565245
sub-12	meta_metaphor	meta_L_AG	yy	YY	word_label	yy_24	yy_24	24	-0.0935774251342438
sub-12	meta_metaphor	meta_L_AG	yy	YY	word_label	yy_8	yy_8	8	0.41144851322141784
sub-12	meta_metaphor	meta_L_AG	yy	YY	word_label	yy_28	yy_28	28	0.2504977002628464
sub-12	meta_metaphor	meta_L_AG	yy	YY	word_label	yy_11	yy_11	11	0.24173666573178643
sub-12	meta_metaphor	meta_L_AG	yy	YY	word_label	yy_22	yy_22	22	0.2461015500610918
sub-12	meta_metaphor	meta_L_AG	yy	YY	word_label	yy_10	yy_10	10	0.26829864525162855
sub-12	meta_metaphor	meta_L_AG	yy	YY	word_label	yy_6	yy_6	6	0.47808098584467873
sub-12	meta_metaphor	meta_L_AG	yy	YY	word_label	yy_35	yy_35	35	0.6346632261588168
sub-12	meta_metaphor	meta_L_AG	yy	YY	word_label	yy_16	yy_16	16	0.19033908258736812
sub-12	meta_metaphor	meta_L_AG	yy	YY	word_label	yy_17	yy_17	17	-0.03176542186315124
sub-12	meta_metaphor	meta_L_AG	yy	YY	word_label	yy_26	yy_26	26	0.48360291708959136
sub-12	meta_metaphor	meta_L_AG	yy	YY	word_label	yy_13	yy_13	13	-0.23492571410736676
sub-12	meta_metaphor	meta_L_AG	yy	YY	word_label	yy_15	yy_15	15	0.19654530232340203
sub-12	meta_metaphor	meta_L_AG	yy	YY	word_label	yy_19	yy_19	19	0.17795266910248214
sub-12	meta_metaphor	meta_L_AG	yy	YY	word_label	yy_23	yy_23	23	-0.011667013604622894
sub-12	meta_metaphor	meta_L_AG	yy	YY	word_label	yy_14	yy_14	14	0.5571086082954468
sub-12	meta_metaphor	meta_L_AG	yy	YY	word_label	yy_40	yy_40	40	0.2787887318686984
sub-12	meta_metaphor	meta_L_AG	yy	YY	word_label	yy_7	yy_7	7	0.14569430490642385
sub-12	meta_metaphor	meta_L_AG	yy	YY	word_label	yy_9	yy_9	9	0.5162465206337691
sub-12	meta_metaphor	meta_L_AG	yy	YY	word_label	yy_33	yy_33	33	0.4961643246770114
sub-12	meta_metaphor	meta_L_AG	yy	YY	word_label	yy_4	yy_4	4	-0.14279251067011786
sub-12	meta_metaphor	meta_L_AG	yy	YY	word_label	yy_1	yy_1	1	0.0028414445022530185
sub-12	meta_metaphor	meta_L_AG	yy	YY	word_label	yy_21	yy_21	21	-0.317974990850361
sub-12	meta_metaphor	meta_L_AG	yy	YY	word_label	yy_36	yy_36	36	-0.027946841796971485
sub-12	meta_metaphor	meta_L_AG	kj	KJ	word_label	kj_29	kj_29	29	0.6238536456112359
sub-12	meta_metaphor	meta_L_AG	kj	KJ	word_label	kj_37	kj_37	37	0.3547262292365109
sub-12	meta_metaphor	meta_L_AG	kj	KJ	word_label	kj_26	kj_26	26	0.3033180306007504
sub-12	meta_metaphor	meta_L_AG	kj	KJ	word_label	kj_3	kj_3	3	0.5275332953477093
sub-12	meta_metaphor	meta_L_AG	kj	KJ	word_label	kj_31	kj_31	31	-0.005183467130515062
sub-12	meta_metaphor	meta_L_AG	kj	KJ	word_label	kj_11	kj_11	11	0.27466983647740273
sub-12	meta_metaphor	meta_L_AG	kj	KJ	word_label	kj_17	kj_17	17	-0.20687147053977484
sub-12	meta_metaphor	meta_L_AG	kj	KJ	word_label	kj_21	kj_21	21	-0.2064576879418644
sub-12	meta_metaphor	meta_L_AG	kj	KJ	word_label	kj_25	kj_25	25	0.21780429563298315
sub-12	meta_metaphor	meta_L_AG	kj	KJ	word_label	kj_23	kj_23	23	0.29998486435831184
sub-12	meta_metaphor	meta_L_AG	kj	KJ	word_label	kj_20	kj_20	20	0.4369980562178065
sub-12	meta_metaphor	meta_L_AG	kj	KJ	word_label	kj_36	kj_36	36	0.3594000960179439
sub-12	meta_metaphor	meta_L_AG	kj	KJ	word_label	kj_6	kj_6	6	0.13923730429399636
sub-12	meta_metaphor	meta_L_AG	kj	KJ	word_label	kj_13	kj_13	13	0.2551439307081287
sub-12	meta_metaphor	meta_L_AG	kj	KJ	word_label	kj_16	kj_16	16	0.2865391876613155
sub-12	meta_metaphor	meta_L_AG	kj	KJ	word_label	kj_28	kj_28	28	-0.0013715165946694829
sub-12	meta_metaphor	meta_L_AG	kj	KJ	word_label	kj_1	kj_1	1	0.27208514975798564
sub-12	meta_metaphor	meta_L_AG	kj	KJ	word_label	kj_8	kj_8	8	0.18550174533973646
sub-12	meta_metaphor	meta_L_AG	kj	KJ	word_label	kj_34	kj_34	34	0.2766121878255561
sub-12	meta_metaphor	meta_L_AG	kj	KJ	word_label	kj_27	kj_27	27	0.5174124505731172
sub-12	meta_metaphor	meta_L_AG	kj	KJ	word_label	kj_39	kj_39	39	0.2604869416529168
sub-12	meta_metaphor	meta_L_AG	kj	KJ	word_label	kj_14	kj_14	14	-0.406932511695821
sub-12	meta_metaphor	meta_L_AG	kj	KJ	word_label	kj_30	kj_30	30	0.20442834234195786
sub-12	meta_metaphor	meta_L_AG	kj	KJ	word_label	kj_2	kj_2	2	-0.11044410828183678
sub-12	meta_metaphor	meta_L_AG	kj	KJ	word_label	kj_15	kj_15	15	0.4223230878844425
sub-12	meta_metaphor	meta_L_AG	kj	KJ	word_label	kj_12	kj_12	12	0.22368123083228433
sub-12	meta_metaphor	meta_L_AG	kj	KJ	word_label	kj_38	kj_38	38	0.19277094504193049
sub-12	meta_metaphor	meta_L_AG	kj	KJ	word_label	kj_19	kj_19	19	0.08537328485171916
sub-12	meta_metaphor	meta_L_AG	kj	KJ	word_label	kj_22	kj_22	22	-0.27526548632543546
sub-12	meta_metaphor	meta_L_AG	kj	KJ	word_label	kj_24	kj_24	24	0.23272095386259664
sub-12	meta_metaphor	meta_L_AG	kj	KJ	word_label	kj_10	kj_10	10	0.6174346804583378
sub-12	meta_metaphor	meta_L_AG	kj	KJ	word_label	kj_33	kj_33	33	-0.1078082293280747
sub-12	meta_metaphor	meta_L_AG	kj	KJ	word_label	kj_9	kj_9	9	-0.1105666085045792
sub-12	meta_metaphor	meta_L_AG	kj	KJ	word_label	kj_7	kj_7	7	0.434380224701774
sub-12	meta_metaphor	meta_L_AG	kj	KJ	word_label	kj_5	kj_5	5	-0.5140716050045837
sub-12	meta_metaphor	meta_L_IFG	yy	YY	word_label	yy_39	yy_39	39	0.04497825093611052
sub-12	meta_metaphor	meta_L_IFG	yy	YY	word_label	yy_3	yy_3	3	0.5965714887544685
sub-12	meta_metaphor	meta_L_IFG	yy	YY	word_label	yy_2	yy_2	2	0.43502501518254466
sub-12	meta_metaphor	meta_L_IFG	yy	YY	word_label	yy_27	yy_27	27	-0.3488812338494374
sub-12	meta_metaphor	meta_L_IFG	yy	YY	word_label	yy_18	yy_18	18	-0.08929867132249648
sub-12	meta_metaphor	meta_L_IFG	yy	YY	word_label	yy_5	yy_5	5	-0.26217593433428044
sub-12	meta_metaphor	meta_L_IFG	yy	YY	word_label	yy_37	yy_37	37	0.5097640112715757
sub-12	meta_metaphor	meta_L_IFG	yy	YY	word_label	yy_12	yy_12	12	0.4047349393865508
sub-12	meta_metaphor	meta_L_IFG	yy	YY	word_label	yy_32	yy_32	32	0.05526861133586125
sub-12	meta_metaphor	meta_L_IFG	yy	YY	word_label	yy_29	yy_29	29	-0.13706668732247299
sub-12	meta_metaphor	meta_L_IFG	yy	YY	word_label	yy_38	yy_38	38	0.18593891258219936
sub-12	meta_metaphor	meta_L_IFG	yy	YY	word_label	yy_24	yy_24	24	-0.11091903540654371
sub-12	meta_metaphor	meta_L_IFG	yy	YY	word_label	yy_8	yy_8	8	0.3764017390394555
sub-12	meta_metaphor	meta_L_IFG	yy	YY	word_label	yy_28	yy_28	28	0.42950831387607563
sub-12	meta_metaphor	meta_L_IFG	yy	YY	word_label	yy_11	yy_11	11	0.12397224316440572
sub-12	meta_metaphor	meta_L_IFG	yy	YY	word_label	yy_22	yy_22	22	0.04071338334238904
sub-12	meta_metaphor	meta_L_IFG	yy	YY	word_label	yy_10	yy_10	10	0.04617081027441674
sub-12	meta_metaphor	meta_L_IFG	yy	YY	word_label	yy_6	yy_6	6	0.1236573933639737
sub-12	meta_metaphor	meta_L_IFG	yy	YY	word_label	yy_35	yy_35	35	0.27675384237803924
sub-12	meta_metaphor	meta_L_IFG	yy	YY	word_label	yy_16	yy_16	16	-0.06768760044077231
sub-12	meta_metaphor	meta_L_IFG	yy	YY	word_label	yy_17	yy_17	17	0.44929398044635777
sub-12	meta_metaphor	meta_L_IFG	yy	YY	word_label	yy_26	yy_26	26	-0.29728230257779975
sub-12	meta_metaphor	meta_L_IFG	yy	YY	word_label	yy_13	yy_13	13	0.33173740413429775
sub-12	meta_metaphor	meta_L_IFG	yy	YY	word_label	yy_15	yy_15	15	0.27632658448489605
sub-12	meta_metaphor	meta_L_IFG	yy	YY	word_label	yy_19	yy_19	19	0.04143393309024364
sub-12	meta_metaphor	meta_L_IFG	yy	YY	word_label	yy_23	yy_23	23	0.057729258108908485
sub-12	meta_metaphor	meta_L_IFG	yy	YY	word_label	yy_14	yy_14	14	0.03848048386851956
sub-12	meta_metaphor	meta_L_IFG	yy	YY	word_label	yy_40	yy_40	40	0.029726100231428118
sub-12	meta_metaphor	meta_L_IFG	yy	YY	word_label	yy_7	yy_7	7	0.2205054325016267
sub-12	meta_metaphor	meta_L_IFG	yy	YY	word_label	yy_9	yy_9	9	-0.25527956446736927
sub-12	meta_metaphor	meta_L_IFG	yy	YY	word_label	yy_33	yy_33	33	0.023000567202684213
sub-12	meta_metaphor	meta_L_IFG	yy	YY	word_label	yy_4	yy_4	4	0.4043942019732448
sub-12	meta_metaphor	meta_L_IFG	yy	YY	word_label	yy_1	yy_1	1	-0.029458909562500978
sub-12	meta_metaphor	meta_L_IFG	yy	YY	word_label	yy_21	yy_21	21	0.1952146551680876
sub-12	meta_metaphor	meta_L_IFG	yy	YY	word_label	yy_36	yy_36	36	-0.19069747085806976
sub-12	meta_metaphor	meta_L_IFG	kj	KJ	word_label	kj_29	kj_29	29	0.39229060599779403
sub-12	meta_metaphor	meta_L_IFG	kj	KJ	word_label	kj_37	kj_37	37	-0.11735491729540787
sub-12	meta_metaphor	meta_L_IFG	kj	KJ	word_label	kj_26	kj_26	26	0.04332287512766692
sub-12	meta_metaphor	meta_L_IFG	kj	KJ	word_label	kj_3	kj_3	3	0.1704614994432123
sub-12	meta_metaphor	meta_L_IFG	kj	KJ	word_label	kj_31	kj_31	31	-0.09493591998377114
sub-12	meta_metaphor	meta_L_IFG	kj	KJ	word_label	kj_11	kj_11	11	0.19614365992103397
sub-12	meta_metaphor	meta_L_IFG	kj	KJ	word_label	kj_17	kj_17	17	0.24031596388348936
sub-12	meta_metaphor	meta_L_IFG	kj	KJ	word_label	kj_21	kj_21	21	-0.11653674045424045
sub-12	meta_metaphor	meta_L_IFG	kj	KJ	word_label	kj_25	kj_25	25	0.23767110253015447
sub-12	meta_metaphor	meta_L_IFG	kj	KJ	word_label	kj_23	kj_23	23	-0.15283339466035667
sub-12	meta_metaphor	meta_L_IFG	kj	KJ	word_label	kj_20	kj_20	20	0.360678182143712
sub-12	meta_metaphor	meta_L_IFG	kj	KJ	word_label	kj_36	kj_36	36	0.583597564248103
sub-12	meta_metaphor	meta_L_IFG	kj	KJ	word_label	kj_6	kj_6	6	-0.043546305823776145
sub-12	meta_metaphor	meta_L_IFG	kj	KJ	word_label	kj_13	kj_13	13	-0.7061194246239236
sub-12	meta_metaphor	meta_L_IFG	kj	KJ	word_label	kj_16	kj_16	16	0.4136756546666453
sub-12	meta_metaphor	meta_L_IFG	kj	KJ	word_label	kj_28	kj_28	28	0.627311251464908
sub-12	meta_metaphor	meta_L_IFG	kj	KJ	word_label	kj_1	kj_1	1	0.2244659934049238
sub-12	meta_metaphor	meta_L_IFG	kj	KJ	word_label	kj_8	kj_8	8	-0.1146668307919255
sub-12	meta_metaphor	meta_L_IFG	kj	KJ	word_label	kj_34	kj_34	34	0.1334467471036806
sub-12	meta_metaphor	meta_L_IFG	kj	KJ	word_label	kj_27	kj_27	27	0.17832443847210974
sub-12	meta_metaphor	meta_L_IFG	kj	KJ	word_label	kj_39	kj_39	39	-0.30704199328978105
sub-12	meta_metaphor	meta_L_IFG	kj	KJ	word_label	kj_14	kj_14	14	-0.2471075070421185
sub-12	meta_metaphor	meta_L_IFG	kj	KJ	word_label	kj_30	kj_30	30	0.262334147716956
sub-12	meta_metaphor	meta_L_IFG	kj	KJ	word_label	kj_2	kj_2	2	-0.3174719377706275
sub-12	meta_metaphor	meta_L_IFG	kj	KJ	word_label	kj_15	kj_15	15	0.30671678715865053
sub-12	meta_metaphor	meta_L_IFG	kj	KJ	word_label	kj_12	kj_12	12	0.08094429666834982
sub-12	meta_metaphor	meta_L_IFG	kj	KJ	word_label	kj_38	kj_38	38	-0.2922753149253387
sub-12	meta_metaphor	meta_L_IFG	kj	KJ	word_label	kj_19	kj_19	19	-0.02919940483532483
sub-12	meta_metaphor	meta_L_IFG	kj	KJ	word_label	kj_22	kj_22	22	-0.15684124861712792
sub-12	meta_metaphor	meta_L_IFG	kj	KJ	word_label	kj_24	kj_24	24	0.11999000854946272
sub-12	meta_metaphor	meta_L_IFG	kj	KJ	word_label	kj_10	kj_10	10	0.6007846675416593
sub-12	meta_metaphor	meta_L_IFG	kj	KJ	word_label	kj_33	kj_33	33	0.6131113235431542
sub-12	meta_metaphor	meta_L_IFG	kj	KJ	word_label	kj_9	kj_9	9	0.011756461749938676
sub-12	meta_metaphor	meta_L_IFG	kj	KJ	word_label	kj_7	kj_7	7	0.21990679158130336
sub-12	meta_metaphor	meta_L_IFG	kj	KJ	word_label	kj_5	kj_5	5	-0.45598728817495654
sub-12	meta_metaphor	meta_L_pMTG_pSTS	yy	YY	word_label	yy_39	yy_39	39	0.6407456986900284
sub-12	meta_metaphor	meta_L_pMTG_pSTS	yy	YY	word_label	yy_3	yy_3	3	0.24799646379263693
sub-12	meta_metaphor	meta_L_pMTG_pSTS	yy	YY	word_label	yy_2	yy_2	2	0.3599068341033421
sub-12	meta_metaphor	meta_L_pMTG_pSTS	yy	YY	word_label	yy_27	yy_27	27	-0.4229512816669003
sub-12	meta_metaphor	meta_L_pMTG_pSTS	yy	YY	word_label	yy_18	yy_18	18	0.19328276673137848
sub-12	meta_metaphor	meta_L_pMTG_pSTS	yy	YY	word_label	yy_5	yy_5	5	-0.025807541900472786
sub-12	meta_metaphor	meta_L_pMTG_pSTS	yy	YY	word_label	yy_37	yy_37	37	0.18080332791691733
sub-12	meta_metaphor	meta_L_pMTG_pSTS	yy	YY	word_label	yy_12	yy_12	12	0.7098791115392068
sub-12	meta_metaphor	meta_L_pMTG_pSTS	yy	YY	word_label	yy_32	yy_32	32	0.3005621579960473
sub-12	meta_metaphor	meta_L_pMTG_pSTS	yy	YY	word_label	yy_29	yy_29	29	0.17823745722456075
sub-12	meta_metaphor	meta_L_pMTG_pSTS	yy	YY	word_label	yy_38	yy_38	38	0.04116611713757331
sub-12	meta_metaphor	meta_L_pMTG_pSTS	yy	YY	word_label	yy_24	yy_24	24	-0.053890559408634665
sub-12	meta_metaphor	meta_L_pMTG_pSTS	yy	YY	word_label	yy_8	yy_8	8	0.41024015825986826
sub-12	meta_metaphor	meta_L_pMTG_pSTS	yy	YY	word_label	yy_28	yy_28	28	0.38061588844976413
sub-12	meta_metaphor	meta_L_pMTG_pSTS	yy	YY	word_label	yy_11	yy_11	11	0.17204643293587593
sub-12	meta_metaphor	meta_L_pMTG_pSTS	yy	YY	word_label	yy_22	yy_22	22	0.2982801434130882
sub-12	meta_metaphor	meta_L_pMTG_pSTS	yy	YY	word_label	yy_10	yy_10	10	0.5215943331199853
sub-12	meta_metaphor	meta_L_pMTG_pSTS	yy	YY	word_label	yy_6	yy_6	6	0.41527475962297394
sub-12	meta_metaphor	meta_L_pMTG_pSTS	yy	YY	word_label	yy_35	yy_35	35	0.31434231762822484
sub-12	meta_metaphor	meta_L_pMTG_pSTS	yy	YY	word_label	yy_16	yy_16	16	0.23964434082430253
sub-12	meta_metaphor	meta_L_pMTG_pSTS	yy	YY	word_label	yy_17	yy_17	17	0.1719231585618229
sub-12	meta_metaphor	meta_L_pMTG_pSTS	yy	YY	word_label	yy_26	yy_26	26	0.013881033480188
sub-12	meta_metaphor	meta_L_pMTG_pSTS	yy	YY	word_label	yy_13	yy_13	13	0.2396456278409876
sub-12	meta_metaphor	meta_L_pMTG_pSTS	yy	YY	word_label	yy_15	yy_15	15	-0.026029485188959728
sub-12	meta_metaphor	meta_L_pMTG_pSTS	yy	YY	word_label	yy_19	yy_19	19	0.29544702722748817
sub-12	meta_metaphor	meta_L_pMTG_pSTS	yy	YY	word_label	yy_23	yy_23	23	-0.04693597050165906
sub-12	meta_metaphor	meta_L_pMTG_pSTS	yy	YY	word_label	yy_14	yy_14	14	-0.09897433242523247
sub-12	meta_metaphor	meta_L_pMTG_pSTS	yy	YY	word_label	yy_40	yy_40	40	0.5049791506008429
sub-12	meta_metaphor	meta_L_pMTG_pSTS	yy	YY	word_label	yy_7	yy_7	7	-0.34135777300967934
sub-12	meta_metaphor	meta_L_pMTG_pSTS	yy	YY	word_label	yy_9	yy_9	9	0.48800058197957974
sub-12	meta_metaphor	meta_L_pMTG_pSTS	yy	YY	word_label	yy_33	yy_33	33	0.3420293600372661
sub-12	meta_metaphor	meta_L_pMTG_pSTS	yy	YY	word_label	yy_4	yy_4	4	0.22472827926224032
sub-12	meta_metaphor	meta_L_pMTG_pSTS	yy	YY	word_label	yy_1	yy_1	1	0.14081371445645766
sub-12	meta_metaphor	meta_L_pMTG_pSTS	yy	YY	word_label	yy_21	yy_21	21	0.6940748719926195
sub-12	meta_metaphor	meta_L_pMTG_pSTS	yy	YY	word_label	yy_36	yy_36	36	0.3253301710139475
sub-12	meta_metaphor	meta_L_pMTG_pSTS	kj	KJ	word_label	kj_29	kj_29	29	0.4674622110701233
sub-12	meta_metaphor	meta_L_pMTG_pSTS	kj	KJ	word_label	kj_37	kj_37	37	0.2895052981290766
sub-12	meta_metaphor	meta_L_pMTG_pSTS	kj	KJ	word_label	kj_26	kj_26	26	0.2692355422793182
sub-12	meta_metaphor	meta_L_pMTG_pSTS	kj	KJ	word_label	kj_3	kj_3	3	0.16768363852107523
sub-12	meta_metaphor	meta_L_pMTG_pSTS	kj	KJ	word_label	kj_31	kj_31	31	0.3670821188708403
sub-12	meta_metaphor	meta_L_pMTG_pSTS	kj	KJ	word_label	kj_11	kj_11	11	0.22013785403219252
sub-12	meta_metaphor	meta_L_pMTG_pSTS	kj	KJ	word_label	kj_17	kj_17	17	-0.15664599209702382
sub-12	meta_metaphor	meta_L_pMTG_pSTS	kj	KJ	word_label	kj_21	kj_21	21	0.22162214362818794
sub-12	meta_metaphor	meta_L_pMTG_pSTS	kj	KJ	word_label	kj_25	kj_25	25	0.33856149237605654
sub-12	meta_metaphor	meta_L_pMTG_pSTS	kj	KJ	word_label	kj_23	kj_23	23	0.3785292470872962
sub-12	meta_metaphor	meta_L_pMTG_pSTS	kj	KJ	word_label	kj_20	kj_20	20	0.09405704168168676
sub-12	meta_metaphor	meta_L_pMTG_pSTS	kj	KJ	word_label	kj_36	kj_36	36	-0.03703748349623178
sub-12	meta_metaphor	meta_L_pMTG_pSTS	kj	KJ	word_label	kj_6	kj_6	6	0.19520953527492196
sub-12	meta_metaphor	meta_L_pMTG_pSTS	kj	KJ	word_label	kj_13	kj_13	13	0.018875638012295064
sub-12	meta_metaphor	meta_L_pMTG_pSTS	kj	KJ	word_label	kj_16	kj_16	16	0.7411682276454905
sub-12	meta_metaphor	meta_L_pMTG_pSTS	kj	KJ	word_label	kj_28	kj_28	28	0.5654570024325232
sub-12	meta_metaphor	meta_L_pMTG_pSTS	kj	KJ	word_label	kj_1	kj_1	1	0.4738148855584519
sub-12	meta_metaphor	meta_L_pMTG_pSTS	kj	KJ	word_label	kj_8	kj_8	8	0.5702618198672191
sub-12	meta_metaphor	meta_L_pMTG_pSTS	kj	KJ	word_label	kj_34	kj_34	34	0.6122572950731509
sub-12	meta_metaphor	meta_L_pMTG_pSTS	kj	KJ	word_label	kj_27	kj_27	27	0.2279765105881355
sub-12	meta_metaphor	meta_L_pMTG_pSTS	kj	KJ	word_label	kj_39	kj_39	39	0.46301412518966983
sub-12	meta_metaphor	meta_L_pMTG_pSTS	kj	KJ	word_label	kj_14	kj_14	14	-0.05098992881285036
sub-12	meta_metaphor	meta_L_pMTG_pSTS	kj	KJ	word_label	kj_30	kj_30	30	0.34689034667405444
sub-12	meta_metaphor	meta_L_pMTG_pSTS	kj	KJ	word_label	kj_2	kj_2	2	0.3976406799551731
sub-12	meta_metaphor	meta_L_pMTG_pSTS	kj	KJ	word_label	kj_15	kj_15	15	0.296486770454729
sub-12	meta_metaphor	meta_L_pMTG_pSTS	kj	KJ	word_label	kj_12	kj_12	12	0.20460826711124097
sub-12	meta_metaphor	meta_L_pMTG_pSTS	kj	KJ	word_label	kj_38	kj_38	38	0.15083208794690922
sub-12	meta_metaphor	meta_L_pMTG_pSTS	kj	KJ	word_label	kj_19	kj_19	19	0.3091135886306792
sub-12	meta_metaphor	meta_L_pMTG_pSTS	kj	KJ	word_label	kj_22	kj_22	22	0.4041352724854715
sub-12	meta_metaphor	meta_L_pMTG_pSTS	kj	KJ	word_label	kj_24	kj_24	24	0.5103271113430492
sub-12	meta_metaphor	meta_L_pMTG_pSTS	kj	KJ	word_label	kj_10	kj_10	10	0.18816535364241196
sub-12	meta_metaphor	meta_L_pMTG_pSTS	kj	KJ	word_label	kj_33	kj_33	33	-0.4275547118206157
sub-12	meta_metaphor	meta_L_pMTG_pSTS	kj	KJ	word_label	kj_9	kj_9	9	-0.2651481520133963
sub-12	meta_metaphor	meta_L_pMTG_pSTS	kj	KJ	word_label	kj_7	kj_7	7	-0.05531593531826009
sub-12	meta_metaphor	meta_L_pMTG_pSTS	kj	KJ	word_label	kj_5	kj_5	5	0.24486026720955734
sub-12	meta_metaphor	meta_L_temporal_pole	yy	YY	word_label	yy_39	yy_39	39	0.06401113665350334
sub-12	meta_metaphor	meta_L_temporal_pole	yy	YY	word_label	yy_3	yy_3	3	0.3384555457646205
sub-12	meta_metaphor	meta_L_temporal_pole	yy	YY	word_label	yy_2	yy_2	2	-0.06275102959259944
sub-12	meta_metaphor	meta_L_temporal_pole	yy	YY	word_label	yy_27	yy_27	27	-0.1231948331920517
sub-12	meta_metaphor	meta_L_temporal_pole	yy	YY	word_label	yy_18	yy_18	18	-0.08669362867517691
sub-12	meta_metaphor	meta_L_temporal_pole	yy	YY	word_label	yy_5	yy_5	5	0.3570458858751113
sub-12	meta_metaphor	meta_L_temporal_pole	yy	YY	word_label	yy_37	yy_37	37	0.5222484962992778
sub-12	meta_metaphor	meta_L_temporal_pole	yy	YY	word_label	yy_12	yy_12	12	-0.052730157963124503
sub-12	meta_metaphor	meta_L_temporal_pole	yy	YY	word_label	yy_32	yy_32	32	0.3116415321028071
sub-12	meta_metaphor	meta_L_temporal_pole	yy	YY	word_label	yy_29	yy_29	29	0.2922622655567108
sub-12	meta_metaphor	meta_L_temporal_pole	yy	YY	word_label	yy_38	yy_38	38	-0.47486513962679516
sub-12	meta_metaphor	meta_L_temporal_pole	yy	YY	word_label	yy_24	yy_24	24	-0.14224204629896764
sub-12	meta_metaphor	meta_L_temporal_pole	yy	YY	word_label	yy_8	yy_8	8	-0.08065996854424154
sub-12	meta_metaphor	meta_L_temporal_pole	yy	YY	word_label	yy_28	yy_28	28	-0.09401621088117118
sub-12	meta_metaphor	meta_L_temporal_pole	yy	YY	word_label	yy_11	yy_11	11	0.14062592045955738
sub-12	meta_metaphor	meta_L_temporal_pole	yy	YY	word_label	yy_22	yy_22	22	0.16064194746340318
sub-12	meta_metaphor	meta_L_temporal_pole	yy	YY	word_label	yy_10	yy_10	10	-0.2740690179880334
sub-12	meta_metaphor	meta_L_temporal_pole	yy	YY	word_label	yy_6	yy_6	6	-0.09722161045319236
sub-12	meta_metaphor	meta_L_temporal_pole	yy	YY	word_label	yy_35	yy_35	35	-0.42337999026167544
sub-12	meta_metaphor	meta_L_temporal_pole	yy	YY	word_label	yy_16	yy_16	16	-0.03537040351650717
sub-12	meta_metaphor	meta_L_temporal_pole	yy	YY	word_label	yy_17	yy_17	17	0.08863139312998436
sub-12	meta_metaphor	meta_L_temporal_pole	yy	YY	word_label	yy_26	yy_26	26	0.40105720098159753
sub-12	meta_metaphor	meta_L_temporal_pole	yy	YY	word_label	yy_13	yy_13	13	-0.02888371206864241
sub-12	meta_metaphor	meta_L_temporal_pole	yy	YY	word_label	yy_15	yy_15	15	0.40350098891295577
sub-12	meta_metaphor	meta_L_temporal_pole	yy	YY	word_label	yy_19	yy_19	19	0.3680095033024854
sub-12	meta_metaphor	meta_L_temporal_pole	yy	YY	word_label	yy_23	yy_23	23	0.09607461844073172
sub-12	meta_metaphor	meta_L_temporal_pole	yy	YY	word_label	yy_14	yy_14	14	-0.22081622022026157
sub-12	meta_metaphor	meta_L_temporal_pole	yy	YY	word_label	yy_40	yy_40	40	0.22726889424175897
sub-12	meta_metaphor	meta_L_temporal_pole	yy	YY	word_label	yy_7	yy_7	7	0.7031883899225073
sub-12	meta_metaphor	meta_L_temporal_pole	yy	YY	word_label	yy_9	yy_9	9	0.34205644559148235
sub-12	meta_metaphor	meta_L_temporal_pole	yy	YY	word_label	yy_33	yy_33	33	0.103153238232983
sub-12	meta_metaphor	meta_L_temporal_pole	yy	YY	word_label	yy_4	yy_4	4	0.03915266749602784
sub-12	meta_metaphor	meta_L_temporal_pole	yy	YY	word_label	yy_1	yy_1	1	-0.48055112526381344
sub-12	meta_metaphor	meta_L_temporal_pole	yy	YY	word_label	yy_21	yy_21	21	0.2498418907866686
sub-12	meta_metaphor	meta_L_temporal_pole	yy	YY	word_label	yy_36	yy_36	36	-0.05222090516066676
sub-12	meta_metaphor	meta_L_temporal_pole	kj	KJ	word_label	kj_29	kj_29	29	-0.01472446831616845
sub-12	meta_metaphor	meta_L_temporal_pole	kj	KJ	word_label	kj_37	kj_37	37	-0.024139150973285152
sub-12	meta_metaphor	meta_L_temporal_pole	kj	KJ	word_label	kj_26	kj_26	26	-0.10814875131925487
sub-12	meta_metaphor	meta_L_temporal_pole	kj	KJ	word_label	kj_3	kj_3	3	0.41534846008465853
sub-12	meta_metaphor	meta_L_temporal_pole	kj	KJ	word_label	kj_31	kj_31	31	0.026211235256741367
sub-12	meta_metaphor	meta_L_temporal_pole	kj	KJ	word_label	kj_11	kj_11	11	0.18367133443804612
sub-12	meta_metaphor	meta_L_temporal_pole	kj	KJ	word_label	kj_17	kj_17	17	-0.16228164760939803
sub-12	meta_metaphor	meta_L_temporal_pole	kj	KJ	word_label	kj_21	kj_21	21	0.001671366282221243
sub-12	meta_metaphor	meta_L_temporal_pole	kj	KJ	word_label	kj_25	kj_25	25	0.24042262574135684
sub-12	meta_metaphor	meta_L_temporal_pole	kj	KJ	word_label	kj_23	kj_23	23	0.04267693995967541
sub-12	meta_metaphor	meta_L_temporal_pole	kj	KJ	word_label	kj_20	kj_20	20	0.6949195558336427
sub-12	meta_metaphor	meta_L_temporal_pole	kj	KJ	word_label	kj_36	kj_36	36	0.2597811344824172
sub-12	meta_metaphor	meta_L_temporal_pole	kj	KJ	word_label	kj_6	kj_6	6	0.6476743195826562
sub-12	meta_metaphor	meta_L_temporal_pole	kj	KJ	word_label	kj_13	kj_13	13	0.0961711185337723
sub-12	meta_metaphor	meta_L_temporal_pole	kj	KJ	word_label	kj_16	kj_16	16	0.10118164958386658
sub-12	meta_metaphor	meta_L_temporal_pole	kj	KJ	word_label	kj_28	kj_28	28	0.6388178524630675
sub-12	meta_metaphor	meta_L_temporal_pole	kj	KJ	word_label	kj_1	kj_1	1	0.18705945494938983
sub-12	meta_metaphor	meta_L_temporal_pole	kj	KJ	word_label	kj_8	kj_8	8	-0.048499897202591485
sub-12	meta_metaphor	meta_L_temporal_pole	kj	KJ	word_label	kj_34	kj_34	34	0.3385491496416965
sub-12	meta_metaphor	meta_L_temporal_pole	kj	KJ	word_label	kj_27	kj_27	27	0.4039600485509407
sub-12	meta_metaphor	meta_L_temporal_pole	kj	KJ	word_label	kj_39	kj_39	39	0.2497895537875376
sub-12	meta_metaphor	meta_L_temporal_pole	kj	KJ	word_label	kj_14	kj_14	14	0.5681450531860982
sub-12	meta_metaphor	meta_L_temporal_pole	kj	KJ	word_label	kj_30	kj_30	30	0.010836038818828525
sub-12	meta_metaphor	meta_L_temporal_pole	kj	KJ	word_label	kj_2	kj_2	2	0.0928129018639712
sub-12	meta_metaphor	meta_L_temporal_pole	kj	KJ	word_label	kj_15	kj_15	15	0.48655977469572304
sub-12	meta_metaphor	meta_L_temporal_pole	kj	KJ	word_label	kj_12	kj_12	12	-0.1304872776913703
sub-12	meta_metaphor	meta_L_temporal_pole	kj	KJ	word_label	kj_38	kj_38	38	0.14547019495325236
sub-12	meta_metaphor	meta_L_temporal_pole	kj	KJ	word_label	kj_19	kj_19	19	0.6277503856689703
sub-12	meta_metaphor	meta_L_temporal_pole	kj	KJ	word_label	kj_22	kj_22	22	0.019222569102894226
sub-12	meta_metaphor	meta_L_temporal_pole	kj	KJ	word_label	kj_24	kj_24	24	0.330770080544024
sub-12	meta_metaphor	meta_L_temporal_pole	kj	KJ	word_label	kj_10	kj_10	10	0.05291073672385841
sub-12	meta_metaphor	meta_L_temporal_pole	kj	KJ	word_label	kj_33	kj_33	33	0.6271154527435642
sub-12	meta_metaphor	meta_L_temporal_pole	kj	KJ	word_label	kj_9	kj_9	9	0.1943680501566288
sub-12	meta_metaphor	meta_L_temporal_pole	kj	KJ	word_label	kj_7	kj_7	7	0.15120036802831965
sub-12	meta_metaphor	meta_L_temporal_pole	kj	KJ	word_label	kj_5	kj_5	5	-0.09216328814566731
sub-12	meta_metaphor	meta_R_AG	yy	YY	word_label	yy_39	yy_39	39	-0.4899060168360522
sub-12	meta_metaphor	meta_R_AG	yy	YY	word_label	yy_3	yy_3	3	0.20269171633890962
sub-12	meta_metaphor	meta_R_AG	yy	YY	word_label	yy_2	yy_2	2	0.06196876809705604
sub-12	meta_metaphor	meta_R_AG	yy	YY	word_label	yy_27	yy_27	27	0.5526794192330279
sub-12	meta_metaphor	meta_R_AG	yy	YY	word_label	yy_18	yy_18	18	-0.0020453736758081053
sub-12	meta_metaphor	meta_R_AG	yy	YY	word_label	yy_5	yy_5	5	-0.14064194383705023
sub-12	meta_metaphor	meta_R_AG	yy	YY	word_label	yy_37	yy_37	37	0.1370453637973758
sub-12	meta_metaphor	meta_R_AG	yy	YY	word_label	yy_12	yy_12	12	-0.2552490322430156
sub-12	meta_metaphor	meta_R_AG	yy	YY	word_label	yy_32	yy_32	32	0.2461090231344376
sub-12	meta_metaphor	meta_R_AG	yy	YY	word_label	yy_29	yy_29	29	0.36692961368460264
sub-12	meta_metaphor	meta_R_AG	yy	YY	word_label	yy_38	yy_38	38	-0.0008788776291423953
sub-12	meta_metaphor	meta_R_AG	yy	YY	word_label	yy_24	yy_24	24	0.13835958193129463
sub-12	meta_metaphor	meta_R_AG	yy	YY	word_label	yy_8	yy_8	8	0.6500065973474713
sub-12	meta_metaphor	meta_R_AG	yy	YY	word_label	yy_28	yy_28	28	-0.26341186372557013
sub-12	meta_metaphor	meta_R_AG	yy	YY	word_label	yy_11	yy_11	11	-0.422825705146731
sub-12	meta_metaphor	meta_R_AG	yy	YY	word_label	yy_22	yy_22	22	0.24633221484791987
sub-12	meta_metaphor	meta_R_AG	yy	YY	word_label	yy_10	yy_10	10	-0.08420837990693432
sub-12	meta_metaphor	meta_R_AG	yy	YY	word_label	yy_6	yy_6	6	-0.467614562348365
sub-12	meta_metaphor	meta_R_AG	yy	YY	word_label	yy_35	yy_35	35	0.19368081248941088
sub-12	meta_metaphor	meta_R_AG	yy	YY	word_label	yy_16	yy_16	16	-0.22457066130154882
sub-12	meta_metaphor	meta_R_AG	yy	YY	word_label	yy_17	yy_17	17	0.21614958893089775
sub-12	meta_metaphor	meta_R_AG	yy	YY	word_label	yy_26	yy_26	26	0.10801279516908197
sub-12	meta_metaphor	meta_R_AG	yy	YY	word_label	yy_13	yy_13	13	-0.49112594708301177
sub-12	meta_metaphor	meta_R_AG	yy	YY	word_label	yy_15	yy_15	15	0.6613772918422933
sub-12	meta_metaphor	meta_R_AG	yy	YY	word_label	yy_19	yy_19	19	0.3392020042055016
sub-12	meta_metaphor	meta_R_AG	yy	YY	word_label	yy_23	yy_23	23	0.21352029181771437
sub-12	meta_metaphor	meta_R_AG	yy	YY	word_label	yy_14	yy_14	14	-0.07230456804781497
sub-12	meta_metaphor	meta_R_AG	yy	YY	word_label	yy_40	yy_40	40	-0.015690829363070525
sub-12	meta_metaphor	meta_R_AG	yy	YY	word_label	yy_7	yy_7	7	-0.39841130480615755
sub-12	meta_metaphor	meta_R_AG	yy	YY	word_label	yy_9	yy_9	9	0.056473078782209224
sub-12	meta_metaphor	meta_R_AG	yy	YY	word_label	yy_33	yy_33	33	0.23206579037228184
sub-12	meta_metaphor	meta_R_AG	yy	YY	word_label	yy_4	yy_4	4	0.20548502348608258
sub-12	meta_metaphor	meta_R_AG	yy	YY	word_label	yy_1	yy_1	1	0.08441802007048478
sub-12	meta_metaphor	meta_R_AG	yy	YY	word_label	yy_21	yy_21	21	-0.034659090295289026
sub-12	meta_metaphor	meta_R_AG	yy	YY	word_label	yy_36	yy_36	36	0.678089747631273
sub-12	meta_metaphor	meta_R_AG	kj	KJ	word_label	kj_29	kj_29	29	0.3082682744946279
sub-12	meta_metaphor	meta_R_AG	kj	KJ	word_label	kj_37	kj_37	37	-0.24593556714385942
sub-12	meta_metaphor	meta_R_AG	kj	KJ	word_label	kj_26	kj_26	26	0.5165216242101992
sub-12	meta_metaphor	meta_R_AG	kj	KJ	word_label	kj_3	kj_3	3	-0.14634760698747384
sub-12	meta_metaphor	meta_R_AG	kj	KJ	word_label	kj_31	kj_31	31	-0.21432318628511254
sub-12	meta_metaphor	meta_R_AG	kj	KJ	word_label	kj_11	kj_11	11	0.039491013344782576
sub-12	meta_metaphor	meta_R_AG	kj	KJ	word_label	kj_17	kj_17	17	-0.05592082366352813
sub-12	meta_metaphor	meta_R_AG	kj	KJ	word_label	kj_21	kj_21	21	0.13941211315474397
sub-12	meta_metaphor	meta_R_AG	kj	KJ	word_label	kj_25	kj_25	25	-0.08073994129524839
sub-12	meta_metaphor	meta_R_AG	kj	KJ	word_label	kj_23	kj_23	23	0.21242768041829482
sub-12	meta_metaphor	meta_R_AG	kj	KJ	word_label	kj_20	kj_20	20	-0.22054729151709312
sub-12	meta_metaphor	meta_R_AG	kj	KJ	word_label	kj_36	kj_36	36	0.2803275708439286
sub-12	meta_metaphor	meta_R_AG	kj	KJ	word_label	kj_6	kj_6	6	-0.16605636376200825
sub-12	meta_metaphor	meta_R_AG	kj	KJ	word_label	kj_13	kj_13	13	-0.009563811999960804
sub-12	meta_metaphor	meta_R_AG	kj	KJ	word_label	kj_16	kj_16	16	0.12018775707413881
sub-12	meta_metaphor	meta_R_AG	kj	KJ	word_label	kj_28	kj_28	28	-0.39925450062717527
sub-12	meta_metaphor	meta_R_AG	kj	KJ	word_label	kj_1	kj_1	1	-0.15634943203025975
sub-12	meta_metaphor	meta_R_AG	kj	KJ	word_label	kj_8	kj_8	8	-0.27026709192649456
sub-12	meta_metaphor	meta_R_AG	kj	KJ	word_label	kj_34	kj_34	34	0.14492310514052
sub-12	meta_metaphor	meta_R_AG	kj	KJ	word_label	kj_27	kj_27	27	-0.2613897600807295
sub-12	meta_metaphor	meta_R_AG	kj	KJ	word_label	kj_39	kj_39	39	-0.19432400192986188
sub-12	meta_metaphor	meta_R_AG	kj	KJ	word_label	kj_14	kj_14	14	0.2292087613415577
sub-12	meta_metaphor	meta_R_AG	kj	KJ	word_label	kj_30	kj_30	30	-0.34920740346170914
sub-12	meta_metaphor	meta_R_AG	kj	KJ	word_label	kj_2	kj_2	2	-0.033518658917954934
sub-12	meta_metaphor	meta_R_AG	kj	KJ	word_label	kj_15	kj_15	15	-0.04151965489044606
sub-12	meta_metaphor	meta_R_AG	kj	KJ	word_label	kj_12	kj_12	12	-0.2600337427695678
sub-12	meta_metaphor	meta_R_AG	kj	KJ	word_label	kj_38	kj_38	38	0.2570270169211341
sub-12	meta_metaphor	meta_R_AG	kj	KJ	word_label	kj_19	kj_19	19	-0.4831423832235357
sub-12	meta_metaphor	meta_R_AG	kj	KJ	word_label	kj_22	kj_22	22	-0.176696405368573
sub-12	meta_metaphor	meta_R_AG	kj	KJ	word_label	kj_24	kj_24	24	0.01549521466060599
sub-12	meta_metaphor	meta_R_AG	kj	KJ	word_label	kj_10	kj_10	10	-0.05641287859337424
sub-12	meta_metaphor	meta_R_AG	kj	KJ	word_label	kj_33	kj_33	33	0.058779356525143725
sub-12	meta_metaphor	meta_R_AG	kj	KJ	word_label	kj_9	kj_9	9	0.6120149554700436
sub-12	meta_metaphor	meta_R_AG	kj	KJ	word_label	kj_7	kj_7	7	0.3454405358602737
sub-12	meta_metaphor	meta_R_AG	kj	KJ	word_label	kj_5	kj_5	5	-0.5918886388774504
sub-12	meta_metaphor	meta_R_IFG	yy	YY	word_label	yy_39	yy_39	39	-0.24916523810685481
sub-12	meta_metaphor	meta_R_IFG	yy	YY	word_label	yy_3	yy_3	3	-0.15988135252016014
sub-12	meta_metaphor	meta_R_IFG	yy	YY	word_label	yy_2	yy_2	2	0.038337152321569645
sub-12	meta_metaphor	meta_R_IFG	yy	YY	word_label	yy_27	yy_27	27	-0.7619837634802471
sub-12	meta_metaphor	meta_R_IFG	yy	YY	word_label	yy_18	yy_18	18	0.2778301284821064
sub-12	meta_metaphor	meta_R_IFG	yy	YY	word_label	yy_5	yy_5	5	-0.14456875801478522
sub-12	meta_metaphor	meta_R_IFG	yy	YY	word_label	yy_37	yy_37	37	-0.3646547143468249
sub-12	meta_metaphor	meta_R_IFG	yy	YY	word_label	yy_12	yy_12	12	0.2038069701480073
sub-12	meta_metaphor	meta_R_IFG	yy	YY	word_label	yy_32	yy_32	32	-0.04699099850048348
sub-12	meta_metaphor	meta_R_IFG	yy	YY	word_label	yy_29	yy_29	29	-0.01299201051345719
sub-12	meta_metaphor	meta_R_IFG	yy	YY	word_label	yy_38	yy_38	38	-0.06266227115718646
sub-12	meta_metaphor	meta_R_IFG	yy	YY	word_label	yy_24	yy_24	24	0.30382993010374765
sub-12	meta_metaphor	meta_R_IFG	yy	YY	word_label	yy_8	yy_8	8	-0.18488570550649971
sub-12	meta_metaphor	meta_R_IFG	yy	YY	word_label	yy_28	yy_28	28	0.021110648642653156
sub-12	meta_metaphor	meta_R_IFG	yy	YY	word_label	yy_11	yy_11	11	-0.273527859247661
sub-12	meta_metaphor	meta_R_IFG	yy	YY	word_label	yy_22	yy_22	22	0.27568592530036257
sub-12	meta_metaphor	meta_R_IFG	yy	YY	word_label	yy_10	yy_10	10	0.20851405618440083
sub-12	meta_metaphor	meta_R_IFG	yy	YY	word_label	yy_6	yy_6	6	0.06274120807375766
sub-12	meta_metaphor	meta_R_IFG	yy	YY	word_label	yy_35	yy_35	35	-0.14694685267435786
sub-12	meta_metaphor	meta_R_IFG	yy	YY	word_label	yy_16	yy_16	16	-0.2854982143933852
sub-12	meta_metaphor	meta_R_IFG	yy	YY	word_label	yy_17	yy_17	17	-0.05830711576228391
sub-12	meta_metaphor	meta_R_IFG	yy	YY	word_label	yy_26	yy_26	26	-0.26524830059682963
sub-12	meta_metaphor	meta_R_IFG	yy	YY	word_label	yy_13	yy_13	13	0.02867876678662711
sub-12	meta_metaphor	meta_R_IFG	yy	YY	word_label	yy_15	yy_15	15	0.32000073377043864
sub-12	meta_metaphor	meta_R_IFG	yy	YY	word_label	yy_19	yy_19	19	0.20957832070629057
sub-12	meta_metaphor	meta_R_IFG	yy	YY	word_label	yy_23	yy_23	23	-0.43959154984378906
sub-12	meta_metaphor	meta_R_IFG	yy	YY	word_label	yy_14	yy_14	14	-0.1838156653134633
sub-12	meta_metaphor	meta_R_IFG	yy	YY	word_label	yy_40	yy_40	40	0.031049303041988795
sub-12	meta_metaphor	meta_R_IFG	yy	YY	word_label	yy_7	yy_7	7	0.07007004182981941
sub-12	meta_metaphor	meta_R_IFG	yy	YY	word_label	yy_9	yy_9	9	-0.06108675408211924
sub-12	meta_metaphor	meta_R_IFG	yy	YY	word_label	yy_33	yy_33	33	-0.560797477437764
sub-12	meta_metaphor	meta_R_IFG	yy	YY	word_label	yy_4	yy_4	4	-0.03694286291513495
sub-12	meta_metaphor	meta_R_IFG	yy	YY	word_label	yy_1	yy_1	1	0.20970804321742614
sub-12	meta_metaphor	meta_R_IFG	yy	YY	word_label	yy_21	yy_21	21	0.10087376124362138
sub-12	meta_metaphor	meta_R_IFG	yy	YY	word_label	yy_36	yy_36	36	-0.5786390630023539
sub-12	meta_metaphor	meta_R_IFG	kj	KJ	word_label	kj_29	kj_29	29	0.1789576650775237
sub-12	meta_metaphor	meta_R_IFG	kj	KJ	word_label	kj_37	kj_37	37	-0.09690485117011274
sub-12	meta_metaphor	meta_R_IFG	kj	KJ	word_label	kj_26	kj_26	26	0.42397017026138806
sub-12	meta_metaphor	meta_R_IFG	kj	KJ	word_label	kj_3	kj_3	3	0.08569974857750925
sub-12	meta_metaphor	meta_R_IFG	kj	KJ	word_label	kj_31	kj_31	31	-0.32140996175453007
sub-12	meta_metaphor	meta_R_IFG	kj	KJ	word_label	kj_11	kj_11	11	-0.10734747406172863
sub-12	meta_metaphor	meta_R_IFG	kj	KJ	word_label	kj_17	kj_17	17	0.5335107136875622
sub-12	meta_metaphor	meta_R_IFG	kj	KJ	word_label	kj_21	kj_21	21	0.3242250077959774
sub-12	meta_metaphor	meta_R_IFG	kj	KJ	word_label	kj_25	kj_25	25	-0.23573876345740064
sub-12	meta_metaphor	meta_R_IFG	kj	KJ	word_label	kj_23	kj_23	23	0.33309591931716387
sub-12	meta_metaphor	meta_R_IFG	kj	KJ	word_label	kj_20	kj_20	20	-0.06471425692631146
sub-12	meta_metaphor	meta_R_IFG	kj	KJ	word_label	kj_36	kj_36	36	0.08269372602981578
sub-12	meta_metaphor	meta_R_IFG	kj	KJ	word_label	kj_6	kj_6	6	0.30767552871014175
sub-12	meta_metaphor	meta_R_IFG	kj	KJ	word_label	kj_13	kj_13	13	-0.28659876780599075
sub-12	meta_metaphor	meta_R_IFG	kj	KJ	word_label	kj_16	kj_16	16	0.1646174368697016
sub-12	meta_metaphor	meta_R_IFG	kj	KJ	word_label	kj_28	kj_28	28	0.12690023644727177
sub-12	meta_metaphor	meta_R_IFG	kj	KJ	word_label	kj_1	kj_1	1	0.07758573197527915
sub-12	meta_metaphor	meta_R_IFG	kj	KJ	word_label	kj_8	kj_8	8	-0.12943441404226158
sub-12	meta_metaphor	meta_R_IFG	kj	KJ	word_label	kj_34	kj_34	34	0.4635609041814593
sub-12	meta_metaphor	meta_R_IFG	kj	KJ	word_label	kj_27	kj_27	27	-0.1858019288748951
sub-12	meta_metaphor	meta_R_IFG	kj	KJ	word_label	kj_39	kj_39	39	0.15410439922536015
sub-12	meta_metaphor	meta_R_IFG	kj	KJ	word_label	kj_14	kj_14	14	0.27111774926941845
sub-12	meta_metaphor	meta_R_IFG	kj	KJ	word_label	kj_30	kj_30	30	-0.40543714269663805
sub-12	meta_metaphor	meta_R_IFG	kj	KJ	word_label	kj_2	kj_2	2	0.43994301452528006
sub-12	meta_metaphor	meta_R_IFG	kj	KJ	word_label	kj_15	kj_15	15	-0.038637771676561225
sub-12	meta_metaphor	meta_R_IFG	kj	KJ	word_label	kj_12	kj_12	12	0.033684737160927326
sub-12	meta_metaphor	meta_R_IFG	kj	KJ	word_label	kj_38	kj_38	38	0.03553220649287208
sub-12	meta_metaphor	meta_R_IFG	kj	KJ	word_label	kj_19	kj_19	19	-0.5464345687591338
sub-12	meta_metaphor	meta_R_IFG	kj	KJ	word_label	kj_22	kj_22	22	0.06359206823212686
sub-12	meta_metaphor	meta_R_IFG	kj	KJ	word_label	kj_24	kj_24	24	-0.4228156528285068
sub-12	meta_metaphor	meta_R_IFG	kj	KJ	word_label	kj_10	kj_10	10	0.026186301140144842
sub-12	meta_metaphor	meta_R_IFG	kj	KJ	word_label	kj_33	kj_33	33	0.04370110254692464
sub-12	meta_metaphor	meta_R_IFG	kj	KJ	word_label	kj_9	kj_9	9	-0.053018352171526846
sub-12	meta_metaphor	meta_R_IFG	kj	KJ	word_label	kj_7	kj_7	7	-0.05581217478356212
sub-12	meta_metaphor	meta_R_IFG	kj	KJ	word_label	kj_5	kj_5	5	0.11071587895591742
sub-12	meta_metaphor	meta_R_pMTG_pSTS	yy	YY	word_label	yy_39	yy_39	39	0.29265542127543553
sub-12	meta_metaphor	meta_R_pMTG_pSTS	yy	YY	word_label	yy_3	yy_3	3	0.39202085797788433
sub-12	meta_metaphor	meta_R_pMTG_pSTS	yy	YY	word_label	yy_2	yy_2	2	0.191840279176352
sub-12	meta_metaphor	meta_R_pMTG_pSTS	yy	YY	word_label	yy_27	yy_27	27	-0.16164505251468642
sub-12	meta_metaphor	meta_R_pMTG_pSTS	yy	YY	word_label	yy_18	yy_18	18	0.07437693305552419
sub-12	meta_metaphor	meta_R_pMTG_pSTS	yy	YY	word_label	yy_5	yy_5	5	0.2692250913438538
sub-12	meta_metaphor	meta_R_pMTG_pSTS	yy	YY	word_label	yy_37	yy_37	37	-0.3957034731869403
sub-12	meta_metaphor	meta_R_pMTG_pSTS	yy	YY	word_label	yy_12	yy_12	12	0.09433748331074386
sub-12	meta_metaphor	meta_R_pMTG_pSTS	yy	YY	word_label	yy_32	yy_32	32	-0.2399882708870986
sub-12	meta_metaphor	meta_R_pMTG_pSTS	yy	YY	word_label	yy_29	yy_29	29	-0.06932188142979652
sub-12	meta_metaphor	meta_R_pMTG_pSTS	yy	YY	word_label	yy_38	yy_38	38	0.14387267534979004
sub-12	meta_metaphor	meta_R_pMTG_pSTS	yy	YY	word_label	yy_24	yy_24	24	0.09310732688313546
sub-12	meta_metaphor	meta_R_pMTG_pSTS	yy	YY	word_label	yy_8	yy_8	8	-0.09541846130485505
sub-12	meta_metaphor	meta_R_pMTG_pSTS	yy	YY	word_label	yy_28	yy_28	28	-0.02057527672486851
sub-12	meta_metaphor	meta_R_pMTG_pSTS	yy	YY	word_label	yy_11	yy_11	11	0.05246439104015876
sub-12	meta_metaphor	meta_R_pMTG_pSTS	yy	YY	word_label	yy_22	yy_22	22	-0.13503198377307232
sub-12	meta_metaphor	meta_R_pMTG_pSTS	yy	YY	word_label	yy_10	yy_10	10	0.03500441710946994
sub-12	meta_metaphor	meta_R_pMTG_pSTS	yy	YY	word_label	yy_6	yy_6	6	-0.157655125495972
sub-12	meta_metaphor	meta_R_pMTG_pSTS	yy	YY	word_label	yy_35	yy_35	35	0.10420071308389753
sub-12	meta_metaphor	meta_R_pMTG_pSTS	yy	YY	word_label	yy_16	yy_16	16	0.26749021467435086
sub-12	meta_metaphor	meta_R_pMTG_pSTS	yy	YY	word_label	yy_17	yy_17	17	0.5049410467253524
sub-12	meta_metaphor	meta_R_pMTG_pSTS	yy	YY	word_label	yy_26	yy_26	26	0.3147358483084716
sub-12	meta_metaphor	meta_R_pMTG_pSTS	yy	YY	word_label	yy_13	yy_13	13	0.3239862744384868
sub-12	meta_metaphor	meta_R_pMTG_pSTS	yy	YY	word_label	yy_15	yy_15	15	-0.008525244761055928
sub-12	meta_metaphor	meta_R_pMTG_pSTS	yy	YY	word_label	yy_19	yy_19	19	0.16324688472147939
sub-12	meta_metaphor	meta_R_pMTG_pSTS	yy	YY	word_label	yy_23	yy_23	23	0.43595345960613396
sub-12	meta_metaphor	meta_R_pMTG_pSTS	yy	YY	word_label	yy_14	yy_14	14	0.25445673193294494
sub-12	meta_metaphor	meta_R_pMTG_pSTS	yy	YY	word_label	yy_40	yy_40	40	-0.11918721868317703
sub-12	meta_metaphor	meta_R_pMTG_pSTS	yy	YY	word_label	yy_7	yy_7	7	0.21144891830833543
sub-12	meta_metaphor	meta_R_pMTG_pSTS	yy	YY	word_label	yy_9	yy_9	9	-0.21305331329637162
sub-12	meta_metaphor	meta_R_pMTG_pSTS	yy	YY	word_label	yy_33	yy_33	33	0.022262360586328227
sub-12	meta_metaphor	meta_R_pMTG_pSTS	yy	YY	word_label	yy_4	yy_4	4	0.2592475087655053
sub-12	meta_metaphor	meta_R_pMTG_pSTS	yy	YY	word_label	yy_1	yy_1	1	0.10726190092292924
sub-12	meta_metaphor	meta_R_pMTG_pSTS	yy	YY	word_label	yy_21	yy_21	21	-0.014587347840005226
sub-12	meta_metaphor	meta_R_pMTG_pSTS	yy	YY	word_label	yy_36	yy_36	36	0.42646806012585325
sub-12	meta_metaphor	meta_R_pMTG_pSTS	kj	KJ	word_label	kj_29	kj_29	29	0.1640210926947143
sub-12	meta_metaphor	meta_R_pMTG_pSTS	kj	KJ	word_label	kj_37	kj_37	37	-0.31707343872853194
sub-12	meta_metaphor	meta_R_pMTG_pSTS	kj	KJ	word_label	kj_26	kj_26	26	0.3548562014120321
sub-12	meta_metaphor	meta_R_pMTG_pSTS	kj	KJ	word_label	kj_3	kj_3	3	0.16808220508593283
sub-12	meta_metaphor	meta_R_pMTG_pSTS	kj	KJ	word_label	kj_31	kj_31	31	-0.0063185545008928165
sub-12	meta_metaphor	meta_R_pMTG_pSTS	kj	KJ	word_label	kj_11	kj_11	11	0.3283090424781143
sub-12	meta_metaphor	meta_R_pMTG_pSTS	kj	KJ	word_label	kj_17	kj_17	17	-0.050207284796743655
sub-12	meta_metaphor	meta_R_pMTG_pSTS	kj	KJ	word_label	kj_21	kj_21	21	0.0845346700143478
sub-12	meta_metaphor	meta_R_pMTG_pSTS	kj	KJ	word_label	kj_25	kj_25	25	-0.07898058195301162
sub-12	meta_metaphor	meta_R_pMTG_pSTS	kj	KJ	word_label	kj_23	kj_23	23	-0.22580872565092464
sub-12	meta_metaphor	meta_R_pMTG_pSTS	kj	KJ	word_label	kj_20	kj_20	20	0.27917442548996174
sub-12	meta_metaphor	meta_R_pMTG_pSTS	kj	KJ	word_label	kj_36	kj_36	36	-0.04564908162310421
sub-12	meta_metaphor	meta_R_pMTG_pSTS	kj	KJ	word_label	kj_6	kj_6	6	-0.2302093324408937
sub-12	meta_metaphor	meta_R_pMTG_pSTS	kj	KJ	word_label	kj_13	kj_13	13	0.052814602624602185
sub-12	meta_metaphor	meta_R_pMTG_pSTS	kj	KJ	word_label	kj_16	kj_16	16	0.08135546173971421
sub-12	meta_metaphor	meta_R_pMTG_pSTS	kj	KJ	word_label	kj_28	kj_28	28	-0.0006262203325796369
sub-12	meta_metaphor	meta_R_pMTG_pSTS	kj	KJ	word_label	kj_1	kj_1	1	-0.10605795838019826
sub-12	meta_metaphor	meta_R_pMTG_pSTS	kj	KJ	word_label	kj_8	kj_8	8	-0.13744654895612185
sub-12	meta_metaphor	meta_R_pMTG_pSTS	kj	KJ	word_label	kj_34	kj_34	34	-0.22598850695873543
sub-12	meta_metaphor	meta_R_pMTG_pSTS	kj	KJ	word_label	kj_27	kj_27	27	0.2553443030637788
sub-12	meta_metaphor	meta_R_pMTG_pSTS	kj	KJ	word_label	kj_39	kj_39	39	-0.19048539969997996
sub-12	meta_metaphor	meta_R_pMTG_pSTS	kj	KJ	word_label	kj_14	kj_14	14	-0.11063193783924487
sub-12	meta_metaphor	meta_R_pMTG_pSTS	kj	KJ	word_label	kj_30	kj_30	30	-0.177657033862656
sub-12	meta_metaphor	meta_R_pMTG_pSTS	kj	KJ	word_label	kj_2	kj_2	2	0.3298386338751309
sub-12	meta_metaphor	meta_R_pMTG_pSTS	kj	KJ	word_label	kj_15	kj_15	15	-0.06590556389049312
sub-12	meta_metaphor	meta_R_pMTG_pSTS	kj	KJ	word_label	kj_12	kj_12	12	0.03911363233243009
sub-12	meta_metaphor	meta_R_pMTG_pSTS	kj	KJ	word_label	kj_38	kj_38	38	-0.1113327842265461
sub-12	meta_metaphor	meta_R_pMTG_pSTS	kj	KJ	word_label	kj_19	kj_19	19	-0.08355132550232375
sub-12	meta_metaphor	meta_R_pMTG_pSTS	kj	KJ	word_label	kj_22	kj_22	22	0.3971419304007468
sub-12	meta_metaphor	meta_R_pMTG_pSTS	kj	KJ	word_label	kj_24	kj_24	24	-0.21385033288600522
sub-12	meta_metaphor	meta_R_pMTG_pSTS	kj	KJ	word_label	kj_10	kj_10	10	-0.2724508810283639
sub-12	meta_metaphor	meta_R_pMTG_pSTS	kj	KJ	word_label	kj_33	kj_33	33	0.4116744511628818
sub-12	meta_metaphor	meta_R_pMTG_pSTS	kj	KJ	word_label	kj_9	kj_9	9	0.10044165400665797
sub-12	meta_metaphor	meta_R_pMTG_pSTS	kj	KJ	word_label	kj_7	kj_7	7	0.1834201065870021
sub-12	meta_metaphor	meta_R_pMTG_pSTS	kj	KJ	word_label	kj_5	kj_5	5	-0.40897871119204465
sub-12	meta_metaphor	meta_R_temporal_pole	yy	YY	word_label	yy_39	yy_39	39	0.009800848765486094
sub-12	meta_metaphor	meta_R_temporal_pole	yy	YY	word_label	yy_3	yy_3	3	-0.010184537321368212
sub-12	meta_metaphor	meta_R_temporal_pole	yy	YY	word_label	yy_2	yy_2	2	0.00459773449363726
sub-12	meta_metaphor	meta_R_temporal_pole	yy	YY	word_label	yy_27	yy_27	27	-0.0048115826122132116
sub-12	meta_metaphor	meta_R_temporal_pole	yy	YY	word_label	yy_18	yy_18	18	-0.015097686803502743
sub-12	meta_metaphor	meta_R_temporal_pole	yy	YY	word_label	yy_5	yy_5	5	0.0029669502581274876
sub-12	meta_metaphor	meta_R_temporal_pole	yy	YY	word_label	yy_37	yy_37	37	-0.051347335499563725
sub-12	meta_metaphor	meta_R_temporal_pole	yy	YY	word_label	yy_12	yy_12	12	-0.01328045966220928
sub-12	meta_metaphor	meta_R_temporal_pole	yy	YY	word_label	yy_32	yy_32	32	0.011736065878874978
sub-12	meta_metaphor	meta_R_temporal_pole	yy	YY	word_label	yy_29	yy_29	29	0.002606459605917125
sub-12	meta_metaphor	meta_R_temporal_pole	yy	YY	word_label	yy_38	yy_38	38	-0.012769880569739666
sub-12	meta_metaphor	meta_R_temporal_pole	yy	YY	word_label	yy_24	yy_24	24	-0.018195755531593392
sub-12	meta_metaphor	meta_R_temporal_pole	yy	YY	word_label	yy_8	yy_8	8	-0.010951185710751985
sub-12	meta_metaphor	meta_R_temporal_pole	yy	YY	word_label	yy_28	yy_28	28	-0.016084324139340706
sub-12	meta_metaphor	meta_R_temporal_pole	yy	YY	word_label	yy_11	yy_11	11	0.004448502454570209
sub-12	meta_metaphor	meta_R_temporal_pole	yy	YY	word_label	yy_22	yy_22	22	0.0033242329919485076
sub-12	meta_metaphor	meta_R_temporal_pole	yy	YY	word_label	yy_10	yy_10	10	-0.011154699636566645
sub-12	meta_metaphor	meta_R_temporal_pole	yy	YY	word_label	yy_6	yy_6	6	-0.01386680260102802
sub-12	meta_metaphor	meta_R_temporal_pole	yy	YY	word_label	yy_35	yy_35	35	-0.009979471686132885
sub-12	meta_metaphor	meta_R_temporal_pole	yy	YY	word_label	yy_16	yy_16	16	-0.009520736186874303
sub-12	meta_metaphor	meta_R_temporal_pole	yy	YY	word_label	yy_17	yy_17	17	0.006986075990794795
sub-12	meta_metaphor	meta_R_temporal_pole	yy	YY	word_label	yy_26	yy_26	26	-0.015183478944657339
sub-12	meta_metaphor	meta_R_temporal_pole	yy	YY	word_label	yy_13	yy_13	13	-0.014719623030071731
sub-12	meta_metaphor	meta_R_temporal_pole	yy	YY	word_label	yy_15	yy_15	15	-0.012910788897351812
sub-12	meta_metaphor	meta_R_temporal_pole	yy	YY	word_label	yy_19	yy_19	19	0.01222561439609079
sub-12	meta_metaphor	meta_R_temporal_pole	yy	YY	word_label	yy_23	yy_23	23	-0.006180856468000535
sub-12	meta_metaphor	meta_R_temporal_pole	yy	YY	word_label	yy_14	yy_14	14	-0.01206836110047192
sub-12	meta_metaphor	meta_R_temporal_pole	yy	YY	word_label	yy_40	yy_40	40	-0.0002991168628939639
sub-12	meta_metaphor	meta_R_temporal_pole	yy	YY	word_label	yy_7	yy_7	7	-0.013303426228231338
sub-12	meta_metaphor	meta_R_temporal_pole	yy	YY	word_label	yy_9	yy_9	9	-0.009521712490132516
sub-12	meta_metaphor	meta_R_temporal_pole	yy	YY	word_label	yy_33	yy_33	33	0.013743960399220566
sub-12	meta_metaphor	meta_R_temporal_pole	yy	YY	word_label	yy_4	yy_4	4	-0.004880558472760596
sub-12	meta_metaphor	meta_R_temporal_pole	yy	YY	word_label	yy_1	yy_1	1	0.011281709617345438
sub-12	meta_metaphor	meta_R_temporal_pole	yy	YY	word_label	yy_21	yy_21	21	0.00916131453505518
sub-12	meta_metaphor	meta_R_temporal_pole	yy	YY	word_label	yy_36	yy_36	36	0.01361724324709072
sub-12	meta_metaphor	meta_R_temporal_pole	kj	KJ	word_label	kj_29	kj_29	29	-0.01182945565773161
sub-12	meta_metaphor	meta_R_temporal_pole	kj	KJ	word_label	kj_37	kj_37	37	-0.014248940015169213
sub-12	meta_metaphor	meta_R_temporal_pole	kj	KJ	word_label	kj_26	kj_26	26	-0.019455360776874257
sub-12	meta_metaphor	meta_R_temporal_pole	kj	KJ	word_label	kj_3	kj_3	3	0.013043017054840282
sub-12	meta_metaphor	meta_R_temporal_pole	kj	KJ	word_label	kj_31	kj_31	31	0.002739652560148591
sub-12	meta_metaphor	meta_R_temporal_pole	kj	KJ	word_label	kj_11	kj_11	11	0.004597269463986927
sub-12	meta_metaphor	meta_R_temporal_pole	kj	KJ	word_label	kj_17	kj_17	17	-0.012750861504409065
sub-12	meta_metaphor	meta_R_temporal_pole	kj	KJ	word_label	kj_21	kj_21	21	0.011233434946758377
sub-12	meta_metaphor	meta_R_temporal_pole	kj	KJ	word_label	kj_25	kj_25	25	0.01476042639333213
sub-12	meta_metaphor	meta_R_temporal_pole	kj	KJ	word_label	kj_23	kj_23	23	-0.010943039090635905
sub-12	meta_metaphor	meta_R_temporal_pole	kj	KJ	word_label	kj_20	kj_20	20	-0.002708549980404148
sub-12	meta_metaphor	meta_R_temporal_pole	kj	KJ	word_label	kj_36	kj_36	36	-0.019148173366979243
sub-12	meta_metaphor	meta_R_temporal_pole	kj	KJ	word_label	kj_6	kj_6	6	0.014477547757298039
sub-12	meta_metaphor	meta_R_temporal_pole	kj	KJ	word_label	kj_13	kj_13	13	-0.009580993842600556
sub-12	meta_metaphor	meta_R_temporal_pole	kj	KJ	word_label	kj_16	kj_16	16	-0.015021737157445628
sub-12	meta_metaphor	meta_R_temporal_pole	kj	KJ	word_label	kj_28	kj_28	28	0.005825787709285168
sub-12	meta_metaphor	meta_R_temporal_pole	kj	KJ	word_label	kj_1	kj_1	1	-0.008828173793820912
sub-12	meta_metaphor	meta_R_temporal_pole	kj	KJ	word_label	kj_8	kj_8	8	-0.00953972934104282
sub-12	meta_metaphor	meta_R_temporal_pole	kj	KJ	word_label	kj_34	kj_34	34	-0.0032779291234104665
sub-12	meta_metaphor	meta_R_temporal_pole	kj	KJ	word_label	kj_27	kj_27	27	-0.009716991373953165
sub-12	meta_metaphor	meta_R_temporal_pole	kj	KJ	word_label	kj_39	kj_39	39	0.001636360909050873
sub-12	meta_metaphor	meta_R_temporal_pole	kj	KJ	word_label	kj_14	kj_14	14	0.012736901358651603
sub-12	meta_metaphor	meta_R_temporal_pole	kj	KJ	word_label	kj_30	kj_30	30	-0.012118259235223909
sub-12	meta_metaphor	meta_R_temporal_pole	kj	KJ	word_label	kj_2	kj_2	2	-0.009279367238863913
sub-12	meta_metaphor	meta_R_temporal_pole	kj	KJ	word_label	kj_15	kj_15	15	-0.011253696945342272
sub-12	meta_metaphor	meta_R_temporal_pole	kj	KJ	word_label	kj_12	kj_12	12	0.0032947872949961165
sub-12	meta_metaphor	meta_R_temporal_pole	kj	KJ	word_label	kj_38	kj_38	38	0.006142872553170445
sub-12	meta_metaphor	meta_R_temporal_pole	kj	KJ	word_label	kj_19	kj_19	19	0.010486498594682469
sub-12	meta_metaphor	meta_R_temporal_pole	kj	KJ	word_label	kj_22	kj_22	22	0.001978441999055168
sub-12	meta_metaphor	meta_R_temporal_pole	kj	KJ	word_label	kj_24	kj_24	24	-0.010755291132848595
sub-12	meta_metaphor	meta_R_temporal_pole	kj	KJ	word_label	kj_10	kj_10	10	-0.011843169240703244
sub-12	meta_metaphor	meta_R_temporal_pole	kj	KJ	word_label	kj_33	kj_33	33	-0.011142705869315999
sub-12	meta_metaphor	meta_R_temporal_pole	kj	KJ	word_label	kj_9	kj_9	9	0.011692446280509495
sub-12	meta_metaphor	meta_R_temporal_pole	kj	KJ	word_label	kj_7	kj_7	7	0.005012207462761969
sub-12	meta_metaphor	meta_R_temporal_pole	kj	KJ	word_label	kj_5	kj_5	5	4.350192795248804e-06
sub-13	meta_metaphor	meta_L_AG	yy	YY	word_label	yy_1	yy_1	1	-0.021928606585111754
sub-13	meta_metaphor	meta_L_AG	yy	YY	word_label	yy_5	yy_5	5	0.14301445961615677
sub-13	meta_metaphor	meta_L_AG	yy	YY	word_label	yy_8	yy_8	8	0.30295410887847835
sub-13	meta_metaphor	meta_L_AG	yy	YY	word_label	yy_40	yy_40	40	-0.653899111136547
sub-13	meta_metaphor	meta_L_AG	yy	YY	word_label	yy_16	yy_16	16	0.6257541391164971
sub-13	meta_metaphor	meta_L_AG	yy	YY	word_label	yy_22	yy_22	22	0.4875016189668741
sub-13	meta_metaphor	meta_L_AG	yy	YY	word_label	yy_3	yy_3	3	0.24993803477990534
sub-13	meta_metaphor	meta_L_AG	yy	YY	word_label	yy_10	yy_10	10	-0.3234421904027633
sub-13	meta_metaphor	meta_L_AG	yy	YY	word_label	yy_32	yy_32	32	0.10654953970050791
sub-13	meta_metaphor	meta_L_AG	yy	YY	word_label	yy_38	yy_38	38	-0.2931540907359408
sub-13	meta_metaphor	meta_L_AG	yy	YY	word_label	yy_17	yy_17	17	-0.26727178645460226
sub-13	meta_metaphor	meta_L_AG	yy	YY	word_label	yy_19	yy_19	19	-0.21966789508349702
sub-13	meta_metaphor	meta_L_AG	yy	YY	word_label	yy_2	yy_2	2	0.0589490199585666
sub-13	meta_metaphor	meta_L_AG	yy	YY	word_label	yy_18	yy_18	18	0.4083471818598872
sub-13	meta_metaphor	meta_L_AG	yy	YY	word_label	yy_14	yy_14	14	-0.6868506213108156
sub-13	meta_metaphor	meta_L_AG	yy	YY	word_label	yy_33	yy_33	33	0.16979115423579455
sub-13	meta_metaphor	meta_L_AG	yy	YY	word_label	yy_24	yy_24	24	-0.04588095453938583
sub-13	meta_metaphor	meta_L_AG	yy	YY	word_label	yy_37	yy_37	37	0.5885192473279531
sub-13	meta_metaphor	meta_L_AG	yy	YY	word_label	yy_6	yy_6	6	-0.36496188446755823
sub-13	meta_metaphor	meta_L_AG	yy	YY	word_label	yy_13	yy_13	13	-0.34008579401102107
sub-13	meta_metaphor	meta_L_AG	yy	YY	word_label	yy_11	yy_11	11	0.11566842238367075
sub-13	meta_metaphor	meta_L_AG	yy	YY	word_label	yy_27	yy_27	27	0.020182560080883306
sub-13	meta_metaphor	meta_L_AG	yy	YY	word_label	yy_29	yy_29	29	-0.3056495773470308
sub-13	meta_metaphor	meta_L_AG	yy	YY	word_label	yy_9	yy_9	9	0.19602465361783303
sub-13	meta_metaphor	meta_L_AG	yy	YY	word_label	yy_23	yy_23	23	-0.31236100064190186
sub-13	meta_metaphor	meta_L_AG	yy	YY	word_label	yy_21	yy_21	21	0.20217424438336268
sub-13	meta_metaphor	meta_L_AG	yy	YY	word_label	yy_28	yy_28	28	0.24690584636711657
sub-13	meta_metaphor	meta_L_AG	yy	YY	word_label	yy_15	yy_15	15	0.21949295070351943
sub-13	meta_metaphor	meta_L_AG	yy	YY	word_label	yy_7	yy_7	7	-0.24266178991489573
sub-13	meta_metaphor	meta_L_AG	yy	YY	word_label	yy_26	yy_26	26	0.15654954474170918
sub-13	meta_metaphor	meta_L_AG	yy	YY	word_label	yy_35	yy_35	35	0.5862758884285202
sub-13	meta_metaphor	meta_L_AG	yy	YY	word_label	yy_39	yy_39	39	0.3186907902926548
sub-13	meta_metaphor	meta_L_AG	yy	YY	word_label	yy_12	yy_12	12	-0.4452483612560937
sub-13	meta_metaphor	meta_L_AG	yy	YY	word_label	yy_4	yy_4	4	0.16989242903559099
sub-13	meta_metaphor	meta_L_AG	yy	YY	word_label	yy_36	yy_36	36	0.1581528203387928
sub-13	meta_metaphor	meta_L_AG	kj	KJ	word_label	kj_26	kj_26	26	-0.16330018497448148
sub-13	meta_metaphor	meta_L_AG	kj	KJ	word_label	kj_14	kj_14	14	0.41252604214532496
sub-13	meta_metaphor	meta_L_AG	kj	KJ	word_label	kj_23	kj_23	23	0.30082147847942226
sub-13	meta_metaphor	meta_L_AG	kj	KJ	word_label	kj_27	kj_27	27	0.508238225235652
sub-13	meta_metaphor	meta_L_AG	kj	KJ	word_label	kj_38	kj_38	38	0.4301491502372956
sub-13	meta_metaphor	meta_L_AG	kj	KJ	word_label	kj_16	kj_16	16	-0.15328919502834235
sub-13	meta_metaphor	meta_L_AG	kj	KJ	word_label	kj_9	kj_9	9	0.3329272379344656
sub-13	meta_metaphor	meta_L_AG	kj	KJ	word_label	kj_11	kj_11	11	0.32907852121054326
sub-13	meta_metaphor	meta_L_AG	kj	KJ	word_label	kj_17	kj_17	17	0.1342465204850435
sub-13	meta_metaphor	meta_L_AG	kj	KJ	word_label	kj_33	kj_33	33	-0.002450205129844852
sub-13	meta_metaphor	meta_L_AG	kj	KJ	word_label	kj_21	kj_21	21	-0.6179598853304141
sub-13	meta_metaphor	meta_L_AG	kj	KJ	word_label	kj_22	kj_22	22	0.02314179252910472
sub-13	meta_metaphor	meta_L_AG	kj	KJ	word_label	kj_19	kj_19	19	0.1667455273871001
sub-13	meta_metaphor	meta_L_AG	kj	KJ	word_label	kj_20	kj_20	20	-0.2554920314218226
sub-13	meta_metaphor	meta_L_AG	kj	KJ	word_label	kj_25	kj_25	25	0.3490137890524236
sub-13	meta_metaphor	meta_L_AG	kj	KJ	word_label	kj_5	kj_5	5	-0.19000050493795018
sub-13	meta_metaphor	meta_L_AG	kj	KJ	word_label	kj_2	kj_2	2	0.25982713730725526
sub-13	meta_metaphor	meta_L_AG	kj	KJ	word_label	kj_7	kj_7	7	-0.018596884826191193
sub-13	meta_metaphor	meta_L_AG	kj	KJ	word_label	kj_8	kj_8	8	0.6789376233079513
sub-13	meta_metaphor	meta_L_AG	kj	KJ	word_label	kj_31	kj_31	31	-0.07533426378807855
sub-13	meta_metaphor	meta_L_AG	kj	KJ	word_label	kj_37	kj_37	37	0.18696306510007418
sub-13	meta_metaphor	meta_L_AG	kj	KJ	word_label	kj_1	kj_1	1	-0.199139921048491
sub-13	meta_metaphor	meta_L_AG	kj	KJ	word_label	kj_13	kj_13	13	-0.2865985016883402
sub-13	meta_metaphor	meta_L_AG	kj	KJ	word_label	kj_30	kj_30	30	0.11157870700592967
sub-13	meta_metaphor	meta_L_AG	kj	KJ	word_label	kj_3	kj_3	3	0.6094679570268974
sub-13	meta_metaphor	meta_L_AG	kj	KJ	word_label	kj_39	kj_39	39	0.1754934656716392
sub-13	meta_metaphor	meta_L_AG	kj	KJ	word_label	kj_34	kj_34	34	-0.7814508449704656
sub-13	meta_metaphor	meta_L_AG	kj	KJ	word_label	kj_10	kj_10	10	-0.1803198811602927
sub-13	meta_metaphor	meta_L_AG	kj	KJ	word_label	kj_29	kj_29	29	-0.3708664229005821
sub-13	meta_metaphor	meta_L_AG	kj	KJ	word_label	kj_6	kj_6	6	0.17809075873310495
sub-13	meta_metaphor	meta_L_AG	kj	KJ	word_label	kj_24	kj_24	24	0.015186807420984643
sub-13	meta_metaphor	meta_L_AG	kj	KJ	word_label	kj_15	kj_15	15	-0.2068980994690017
sub-13	meta_metaphor	meta_L_AG	kj	KJ	word_label	kj_36	kj_36	36	-0.3909800445126376
sub-13	meta_metaphor	meta_L_AG	kj	KJ	word_label	kj_12	kj_12	12	-0.4492647752911774
sub-13	meta_metaphor	meta_L_AG	kj	KJ	word_label	kj_28	kj_28	28	-0.2823708569549242
sub-13	meta_metaphor	meta_L_IFG	yy	YY	word_label	yy_1	yy_1	1	-0.47984290848008726
sub-13	meta_metaphor	meta_L_IFG	yy	YY	word_label	yy_5	yy_5	5	0.5769215537541547
sub-13	meta_metaphor	meta_L_IFG	yy	YY	word_label	yy_8	yy_8	8	-0.0712107425641187
sub-13	meta_metaphor	meta_L_IFG	yy	YY	word_label	yy_40	yy_40	40	-0.08935655561882652
sub-13	meta_metaphor	meta_L_IFG	yy	YY	word_label	yy_16	yy_16	16	0.0919221327287861
sub-13	meta_metaphor	meta_L_IFG	yy	YY	word_label	yy_22	yy_22	22	0.5073942303442098
sub-13	meta_metaphor	meta_L_IFG	yy	YY	word_label	yy_3	yy_3	3	0.4357599196547762
sub-13	meta_metaphor	meta_L_IFG	yy	YY	word_label	yy_10	yy_10	10	0.17476649423719584
sub-13	meta_metaphor	meta_L_IFG	yy	YY	word_label	yy_32	yy_32	32	-0.15152992169771975
sub-13	meta_metaphor	meta_L_IFG	yy	YY	word_label	yy_38	yy_38	38	0.29884098450855706
sub-13	meta_metaphor	meta_L_IFG	yy	YY	word_label	yy_17	yy_17	17	0.29953089043382747
sub-13	meta_metaphor	meta_L_IFG	yy	YY	word_label	yy_19	yy_19	19	0.315067794085514
sub-13	meta_metaphor	meta_L_IFG	yy	YY	word_label	yy_2	yy_2	2	0.4574660623935458
sub-13	meta_metaphor	meta_L_IFG	yy	YY	word_label	yy_18	yy_18	18	0.17462255878774832
sub-13	meta_metaphor	meta_L_IFG	yy	YY	word_label	yy_14	yy_14	14	-0.24939653691603936
sub-13	meta_metaphor	meta_L_IFG	yy	YY	word_label	yy_33	yy_33	33	-0.11989986262694062
sub-13	meta_metaphor	meta_L_IFG	yy	YY	word_label	yy_24	yy_24	24	0.3705080869147824
sub-13	meta_metaphor	meta_L_IFG	yy	YY	word_label	yy_37	yy_37	37	0.044502706854454746
sub-13	meta_metaphor	meta_L_IFG	yy	YY	word_label	yy_6	yy_6	6	0.4918399601493304
sub-13	meta_metaphor	meta_L_IFG	yy	YY	word_label	yy_13	yy_13	13	-0.23096542464849126
sub-13	meta_metaphor	meta_L_IFG	yy	YY	word_label	yy_11	yy_11	11	-0.5509132238828123
sub-13	meta_metaphor	meta_L_IFG	yy	YY	word_label	yy_27	yy_27	27	-0.1648522705762418
sub-13	meta_metaphor	meta_L_IFG	yy	YY	word_label	yy_29	yy_29	29	-0.11854762353146703
sub-13	meta_metaphor	meta_L_IFG	yy	YY	word_label	yy_9	yy_9	9	-0.15648214714100991
sub-13	meta_metaphor	meta_L_IFG	yy	YY	word_label	yy_23	yy_23	23	0.3690507244194599
sub-13	meta_metaphor	meta_L_IFG	yy	YY	word_label	yy_21	yy_21	21	-0.02126944587196195
sub-13	meta_metaphor	meta_L_IFG	yy	YY	word_label	yy_28	yy_28	28	0.5738450955826636
sub-13	meta_metaphor	meta_L_IFG	yy	YY	word_label	yy_15	yy_15	15	-0.0500489900706118
sub-13	meta_metaphor	meta_L_IFG	yy	YY	word_label	yy_7	yy_7	7	-0.5529165947596789
sub-13	meta_metaphor	meta_L_IFG	yy	YY	word_label	yy_26	yy_26	26	0.1885340983235024
sub-13	meta_metaphor	meta_L_IFG	yy	YY	word_label	yy_35	yy_35	35	0.14666869923224926
sub-13	meta_metaphor	meta_L_IFG	yy	YY	word_label	yy_39	yy_39	39	0.08750138147164888
sub-13	meta_metaphor	meta_L_IFG	yy	YY	word_label	yy_12	yy_12	12	-0.017359447173208614
sub-13	meta_metaphor	meta_L_IFG	yy	YY	word_label	yy_4	yy_4	4	0.4499975006720875
sub-13	meta_metaphor	meta_L_IFG	yy	YY	word_label	yy_36	yy_36	36	-0.465676825122467
sub-13	meta_metaphor	meta_L_IFG	kj	KJ	word_label	kj_26	kj_26	26	-0.028193395162132637
sub-13	meta_metaphor	meta_L_IFG	kj	KJ	word_label	kj_14	kj_14	14	0.39888071198187514
sub-13	meta_metaphor	meta_L_IFG	kj	KJ	word_label	kj_23	kj_23	23	0.21129533956821614
sub-13	meta_metaphor	meta_L_IFG	kj	KJ	word_label	kj_27	kj_27	27	0.39471230322415873
sub-13	meta_metaphor	meta_L_IFG	kj	KJ	word_label	kj_38	kj_38	38	0.3781691009931862
sub-13	meta_metaphor	meta_L_IFG	kj	KJ	word_label	kj_16	kj_16	16	-0.07794144278152658
sub-13	meta_metaphor	meta_L_IFG	kj	KJ	word_label	kj_9	kj_9	9	0.26260854833965375
sub-13	meta_metaphor	meta_L_IFG	kj	KJ	word_label	kj_11	kj_11	11	0.24741350770615053
sub-13	meta_metaphor	meta_L_IFG	kj	KJ	word_label	kj_17	kj_17	17	-0.061099609664171724
sub-13	meta_metaphor	meta_L_IFG	kj	KJ	word_label	kj_33	kj_33	33	-0.1878478234582005
sub-13	meta_metaphor	meta_L_IFG	kj	KJ	word_label	kj_21	kj_21	21	0.35570677648129484
sub-13	meta_metaphor	meta_L_IFG	kj	KJ	word_label	kj_22	kj_22	22	0.20906705921020285
sub-13	meta_metaphor	meta_L_IFG	kj	KJ	word_label	kj_19	kj_19	19	0.5178007100051985
sub-13	meta_metaphor	meta_L_IFG	kj	KJ	word_label	kj_20	kj_20	20	0.14365701638840883
sub-13	meta_metaphor	meta_L_IFG	kj	KJ	word_label	kj_25	kj_25	25	0.46343222650840254
sub-13	meta_metaphor	meta_L_IFG	kj	KJ	word_label	kj_5	kj_5	5	0.32342581403421344
sub-13	meta_metaphor	meta_L_IFG	kj	KJ	word_label	kj_2	kj_2	2	0.360881085527736
sub-13	meta_metaphor	meta_L_IFG	kj	KJ	word_label	kj_7	kj_7	7	0.7399019065878544
sub-13	meta_metaphor	meta_L_IFG	kj	KJ	word_label	kj_8	kj_8	8	0.45124774552654184
sub-13	meta_metaphor	meta_L_IFG	kj	KJ	word_label	kj_31	kj_31	31	-0.5334005670502311
sub-13	meta_metaphor	meta_L_IFG	kj	KJ	word_label	kj_37	kj_37	37	-0.13524122746241113
sub-13	meta_metaphor	meta_L_IFG	kj	KJ	word_label	kj_1	kj_1	1	-0.12679772803438608
sub-13	meta_metaphor	meta_L_IFG	kj	KJ	word_label	kj_13	kj_13	13	-0.26026420239433756
sub-13	meta_metaphor	meta_L_IFG	kj	KJ	word_label	kj_30	kj_30	30	0.29550917683460404
sub-13	meta_metaphor	meta_L_IFG	kj	KJ	word_label	kj_3	kj_3	3	0.27268907127209024
sub-13	meta_metaphor	meta_L_IFG	kj	KJ	word_label	kj_39	kj_39	39	-0.26812398555396894
sub-13	meta_metaphor	meta_L_IFG	kj	KJ	word_label	kj_34	kj_34	34	-0.05183099248000377
sub-13	meta_metaphor	meta_L_IFG	kj	KJ	word_label	kj_10	kj_10	10	0.24965295724951164
sub-13	meta_metaphor	meta_L_IFG	kj	KJ	word_label	kj_29	kj_29	29	0.10332734421780666
sub-13	meta_metaphor	meta_L_IFG	kj	KJ	word_label	kj_6	kj_6	6	-0.14048719172761437
sub-13	meta_metaphor	meta_L_IFG	kj	KJ	word_label	kj_24	kj_24	24	-0.07154128674090089
sub-13	meta_metaphor	meta_L_IFG	kj	KJ	word_label	kj_15	kj_15	15	-0.2711473369420053
sub-13	meta_metaphor	meta_L_IFG	kj	KJ	word_label	kj_36	kj_36	36	-0.3451371966980545
sub-13	meta_metaphor	meta_L_IFG	kj	KJ	word_label	kj_12	kj_12	12	-0.3556294640791265
sub-13	meta_metaphor	meta_L_IFG	kj	KJ	word_label	kj_28	kj_28	28	0.025286747042739848
sub-13	meta_metaphor	meta_L_pMTG_pSTS	yy	YY	word_label	yy_1	yy_1	1	0.5543980066023003
sub-13	meta_metaphor	meta_L_pMTG_pSTS	yy	YY	word_label	yy_5	yy_5	5	-0.2561856818685744
sub-13	meta_metaphor	meta_L_pMTG_pSTS	yy	YY	word_label	yy_8	yy_8	8	-0.07467781631226166
sub-13	meta_metaphor	meta_L_pMTG_pSTS	yy	YY	word_label	yy_40	yy_40	40	-0.33073471262079285
sub-13	meta_metaphor	meta_L_pMTG_pSTS	yy	YY	word_label	yy_16	yy_16	16	-0.0014497435556167335
sub-13	meta_metaphor	meta_L_pMTG_pSTS	yy	YY	word_label	yy_22	yy_22	22	-0.2540489926017774
sub-13	meta_metaphor	meta_L_pMTG_pSTS	yy	YY	word_label	yy_3	yy_3	3	-0.1608451824173151
sub-13	meta_metaphor	meta_L_pMTG_pSTS	yy	YY	word_label	yy_10	yy_10	10	0.18709162153287193
sub-13	meta_metaphor	meta_L_pMTG_pSTS	yy	YY	word_label	yy_32	yy_32	32	0.3172439765941749
sub-13	meta_metaphor	meta_L_pMTG_pSTS	yy	YY	word_label	yy_38	yy_38	38	0.007129343389560683
sub-13	meta_metaphor	meta_L_pMTG_pSTS	yy	YY	word_label	yy_17	yy_17	17	-0.4946366980223996
sub-13	meta_metaphor	meta_L_pMTG_pSTS	yy	YY	word_label	yy_19	yy_19	19	-0.21497473296136888
sub-13	meta_metaphor	meta_L_pMTG_pSTS	yy	YY	word_label	yy_2	yy_2	2	-0.4110844927267635
sub-13	meta_metaphor	meta_L_pMTG_pSTS	yy	YY	word_label	yy_18	yy_18	18	0.14282203669945015
sub-13	meta_metaphor	meta_L_pMTG_pSTS	yy	YY	word_label	yy_14	yy_14	14	0.54216426920505
sub-13	meta_metaphor	meta_L_pMTG_pSTS	yy	YY	word_label	yy_33	yy_33	33	0.4615148012264158
sub-13	meta_metaphor	meta_L_pMTG_pSTS	yy	YY	word_label	yy_24	yy_24	24	0.1579812523835443
sub-13	meta_metaphor	meta_L_pMTG_pSTS	yy	YY	word_label	yy_37	yy_37	37	-0.1280827324195097
sub-13	meta_metaphor	meta_L_pMTG_pSTS	yy	YY	word_label	yy_6	yy_6	6	0.37846874400441993
sub-13	meta_metaphor	meta_L_pMTG_pSTS	yy	YY	word_label	yy_13	yy_13	13	-0.5014266859902641
sub-13	meta_metaphor	meta_L_pMTG_pSTS	yy	YY	word_label	yy_11	yy_11	11	0.18207906147117428
sub-13	meta_metaphor	meta_L_pMTG_pSTS	yy	YY	word_label	yy_27	yy_27	27	-0.22502651119423922
sub-13	meta_metaphor	meta_L_pMTG_pSTS	yy	YY	word_label	yy_29	yy_29	29	0.36250052144656775
sub-13	meta_metaphor	meta_L_pMTG_pSTS	yy	YY	word_label	yy_9	yy_9	9	-0.5748433495290642
sub-13	meta_metaphor	meta_L_pMTG_pSTS	yy	YY	word_label	yy_23	yy_23	23	-0.6259219565591496
sub-13	meta_metaphor	meta_L_pMTG_pSTS	yy	YY	word_label	yy_21	yy_21	21	0.006997820650611626
sub-13	meta_metaphor	meta_L_pMTG_pSTS	yy	YY	word_label	yy_28	yy_28	28	0.12134697003958718
sub-13	meta_metaphor	meta_L_pMTG_pSTS	yy	YY	word_label	yy_15	yy_15	15	-0.17614441291716695
sub-13	meta_metaphor	meta_L_pMTG_pSTS	yy	YY	word_label	yy_7	yy_7	7	-0.8212950031966165
sub-13	meta_metaphor	meta_L_pMTG_pSTS	yy	YY	word_label	yy_26	yy_26	26	0.16022622247593685
sub-13	meta_metaphor	meta_L_pMTG_pSTS	yy	YY	word_label	yy_35	yy_35	35	-0.36795197475658126
sub-13	meta_metaphor	meta_L_pMTG_pSTS	yy	YY	word_label	yy_39	yy_39	39	0.390822060449937
sub-13	meta_metaphor	meta_L_pMTG_pSTS	yy	YY	word_label	yy_12	yy_12	12	-0.10146892970530298
sub-13	meta_metaphor	meta_L_pMTG_pSTS	yy	YY	word_label	yy_4	yy_4	4	0.378835851928544
sub-13	meta_metaphor	meta_L_pMTG_pSTS	yy	YY	word_label	yy_36	yy_36	36	-0.4509667902625627
sub-13	meta_metaphor	meta_L_pMTG_pSTS	kj	KJ	word_label	kj_26	kj_26	26	0.02635300591406703
sub-13	meta_metaphor	meta_L_pMTG_pSTS	kj	KJ	word_label	kj_14	kj_14	14	0.29499799145927147
sub-13	meta_metaphor	meta_L_pMTG_pSTS	kj	KJ	word_label	kj_23	kj_23	23	0.47572912720542826
sub-13	meta_metaphor	meta_L_pMTG_pSTS	kj	KJ	word_label	kj_27	kj_27	27	0.07490728396579924
sub-13	meta_metaphor	meta_L_pMTG_pSTS	kj	KJ	word_label	kj_38	kj_38	38	-0.22380194477889437
sub-13	meta_metaphor	meta_L_pMTG_pSTS	kj	KJ	word_label	kj_16	kj_16	16	0.29685247265576964
sub-13	meta_metaphor	meta_L_pMTG_pSTS	kj	KJ	word_label	kj_9	kj_9	9	0.2061195715645745
sub-13	meta_metaphor	meta_L_pMTG_pSTS	kj	KJ	word_label	kj_11	kj_11	11	-0.5152852488981667
sub-13	meta_metaphor	meta_L_pMTG_pSTS	kj	KJ	word_label	kj_17	kj_17	17	-0.6854327830255798
sub-13	meta_metaphor	meta_L_pMTG_pSTS	kj	KJ	word_label	kj_33	kj_33	33	-0.5383935038555138
sub-13	meta_metaphor	meta_L_pMTG_pSTS	kj	KJ	word_label	kj_21	kj_21	21	-0.1764478858646638
sub-13	meta_metaphor	meta_L_pMTG_pSTS	kj	KJ	word_label	kj_22	kj_22	22	0.02373706823510443
sub-13	meta_metaphor	meta_L_pMTG_pSTS	kj	KJ	word_label	kj_19	kj_19	19	0.17385937332898693
sub-13	meta_metaphor	meta_L_pMTG_pSTS	kj	KJ	word_label	kj_20	kj_20	20	0.28966745947504663
sub-13	meta_metaphor	meta_L_pMTG_pSTS	kj	KJ	word_label	kj_25	kj_25	25	-0.24985925781046625
sub-13	meta_metaphor	meta_L_pMTG_pSTS	kj	KJ	word_label	kj_5	kj_5	5	-0.3687393593318027
sub-13	meta_metaphor	meta_L_pMTG_pSTS	kj	KJ	word_label	kj_2	kj_2	2	-0.29977836089560495
sub-13	meta_metaphor	meta_L_pMTG_pSTS	kj	KJ	word_label	kj_7	kj_7	7	0.3280555724146014
sub-13	meta_metaphor	meta_L_pMTG_pSTS	kj	KJ	word_label	kj_8	kj_8	8	0.21411793225663844
sub-13	meta_metaphor	meta_L_pMTG_pSTS	kj	KJ	word_label	kj_31	kj_31	31	0.12136808412890074
sub-13	meta_metaphor	meta_L_pMTG_pSTS	kj	KJ	word_label	kj_37	kj_37	37	0.5102370959905854
sub-13	meta_metaphor	meta_L_pMTG_pSTS	kj	KJ	word_label	kj_1	kj_1	1	0.08352925284286297
sub-13	meta_metaphor	meta_L_pMTG_pSTS	kj	KJ	word_label	kj_13	kj_13	13	0.010569311493367815
sub-13	meta_metaphor	meta_L_pMTG_pSTS	kj	KJ	word_label	kj_30	kj_30	30	-0.006268138314924169
sub-13	meta_metaphor	meta_L_pMTG_pSTS	kj	KJ	word_label	kj_3	kj_3	3	-0.06186286278258922
sub-13	meta_metaphor	meta_L_pMTG_pSTS	kj	KJ	word_label	kj_39	kj_39	39	0.4169871805783622
sub-13	meta_metaphor	meta_L_pMTG_pSTS	kj	KJ	word_label	kj_34	kj_34	34	0.15758654251307827
sub-13	meta_metaphor	meta_L_pMTG_pSTS	kj	KJ	word_label	kj_10	kj_10	10	-0.014244070850943256
sub-13	meta_metaphor	meta_L_pMTG_pSTS	kj	KJ	word_label	kj_29	kj_29	29	0.0220553634841719
sub-13	meta_metaphor	meta_L_pMTG_pSTS	kj	KJ	word_label	kj_6	kj_6	6	0.4318370201414571
sub-13	meta_metaphor	meta_L_pMTG_pSTS	kj	KJ	word_label	kj_24	kj_24	24	0.03082643295610394
sub-13	meta_metaphor	meta_L_pMTG_pSTS	kj	KJ	word_label	kj_15	kj_15	15	0.22957653043618087
sub-13	meta_metaphor	meta_L_pMTG_pSTS	kj	KJ	word_label	kj_36	kj_36	36	-0.6379966044782532
sub-13	meta_metaphor	meta_L_pMTG_pSTS	kj	KJ	word_label	kj_12	kj_12	12	-0.29936627393113563
sub-13	meta_metaphor	meta_L_pMTG_pSTS	kj	KJ	word_label	kj_28	kj_28	28	-0.09600766337058947
sub-13	meta_metaphor	meta_L_temporal_pole	yy	YY	word_label	yy_1	yy_1	1	-0.2364232710168552
sub-13	meta_metaphor	meta_L_temporal_pole	yy	YY	word_label	yy_5	yy_5	5	0.17201422138259337
sub-13	meta_metaphor	meta_L_temporal_pole	yy	YY	word_label	yy_8	yy_8	8	-0.6206243026863368
sub-13	meta_metaphor	meta_L_temporal_pole	yy	YY	word_label	yy_40	yy_40	40	0.07383293433588618
sub-13	meta_metaphor	meta_L_temporal_pole	yy	YY	word_label	yy_16	yy_16	16	-0.3239608745890859
sub-13	meta_metaphor	meta_L_temporal_pole	yy	YY	word_label	yy_22	yy_22	22	-0.4416367788243584
sub-13	meta_metaphor	meta_L_temporal_pole	yy	YY	word_label	yy_3	yy_3	3	-0.5424889387880881
sub-13	meta_metaphor	meta_L_temporal_pole	yy	YY	word_label	yy_10	yy_10	10	-0.08174993877912703
sub-13	meta_metaphor	meta_L_temporal_pole	yy	YY	word_label	yy_32	yy_32	32	0.12938592819956374
sub-13	meta_metaphor	meta_L_temporal_pole	yy	YY	word_label	yy_38	yy_38	38	-0.47707901208531184
sub-13	meta_metaphor	meta_L_temporal_pole	yy	YY	word_label	yy_17	yy_17	17	-0.24857147207856015
sub-13	meta_metaphor	meta_L_temporal_pole	yy	YY	word_label	yy_19	yy_19	19	-0.7281787613639124
sub-13	meta_metaphor	meta_L_temporal_pole	yy	YY	word_label	yy_2	yy_2	2	-0.0736914728485984
sub-13	meta_metaphor	meta_L_temporal_pole	yy	YY	word_label	yy_18	yy_18	18	0.20923241121359462
sub-13	meta_metaphor	meta_L_temporal_pole	yy	YY	word_label	yy_14	yy_14	14	-0.11662846693521628
sub-13	meta_metaphor	meta_L_temporal_pole	yy	YY	word_label	yy_33	yy_33	33	0.16784331685107293
sub-13	meta_metaphor	meta_L_temporal_pole	yy	YY	word_label	yy_24	yy_24	24	-0.20261394333972463
sub-13	meta_metaphor	meta_L_temporal_pole	yy	YY	word_label	yy_37	yy_37	37	-0.23904963403268953
sub-13	meta_metaphor	meta_L_temporal_pole	yy	YY	word_label	yy_6	yy_6	6	-0.14576239757261775
sub-13	meta_metaphor	meta_L_temporal_pole	yy	YY	word_label	yy_13	yy_13	13	0.16123251529610175
sub-13	meta_metaphor	meta_L_temporal_pole	yy	YY	word_label	yy_11	yy_11	11	0.2199869151902018
sub-13	meta_metaphor	meta_L_temporal_pole	yy	YY	word_label	yy_27	yy_27	27	0.4981760148986221
sub-13	meta_metaphor	meta_L_temporal_pole	yy	YY	word_label	yy_29	yy_29	29	-0.08996470427294397
sub-13	meta_metaphor	meta_L_temporal_pole	yy	YY	word_label	yy_9	yy_9	9	-0.39842776519162765
sub-13	meta_metaphor	meta_L_temporal_pole	yy	YY	word_label	yy_23	yy_23	23	-0.43431652728456827
sub-13	meta_metaphor	meta_L_temporal_pole	yy	YY	word_label	yy_21	yy_21	21	-0.38417198893559484
sub-13	meta_metaphor	meta_L_temporal_pole	yy	YY	word_label	yy_28	yy_28	28	-0.22173002576690265
sub-13	meta_metaphor	meta_L_temporal_pole	yy	YY	word_label	yy_15	yy_15	15	-0.010059258857576098
sub-13	meta_metaphor	meta_L_temporal_pole	yy	YY	word_label	yy_7	yy_7	7	0.10973566247082799
sub-13	meta_metaphor	meta_L_temporal_pole	yy	YY	word_label	yy_26	yy_26	26	-0.06322866650474537
sub-13	meta_metaphor	meta_L_temporal_pole	yy	YY	word_label	yy_35	yy_35	35	-0.29901517154933316
sub-13	meta_metaphor	meta_L_temporal_pole	yy	YY	word_label	yy_39	yy_39	39	0.4468776561819094
sub-13	meta_metaphor	meta_L_temporal_pole	yy	YY	word_label	yy_12	yy_12	12	-0.08311860328229886
sub-13	meta_metaphor	meta_L_temporal_pole	yy	YY	word_label	yy_4	yy_4	4	-0.5462013781162987
sub-13	meta_metaphor	meta_L_temporal_pole	yy	YY	word_label	yy_36	yy_36	36	0.021417393845786906
sub-13	meta_metaphor	meta_L_temporal_pole	kj	KJ	word_label	kj_26	kj_26	26	-0.35387434523211203
sub-13	meta_metaphor	meta_L_temporal_pole	kj	KJ	word_label	kj_14	kj_14	14	0.43437586819938545
sub-13	meta_metaphor	meta_L_temporal_pole	kj	KJ	word_label	kj_23	kj_23	23	0.1253927448308402
sub-13	meta_metaphor	meta_L_temporal_pole	kj	KJ	word_label	kj_27	kj_27	27	0.5208918488386364
sub-13	meta_metaphor	meta_L_temporal_pole	kj	KJ	word_label	kj_38	kj_38	38	0.04132937211805731
sub-13	meta_metaphor	meta_L_temporal_pole	kj	KJ	word_label	kj_16	kj_16	16	0.33613909614330406
sub-13	meta_metaphor	meta_L_temporal_pole	kj	KJ	word_label	kj_9	kj_9	9	-0.5605333619112938
sub-13	meta_metaphor	meta_L_temporal_pole	kj	KJ	word_label	kj_11	kj_11	11	-0.3753751375011863
sub-13	meta_metaphor	meta_L_temporal_pole	kj	KJ	word_label	kj_17	kj_17	17	-0.05179485306822749
sub-13	meta_metaphor	meta_L_temporal_pole	kj	KJ	word_label	kj_33	kj_33	33	-0.17034051655868263
sub-13	meta_metaphor	meta_L_temporal_pole	kj	KJ	word_label	kj_21	kj_21	21	0.22309091139844583
sub-13	meta_metaphor	meta_L_temporal_pole	kj	KJ	word_label	kj_22	kj_22	22	-0.3388726649471624
sub-13	meta_metaphor	meta_L_temporal_pole	kj	KJ	word_label	kj_19	kj_19	19	0.5232419624864507
sub-13	meta_metaphor	meta_L_temporal_pole	kj	KJ	word_label	kj_20	kj_20	20	-0.3098790153379447
sub-13	meta_metaphor	meta_L_temporal_pole	kj	KJ	word_label	kj_25	kj_25	25	-0.2640772590953369
sub-13	meta_metaphor	meta_L_temporal_pole	kj	KJ	word_label	kj_5	kj_5	5	0.01914301131131963
sub-13	meta_metaphor	meta_L_temporal_pole	kj	KJ	word_label	kj_2	kj_2	2	-0.05303529138708729
sub-13	meta_metaphor	meta_L_temporal_pole	kj	KJ	word_label	kj_7	kj_7	7	0.6622324872226641
sub-13	meta_metaphor	meta_L_temporal_pole	kj	KJ	word_label	kj_8	kj_8	8	-0.1322453368710128
sub-13	meta_metaphor	meta_L_temporal_pole	kj	KJ	word_label	kj_31	kj_31	31	-0.27634907046681845
sub-13	meta_metaphor	meta_L_temporal_pole	kj	KJ	word_label	kj_37	kj_37	37	-0.32377259033758343
sub-13	meta_metaphor	meta_L_temporal_pole	kj	KJ	word_label	kj_1	kj_1	1	-0.1545905284801217
sub-13	meta_metaphor	meta_L_temporal_pole	kj	KJ	word_label	kj_13	kj_13	13	0.17043627921829926
sub-13	meta_metaphor	meta_L_temporal_pole	kj	KJ	word_label	kj_30	kj_30	30	0.7540302961778188
sub-13	meta_metaphor	meta_L_temporal_pole	kj	KJ	word_label	kj_3	kj_3	3	-0.3311330949234631
sub-13	meta_metaphor	meta_L_temporal_pole	kj	KJ	word_label	kj_39	kj_39	39	-0.0246353787796089
sub-13	meta_metaphor	meta_L_temporal_pole	kj	KJ	word_label	kj_34	kj_34	34	0.13180715118485126
sub-13	meta_metaphor	meta_L_temporal_pole	kj	KJ	word_label	kj_10	kj_10	10	0.13627552015242408
sub-13	meta_metaphor	meta_L_temporal_pole	kj	KJ	word_label	kj_29	kj_29	29	0.1256375986326661
sub-13	meta_metaphor	meta_L_temporal_pole	kj	KJ	word_label	kj_6	kj_6	6	-0.5102742585959422
sub-13	meta_metaphor	meta_L_temporal_pole	kj	KJ	word_label	kj_24	kj_24	24	-0.4226726380774583
sub-13	meta_metaphor	meta_L_temporal_pole	kj	KJ	word_label	kj_15	kj_15	15	0.03560848104060257
sub-13	meta_metaphor	meta_L_temporal_pole	kj	KJ	word_label	kj_36	kj_36	36	0.24418256503508065
sub-13	meta_metaphor	meta_L_temporal_pole	kj	KJ	word_label	kj_12	kj_12	12	-0.040782170956346585
sub-13	meta_metaphor	meta_L_temporal_pole	kj	KJ	word_label	kj_28	kj_28	28	-0.08172414448101882
sub-13	meta_metaphor	meta_R_AG	yy	YY	word_label	yy_1	yy_1	1	-0.45720807990852796
sub-13	meta_metaphor	meta_R_AG	yy	YY	word_label	yy_5	yy_5	5	0.49221898012098453
sub-13	meta_metaphor	meta_R_AG	yy	YY	word_label	yy_8	yy_8	8	0.32660758347202595
sub-13	meta_metaphor	meta_R_AG	yy	YY	word_label	yy_40	yy_40	40	0.27934512567291386
sub-13	meta_metaphor	meta_R_AG	yy	YY	word_label	yy_16	yy_16	16	0.3440162113549601
sub-13	meta_metaphor	meta_R_AG	yy	YY	word_label	yy_22	yy_22	22	0.18713245947526452
sub-13	meta_metaphor	meta_R_AG	yy	YY	word_label	yy_3	yy_3	3	0.17552920755461693
sub-13	meta_metaphor	meta_R_AG	yy	YY	word_label	yy_10	yy_10	10	-0.04499836506185383
sub-13	meta_metaphor	meta_R_AG	yy	YY	word_label	yy_32	yy_32	32	-0.009814435553581313
sub-13	meta_metaphor	meta_R_AG	yy	YY	word_label	yy_38	yy_38	38	0.44499671105164545
sub-13	meta_metaphor	meta_R_AG	yy	YY	word_label	yy_17	yy_17	17	-0.13433182070679758
sub-13	meta_metaphor	meta_R_AG	yy	YY	word_label	yy_19	yy_19	19	-0.005800798513709754
sub-13	meta_metaphor	meta_R_AG	yy	YY	word_label	yy_2	yy_2	2	0.467401347072613
sub-13	meta_metaphor	meta_R_AG	yy	YY	word_label	yy_18	yy_18	18	0.19715114158038308
sub-13	meta_metaphor	meta_R_AG	yy	YY	word_label	yy_14	yy_14	14	-0.1367757322318786
sub-13	meta_metaphor	meta_R_AG	yy	YY	word_label	yy_33	yy_33	33	0.3813848141107774
sub-13	meta_metaphor	meta_R_AG	yy	YY	word_label	yy_24	yy_24	24	0.4386304391149255
sub-13	meta_metaphor	meta_R_AG	yy	YY	word_label	yy_37	yy_37	37	0.5699265549931668
sub-13	meta_metaphor	meta_R_AG	yy	YY	word_label	yy_6	yy_6	6	0.10879791702650005
sub-13	meta_metaphor	meta_R_AG	yy	YY	word_label	yy_13	yy_13	13	-0.3435766456574371
sub-13	meta_metaphor	meta_R_AG	yy	YY	word_label	yy_11	yy_11	11	0.07618851435503006
sub-13	meta_metaphor	meta_R_AG	yy	YY	word_label	yy_27	yy_27	27	-0.10265720490092513
sub-13	meta_metaphor	meta_R_AG	yy	YY	word_label	yy_29	yy_29	29	0.12458540461718925
sub-13	meta_metaphor	meta_R_AG	yy	YY	word_label	yy_9	yy_9	9	0.35071687403625557
sub-13	meta_metaphor	meta_R_AG	yy	YY	word_label	yy_23	yy_23	23	0.061402348404598885
sub-13	meta_metaphor	meta_R_AG	yy	YY	word_label	yy_21	yy_21	21	-0.25624017986602055
sub-13	meta_metaphor	meta_R_AG	yy	YY	word_label	yy_28	yy_28	28	0.3363938710277474
sub-13	meta_metaphor	meta_R_AG	yy	YY	word_label	yy_15	yy_15	15	0.30776254309497436
sub-13	meta_metaphor	meta_R_AG	yy	YY	word_label	yy_7	yy_7	7	0.41732635244719496
sub-13	meta_metaphor	meta_R_AG	yy	YY	word_label	yy_26	yy_26	26	-0.09337220083940101
sub-13	meta_metaphor	meta_R_AG	yy	YY	word_label	yy_35	yy_35	35	0.45986931440884143
sub-13	meta_metaphor	meta_R_AG	yy	YY	word_label	yy_39	yy_39	39	-0.07756030662732585
sub-13	meta_metaphor	meta_R_AG	yy	YY	word_label	yy_12	yy_12	12	0.08585589889950139
sub-13	meta_metaphor	meta_R_AG	yy	YY	word_label	yy_4	yy_4	4	-0.06634936410901839
sub-13	meta_metaphor	meta_R_AG	yy	YY	word_label	yy_36	yy_36	36	0.1743429540838174
sub-13	meta_metaphor	meta_R_AG	kj	KJ	word_label	kj_26	kj_26	26	0.2533178116188472
sub-13	meta_metaphor	meta_R_AG	kj	KJ	word_label	kj_14	kj_14	14	0.14879082890259152
sub-13	meta_metaphor	meta_R_AG	kj	KJ	word_label	kj_23	kj_23	23	-0.06521317325330046
sub-13	meta_metaphor	meta_R_AG	kj	KJ	word_label	kj_27	kj_27	27	0.006797822294899931
sub-13	meta_metaphor	meta_R_AG	kj	KJ	word_label	kj_38	kj_38	38	0.5274945446784731
sub-13	meta_metaphor	meta_R_AG	kj	KJ	word_label	kj_16	kj_16	16	-0.1194533907920535
sub-13	meta_metaphor	meta_R_AG	kj	KJ	word_label	kj_9	kj_9	9	0.1556350415706462
sub-13	meta_metaphor	meta_R_AG	kj	KJ	word_label	kj_11	kj_11	11	0.19885872163087057
sub-13	meta_metaphor	meta_R_AG	kj	KJ	word_label	kj_17	kj_17	17	0.32518486177922357
sub-13	meta_metaphor	meta_R_AG	kj	KJ	word_label	kj_33	kj_33	33	0.13893446187587194
sub-13	meta_metaphor	meta_R_AG	kj	KJ	word_label	kj_21	kj_21	21	-0.3435516494990422
sub-13	meta_metaphor	meta_R_AG	kj	KJ	word_label	kj_22	kj_22	22	0.14799331850440056
sub-13	meta_metaphor	meta_R_AG	kj	KJ	word_label	kj_19	kj_19	19	0.13094333849533374
sub-13	meta_metaphor	meta_R_AG	kj	KJ	word_label	kj_20	kj_20	20	0.052162356673786464
sub-13	meta_metaphor	meta_R_AG	kj	KJ	word_label	kj_25	kj_25	25	0.3890360380324426
sub-13	meta_metaphor	meta_R_AG	kj	KJ	word_label	kj_5	kj_5	5	0.5551150622220955
sub-13	meta_metaphor	meta_R_AG	kj	KJ	word_label	kj_2	kj_2	2	0.4257958335818052
sub-13	meta_metaphor	meta_R_AG	kj	KJ	word_label	kj_7	kj_7	7	0.18932991568962818
sub-13	meta_metaphor	meta_R_AG	kj	KJ	word_label	kj_8	kj_8	8	0.5739376648447234
sub-13	meta_metaphor	meta_R_AG	kj	KJ	word_label	kj_31	kj_31	31	-0.35541091320569573
sub-13	meta_metaphor	meta_R_AG	kj	KJ	word_label	kj_37	kj_37	37	-0.061484705904604975
sub-13	meta_metaphor	meta_R_AG	kj	KJ	word_label	kj_1	kj_1	1	0.43308913634760476
sub-13	meta_metaphor	meta_R_AG	kj	KJ	word_label	kj_13	kj_13	13	0.5552991043650127
sub-13	meta_metaphor	meta_R_AG	kj	KJ	word_label	kj_30	kj_30	30	0.3167151657065308
sub-13	meta_metaphor	meta_R_AG	kj	KJ	word_label	kj_3	kj_3	3	0.48844069951359503
sub-13	meta_metaphor	meta_R_AG	kj	KJ	word_label	kj_39	kj_39	39	-0.38828232219816927
sub-13	meta_metaphor	meta_R_AG	kj	KJ	word_label	kj_34	kj_34	34	-0.07438417853793702
sub-13	meta_metaphor	meta_R_AG	kj	KJ	word_label	kj_10	kj_10	10	-0.36773562264276133
sub-13	meta_metaphor	meta_R_AG	kj	KJ	word_label	kj_29	kj_29	29	0.13650820789213125
sub-13	meta_metaphor	meta_R_AG	kj	KJ	word_label	kj_6	kj_6	6	0.10561254642837574
sub-13	meta_metaphor	meta_R_AG	kj	KJ	word_label	kj_24	kj_24	24	0.23437135746424198
sub-13	meta_metaphor	meta_R_AG	kj	KJ	word_label	kj_15	kj_15	15	0.40949991741388564
sub-13	meta_metaphor	meta_R_AG	kj	KJ	word_label	kj_36	kj_36	36	-0.0770941644986408
sub-13	meta_metaphor	meta_R_AG	kj	KJ	word_label	kj_12	kj_12	12	0.24499816946031508
sub-13	meta_metaphor	meta_R_AG	kj	KJ	word_label	kj_28	kj_28	28	0.0709095602365997
sub-13	meta_metaphor	meta_R_IFG	yy	YY	word_label	yy_1	yy_1	1	-0.22341650080648984
sub-13	meta_metaphor	meta_R_IFG	yy	YY	word_label	yy_5	yy_5	5	-0.7872630764253781
sub-13	meta_metaphor	meta_R_IFG	yy	YY	word_label	yy_8	yy_8	8	0.5466817269279045
sub-13	meta_metaphor	meta_R_IFG	yy	YY	word_label	yy_40	yy_40	40	-0.752818594615944
sub-13	meta_metaphor	meta_R_IFG	yy	YY	word_label	yy_16	yy_16	16	0.6211644979527301
sub-13	meta_metaphor	meta_R_IFG	yy	YY	word_label	yy_22	yy_22	22	0.43057184273132615
sub-13	meta_metaphor	meta_R_IFG	yy	YY	word_label	yy_3	yy_3	3	0.5736725227855157
sub-13	meta_metaphor	meta_R_IFG	yy	YY	word_label	yy_10	yy_10	10	-0.05496441737494876
sub-13	meta_metaphor	meta_R_IFG	yy	YY	word_label	yy_32	yy_32	32	-0.11733266558672752
sub-13	meta_metaphor	meta_R_IFG	yy	YY	word_label	yy_38	yy_38	38	0.07191342121498981
sub-13	meta_metaphor	meta_R_IFG	yy	YY	word_label	yy_17	yy_17	17	-0.401111374030614
sub-13	meta_metaphor	meta_R_IFG	yy	YY	word_label	yy_19	yy_19	19	-0.31676022226722755
sub-13	meta_metaphor	meta_R_IFG	yy	YY	word_label	yy_2	yy_2	2	-0.20261611887768027
sub-13	meta_metaphor	meta_R_IFG	yy	YY	word_label	yy_18	yy_18	18	-0.6234006978458835
sub-13	meta_metaphor	meta_R_IFG	yy	YY	word_label	yy_14	yy_14	14	0.1665722689635768
sub-13	meta_metaphor	meta_R_IFG	yy	YY	word_label	yy_33	yy_33	33	0.30386939283969683
sub-13	meta_metaphor	meta_R_IFG	yy	YY	word_label	yy_24	yy_24	24	0.16863195084990892
sub-13	meta_metaphor	meta_R_IFG	yy	YY	word_label	yy_37	yy_37	37	0.06141657557855719
sub-13	meta_metaphor	meta_R_IFG	yy	YY	word_label	yy_6	yy_6	6	-0.583724067669043
sub-13	meta_metaphor	meta_R_IFG	yy	YY	word_label	yy_13	yy_13	13	-0.3415488426479478
sub-13	meta_metaphor	meta_R_IFG	yy	YY	word_label	yy_11	yy_11	11	-0.30244384444889383
sub-13	meta_metaphor	meta_R_IFG	yy	YY	word_label	yy_27	yy_27	27	-0.36983415655954455
sub-13	meta_metaphor	meta_R_IFG	yy	YY	word_label	yy_29	yy_29	29	-0.4590953375745941
sub-13	meta_metaphor	meta_R_IFG	yy	YY	word_label	yy_9	yy_9	9	0.5513625278478214
sub-13	meta_metaphor	meta_R_IFG	yy	YY	word_label	yy_23	yy_23	23	0.4700326409849007
sub-13	meta_metaphor	meta_R_IFG	yy	YY	word_label	yy_21	yy_21	21	-0.5600792833472571
sub-13	meta_metaphor	meta_R_IFG	yy	YY	word_label	yy_28	yy_28	28	0.520279045398363
sub-13	meta_metaphor	meta_R_IFG	yy	YY	word_label	yy_15	yy_15	15	0.10812853231555299
sub-13	meta_metaphor	meta_R_IFG	yy	YY	word_label	yy_7	yy_7	7	0.19527827116671242
sub-13	meta_metaphor	meta_R_IFG	yy	YY	word_label	yy_26	yy_26	26	-0.7044929192432093
sub-13	meta_metaphor	meta_R_IFG	yy	YY	word_label	yy_35	yy_35	35	0.1320025290715628
sub-13	meta_metaphor	meta_R_IFG	yy	YY	word_label	yy_39	yy_39	39	-0.5032329676155469
sub-13	meta_metaphor	meta_R_IFG	yy	YY	word_label	yy_12	yy_12	12	0.09153696794368292
sub-13	meta_metaphor	meta_R_IFG	yy	YY	word_label	yy_4	yy_4	4	-0.6854464079530789
sub-13	meta_metaphor	meta_R_IFG	yy	YY	word_label	yy_36	yy_36	36	0.309040014279338
sub-13	meta_metaphor	meta_R_IFG	kj	KJ	word_label	kj_26	kj_26	26	-0.5110467470719496
sub-13	meta_metaphor	meta_R_IFG	kj	KJ	word_label	kj_14	kj_14	14	0.3775888623075344
sub-13	meta_metaphor	meta_R_IFG	kj	KJ	word_label	kj_23	kj_23	23	-0.3683158336230059
sub-13	meta_metaphor	meta_R_IFG	kj	KJ	word_label	kj_27	kj_27	27	0.010487772925580586
sub-13	meta_metaphor	meta_R_IFG	kj	KJ	word_label	kj_38	kj_38	38	0.6100719420717526
sub-13	meta_metaphor	meta_R_IFG	kj	KJ	word_label	kj_16	kj_16	16	0.04543789261367813
sub-13	meta_metaphor	meta_R_IFG	kj	KJ	word_label	kj_9	kj_9	9	-0.3015398650263844
sub-13	meta_metaphor	meta_R_IFG	kj	KJ	word_label	kj_11	kj_11	11	-0.12180629475037313
sub-13	meta_metaphor	meta_R_IFG	kj	KJ	word_label	kj_17	kj_17	17	0.28830151052581515
sub-13	meta_metaphor	meta_R_IFG	kj	KJ	word_label	kj_33	kj_33	33	-0.04664721462764707
sub-13	meta_metaphor	meta_R_IFG	kj	KJ	word_label	kj_21	kj_21	21	-0.44991661270516137
sub-13	meta_metaphor	meta_R_IFG	kj	KJ	word_label	kj_22	kj_22	22	-0.7902880118729824
sub-13	meta_metaphor	meta_R_IFG	kj	KJ	word_label	kj_19	kj_19	19	-0.5524978801268668
sub-13	meta_metaphor	meta_R_IFG	kj	KJ	word_label	kj_20	kj_20	20	0.2882881618501204
sub-13	meta_metaphor	meta_R_IFG	kj	KJ	word_label	kj_25	kj_25	25	-0.6254548070734582
sub-13	meta_metaphor	meta_R_IFG	kj	KJ	word_label	kj_5	kj_5	5	0.15136226162099997
sub-13	meta_metaphor	meta_R_IFG	kj	KJ	word_label	kj_2	kj_2	2	-0.13944259928971228
sub-13	meta_metaphor	meta_R_IFG	kj	KJ	word_label	kj_7	kj_7	7	0.4226508450969692
sub-13	meta_metaphor	meta_R_IFG	kj	KJ	word_label	kj_8	kj_8	8	0.6004104590489941
sub-13	meta_metaphor	meta_R_IFG	kj	KJ	word_label	kj_31	kj_31	31	-0.6311763863266749
sub-13	meta_metaphor	meta_R_IFG	kj	KJ	word_label	kj_37	kj_37	37	0.47954979253573116
sub-13	meta_metaphor	meta_R_IFG	kj	KJ	word_label	kj_1	kj_1	1	-0.24322702751234343
sub-13	meta_metaphor	meta_R_IFG	kj	KJ	word_label	kj_13	kj_13	13	-0.2181503602227968
sub-13	meta_metaphor	meta_R_IFG	kj	KJ	word_label	kj_30	kj_30	30	0.5937147012848507
sub-13	meta_metaphor	meta_R_IFG	kj	KJ	word_label	kj_3	kj_3	3	0.060791883063253165
sub-13	meta_metaphor	meta_R_IFG	kj	KJ	word_label	kj_39	kj_39	39	0.1412269284498917
sub-13	meta_metaphor	meta_R_IFG	kj	KJ	word_label	kj_34	kj_34	34	-0.6111141336980914
sub-13	meta_metaphor	meta_R_IFG	kj	KJ	word_label	kj_10	kj_10	10	-0.6450038377361745
sub-13	meta_metaphor	meta_R_IFG	kj	KJ	word_label	kj_29	kj_29	29	-0.5543086382691028
sub-13	meta_metaphor	meta_R_IFG	kj	KJ	word_label	kj_6	kj_6	6	-0.27119154712743115
sub-13	meta_metaphor	meta_R_IFG	kj	KJ	word_label	kj_24	kj_24	24	-0.44097518734355606
sub-13	meta_metaphor	meta_R_IFG	kj	KJ	word_label	kj_15	kj_15	15	0.5040575438672976
sub-13	meta_metaphor	meta_R_IFG	kj	KJ	word_label	kj_36	kj_36	36	-0.037975297687225205
sub-13	meta_metaphor	meta_R_IFG	kj	KJ	word_label	kj_12	kj_12	12	-0.22858207815120324
sub-13	meta_metaphor	meta_R_IFG	kj	KJ	word_label	kj_28	kj_28	28	-0.15943587744718662
sub-13	meta_metaphor	meta_R_pMTG_pSTS	yy	YY	word_label	yy_1	yy_1	1	0.021808796802861474
sub-13	meta_metaphor	meta_R_pMTG_pSTS	yy	YY	word_label	yy_5	yy_5	5	0.060918853651154896
sub-13	meta_metaphor	meta_R_pMTG_pSTS	yy	YY	word_label	yy_8	yy_8	8	0.5401593155773086
sub-13	meta_metaphor	meta_R_pMTG_pSTS	yy	YY	word_label	yy_40	yy_40	40	-0.558500486532473
sub-13	meta_metaphor	meta_R_pMTG_pSTS	yy	YY	word_label	yy_16	yy_16	16	-0.09473589414702116
sub-13	meta_metaphor	meta_R_pMTG_pSTS	yy	YY	word_label	yy_22	yy_22	22	0.5367028706585001
sub-13	meta_metaphor	meta_R_pMTG_pSTS	yy	YY	word_label	yy_3	yy_3	3	0.6168430398452943
sub-13	meta_metaphor	meta_R_pMTG_pSTS	yy	YY	word_label	yy_10	yy_10	10	0.42544308570647843
sub-13	meta_metaphor	meta_R_pMTG_pSTS	yy	YY	word_label	yy_32	yy_32	32	0.12394733118906016
sub-13	meta_metaphor	meta_R_pMTG_pSTS	yy	YY	word_label	yy_38	yy_38	38	0.3447153808420839
sub-13	meta_metaphor	meta_R_pMTG_pSTS	yy	YY	word_label	yy_17	yy_17	17	-0.1460137147447464
sub-13	meta_metaphor	meta_R_pMTG_pSTS	yy	YY	word_label	yy_19	yy_19	19	-0.19878323293597594
sub-13	meta_metaphor	meta_R_pMTG_pSTS	yy	YY	word_label	yy_2	yy_2	2	0.3076863139140182
sub-13	meta_metaphor	meta_R_pMTG_pSTS	yy	YY	word_label	yy_18	yy_18	18	0.39225212485413
sub-13	meta_metaphor	meta_R_pMTG_pSTS	yy	YY	word_label	yy_14	yy_14	14	-0.14088582694089244
sub-13	meta_metaphor	meta_R_pMTG_pSTS	yy	YY	word_label	yy_33	yy_33	33	0.4055252962732114
sub-13	meta_metaphor	meta_R_pMTG_pSTS	yy	YY	word_label	yy_24	yy_24	24	0.4403689972133434
sub-13	meta_metaphor	meta_R_pMTG_pSTS	yy	YY	word_label	yy_37	yy_37	37	0.08401136237426833
sub-13	meta_metaphor	meta_R_pMTG_pSTS	yy	YY	word_label	yy_6	yy_6	6	0.13440068659926854
sub-13	meta_metaphor	meta_R_pMTG_pSTS	yy	YY	word_label	yy_13	yy_13	13	-0.021668110608964192
sub-13	meta_metaphor	meta_R_pMTG_pSTS	yy	YY	word_label	yy_11	yy_11	11	0.018162014927583407
sub-13	meta_metaphor	meta_R_pMTG_pSTS	yy	YY	word_label	yy_27	yy_27	27	-0.041510422149109084
sub-13	meta_metaphor	meta_R_pMTG_pSTS	yy	YY	word_label	yy_29	yy_29	29	0.09007977053499042
sub-13	meta_metaphor	meta_R_pMTG_pSTS	yy	YY	word_label	yy_9	yy_9	9	0.017432451133182834
sub-13	meta_metaphor	meta_R_pMTG_pSTS	yy	YY	word_label	yy_23	yy_23	23	-0.020327641981889757
sub-13	meta_metaphor	meta_R_pMTG_pSTS	yy	YY	word_label	yy_21	yy_21	21	0.2520075835237956
sub-13	meta_metaphor	meta_R_pMTG_pSTS	yy	YY	word_label	yy_28	yy_28	28	0.6534946984585345
sub-13	meta_metaphor	meta_R_pMTG_pSTS	yy	YY	word_label	yy_15	yy_15	15	0.1623962541662733
sub-13	meta_metaphor	meta_R_pMTG_pSTS	yy	YY	word_label	yy_7	yy_7	7	-0.2498802662960724
sub-13	meta_metaphor	meta_R_pMTG_pSTS	yy	YY	word_label	yy_26	yy_26	26	0.39707350614221576
sub-13	meta_metaphor	meta_R_pMTG_pSTS	yy	YY	word_label	yy_35	yy_35	35	-0.07329881830560331
sub-13	meta_metaphor	meta_R_pMTG_pSTS	yy	YY	word_label	yy_39	yy_39	39	0.1765190016958964
sub-13	meta_metaphor	meta_R_pMTG_pSTS	yy	YY	word_label	yy_12	yy_12	12	0.3493796121382582
sub-13	meta_metaphor	meta_R_pMTG_pSTS	yy	YY	word_label	yy_4	yy_4	4	-0.26680114518953985
sub-13	meta_metaphor	meta_R_pMTG_pSTS	yy	YY	word_label	yy_36	yy_36	36	0.2629492919954647
sub-13	meta_metaphor	meta_R_pMTG_pSTS	kj	KJ	word_label	kj_26	kj_26	26	0.3684790336362225
sub-13	meta_metaphor	meta_R_pMTG_pSTS	kj	KJ	word_label	kj_14	kj_14	14	0.5858821054828361
sub-13	meta_metaphor	meta_R_pMTG_pSTS	kj	KJ	word_label	kj_23	kj_23	23	0.48197740942451306
sub-13	meta_metaphor	meta_R_pMTG_pSTS	kj	KJ	word_label	kj_27	kj_27	27	-0.24246909247784504
sub-13	meta_metaphor	meta_R_pMTG_pSTS	kj	KJ	word_label	kj_38	kj_38	38	0.46387358263580875
sub-13	meta_metaphor	meta_R_pMTG_pSTS	kj	KJ	word_label	kj_16	kj_16	16	0.2737086918808094
sub-13	meta_metaphor	meta_R_pMTG_pSTS	kj	KJ	word_label	kj_9	kj_9	9	0.35365446072483464
sub-13	meta_metaphor	meta_R_pMTG_pSTS	kj	KJ	word_label	kj_11	kj_11	11	0.23190063257172994
sub-13	meta_metaphor	meta_R_pMTG_pSTS	kj	KJ	word_label	kj_17	kj_17	17	0.16239742586352704
sub-13	meta_metaphor	meta_R_pMTG_pSTS	kj	KJ	word_label	kj_33	kj_33	33	-0.12154374197276636
sub-13	meta_metaphor	meta_R_pMTG_pSTS	kj	KJ	word_label	kj_21	kj_21	21	-0.388471611639822
sub-13	meta_metaphor	meta_R_pMTG_pSTS	kj	KJ	word_label	kj_22	kj_22	22	-0.23950147344849865
sub-13	meta_metaphor	meta_R_pMTG_pSTS	kj	KJ	word_label	kj_19	kj_19	19	0.4849448389812518
sub-13	meta_metaphor	meta_R_pMTG_pSTS	kj	KJ	word_label	kj_20	kj_20	20	0.38386126898748274
sub-13	meta_metaphor	meta_R_pMTG_pSTS	kj	KJ	word_label	kj_25	kj_25	25	0.38106019699617677
sub-13	meta_metaphor	meta_R_pMTG_pSTS	kj	KJ	word_label	kj_5	kj_5	5	0.6160438152415509
sub-13	meta_metaphor	meta_R_pMTG_pSTS	kj	KJ	word_label	kj_2	kj_2	2	0.2556391390420425
sub-13	meta_metaphor	meta_R_pMTG_pSTS	kj	KJ	word_label	kj_7	kj_7	7	0.7988969135907058
sub-13	meta_metaphor	meta_R_pMTG_pSTS	kj	KJ	word_label	kj_8	kj_8	8	0.6816371787184285
sub-13	meta_metaphor	meta_R_pMTG_pSTS	kj	KJ	word_label	kj_31	kj_31	31	-0.4573443285140111
sub-13	meta_metaphor	meta_R_pMTG_pSTS	kj	KJ	word_label	kj_37	kj_37	37	0.26115303071362134
sub-13	meta_metaphor	meta_R_pMTG_pSTS	kj	KJ	word_label	kj_1	kj_1	1	0.2769636616472707
sub-13	meta_metaphor	meta_R_pMTG_pSTS	kj	KJ	word_label	kj_13	kj_13	13	-0.4688113817549312
sub-13	meta_metaphor	meta_R_pMTG_pSTS	kj	KJ	word_label	kj_30	kj_30	30	0.3080704819794401
sub-13	meta_metaphor	meta_R_pMTG_pSTS	kj	KJ	word_label	kj_3	kj_3	3	-0.07436115254664907
sub-13	meta_metaphor	meta_R_pMTG_pSTS	kj	KJ	word_label	kj_39	kj_39	39	-0.03773077594333925
sub-13	meta_metaphor	meta_R_pMTG_pSTS	kj	KJ	word_label	kj_34	kj_34	34	-0.2552125179194978
sub-13	meta_metaphor	meta_R_pMTG_pSTS	kj	KJ	word_label	kj_10	kj_10	10	0.05938709854239309
sub-13	meta_metaphor	meta_R_pMTG_pSTS	kj	KJ	word_label	kj_29	kj_29	29	0.2617175593970203
sub-13	meta_metaphor	meta_R_pMTG_pSTS	kj	KJ	word_label	kj_6	kj_6	6	0.16781857522833468
sub-13	meta_metaphor	meta_R_pMTG_pSTS	kj	KJ	word_label	kj_24	kj_24	24	0.3720365224161636
sub-13	meta_metaphor	meta_R_pMTG_pSTS	kj	KJ	word_label	kj_15	kj_15	15	0.6336301743328387
sub-13	meta_metaphor	meta_R_pMTG_pSTS	kj	KJ	word_label	kj_36	kj_36	36	0.23140779426891983
sub-13	meta_metaphor	meta_R_pMTG_pSTS	kj	KJ	word_label	kj_12	kj_12	12	-0.13489760649866908
sub-13	meta_metaphor	meta_R_pMTG_pSTS	kj	KJ	word_label	kj_28	kj_28	28	0.25395196314287816
sub-13	meta_metaphor	meta_R_temporal_pole	yy	YY	word_label	yy_1	yy_1	1	0.15531961236122388
sub-13	meta_metaphor	meta_R_temporal_pole	yy	YY	word_label	yy_5	yy_5	5	-0.4033181358966271
sub-13	meta_metaphor	meta_R_temporal_pole	yy	YY	word_label	yy_8	yy_8	8	-0.5517243062465741
sub-13	meta_metaphor	meta_R_temporal_pole	yy	YY	word_label	yy_40	yy_40	40	-0.6987523388525242
sub-13	meta_metaphor	meta_R_temporal_pole	yy	YY	word_label	yy_16	yy_16	16	-0.8531786345250604
sub-13	meta_metaphor	meta_R_temporal_pole	yy	YY	word_label	yy_22	yy_22	22	-0.27665776581493035
sub-13	meta_metaphor	meta_R_temporal_pole	yy	YY	word_label	yy_3	yy_3	3	-0.5193093936748909
sub-13	meta_metaphor	meta_R_temporal_pole	yy	YY	word_label	yy_10	yy_10	10	-0.1082560457837968
sub-13	meta_metaphor	meta_R_temporal_pole	yy	YY	word_label	yy_32	yy_32	32	-0.3099635116542729
sub-13	meta_metaphor	meta_R_temporal_pole	yy	YY	word_label	yy_38	yy_38	38	-0.4950872905872717
sub-13	meta_metaphor	meta_R_temporal_pole	yy	YY	word_label	yy_17	yy_17	17	-0.25795605654422304
sub-13	meta_metaphor	meta_R_temporal_pole	yy	YY	word_label	yy_19	yy_19	19	-0.08735597583034965
sub-13	meta_metaphor	meta_R_temporal_pole	yy	YY	word_label	yy_2	yy_2	2	0.1928115461345249
sub-13	meta_metaphor	meta_R_temporal_pole	yy	YY	word_label	yy_18	yy_18	18	-0.18398581835998976
sub-13	meta_metaphor	meta_R_temporal_pole	yy	YY	word_label	yy_14	yy_14	14	0.8606266344090068
sub-13	meta_metaphor	meta_R_temporal_pole	yy	YY	word_label	yy_33	yy_33	33	0.3777519263129824
sub-13	meta_metaphor	meta_R_temporal_pole	yy	YY	word_label	yy_24	yy_24	24	0.018432123056680724
sub-13	meta_metaphor	meta_R_temporal_pole	yy	YY	word_label	yy_37	yy_37	37	0.7472117121412648
sub-13	meta_metaphor	meta_R_temporal_pole	yy	YY	word_label	yy_6	yy_6	6	-0.3660366815181253
sub-13	meta_metaphor	meta_R_temporal_pole	yy	YY	word_label	yy_13	yy_13	13	0.39017187006767445
sub-13	meta_metaphor	meta_R_temporal_pole	yy	YY	word_label	yy_11	yy_11	11	-0.4239909226662531
sub-13	meta_metaphor	meta_R_temporal_pole	yy	YY	word_label	yy_27	yy_27	27	0.25466940588636716
sub-13	meta_metaphor	meta_R_temporal_pole	yy	YY	word_label	yy_29	yy_29	29	0.12803489904171486
sub-13	meta_metaphor	meta_R_temporal_pole	yy	YY	word_label	yy_9	yy_9	9	0.052565465753904875
sub-13	meta_metaphor	meta_R_temporal_pole	yy	YY	word_label	yy_23	yy_23	23	-0.6366194867363082
sub-13	meta_metaphor	meta_R_temporal_pole	yy	YY	word_label	yy_21	yy_21	21	0.7940411208098128
sub-13	meta_metaphor	meta_R_temporal_pole	yy	YY	word_label	yy_28	yy_28	28	0.4586176953571557
sub-13	meta_metaphor	meta_R_temporal_pole	yy	YY	word_label	yy_15	yy_15	15	-0.5861812433026579
sub-13	meta_metaphor	meta_R_temporal_pole	yy	YY	word_label	yy_7	yy_7	7	-0.2802281437484266
sub-13	meta_metaphor	meta_R_temporal_pole	yy	YY	word_label	yy_26	yy_26	26	-0.10868719955404746
sub-13	meta_metaphor	meta_R_temporal_pole	yy	YY	word_label	yy_35	yy_35	35	-0.06996283287352491
sub-13	meta_metaphor	meta_R_temporal_pole	yy	YY	word_label	yy_39	yy_39	39	0.8916450655193316
sub-13	meta_metaphor	meta_R_temporal_pole	yy	YY	word_label	yy_12	yy_12	12	0.2346580433728138
sub-13	meta_metaphor	meta_R_temporal_pole	yy	YY	word_label	yy_4	yy_4	4	-0.3430878803950336
sub-13	meta_metaphor	meta_R_temporal_pole	yy	YY	word_label	yy_36	yy_36	36	-0.12014636623204415
sub-13	meta_metaphor	meta_R_temporal_pole	kj	KJ	word_label	kj_26	kj_26	26	-0.06455136869304627
sub-13	meta_metaphor	meta_R_temporal_pole	kj	KJ	word_label	kj_14	kj_14	14	-0.685637030147585
sub-13	meta_metaphor	meta_R_temporal_pole	kj	KJ	word_label	kj_23	kj_23	23	0.05193990131995545
sub-13	meta_metaphor	meta_R_temporal_pole	kj	KJ	word_label	kj_27	kj_27	27	0.4036851398830022
sub-13	meta_metaphor	meta_R_temporal_pole	kj	KJ	word_label	kj_38	kj_38	38	0.07968343110139607
sub-13	meta_metaphor	meta_R_temporal_pole	kj	KJ	word_label	kj_16	kj_16	16	0.11904235721387889
sub-13	meta_metaphor	meta_R_temporal_pole	kj	KJ	word_label	kj_9	kj_9	9	0.31929420458272756
sub-13	meta_metaphor	meta_R_temporal_pole	kj	KJ	word_label	kj_11	kj_11	11	-0.7996639821821733
sub-13	meta_metaphor	meta_R_temporal_pole	kj	KJ	word_label	kj_17	kj_17	17	0.5705030616503907
sub-13	meta_metaphor	meta_R_temporal_pole	kj	KJ	word_label	kj_33	kj_33	33	-0.0020753571294874046
sub-13	meta_metaphor	meta_R_temporal_pole	kj	KJ	word_label	kj_21	kj_21	21	0.007851320312138779
sub-13	meta_metaphor	meta_R_temporal_pole	kj	KJ	word_label	kj_22	kj_22	22	-0.8584523057393982
sub-13	meta_metaphor	meta_R_temporal_pole	kj	KJ	word_label	kj_19	kj_19	19	-0.7665978214365597
sub-13	meta_metaphor	meta_R_temporal_pole	kj	KJ	word_label	kj_20	kj_20	20	-0.14626465908282282
sub-13	meta_metaphor	meta_R_temporal_pole	kj	KJ	word_label	kj_25	kj_25	25	-0.0030712534389281147
sub-13	meta_metaphor	meta_R_temporal_pole	kj	KJ	word_label	kj_5	kj_5	5	-0.3298664707669129
sub-13	meta_metaphor	meta_R_temporal_pole	kj	KJ	word_label	kj_2	kj_2	2	0.41107949690997875
sub-13	meta_metaphor	meta_R_temporal_pole	kj	KJ	word_label	kj_7	kj_7	7	-0.5700009771839993
sub-13	meta_metaphor	meta_R_temporal_pole	kj	KJ	word_label	kj_8	kj_8	8	-0.598575015501984
sub-13	meta_metaphor	meta_R_temporal_pole	kj	KJ	word_label	kj_31	kj_31	31	-0.01777620140705966
sub-13	meta_metaphor	meta_R_temporal_pole	kj	KJ	word_label	kj_37	kj_37	37	0.37159999728055093
sub-13	meta_metaphor	meta_R_temporal_pole	kj	KJ	word_label	kj_1	kj_1	1	0.5591990895426863
sub-13	meta_metaphor	meta_R_temporal_pole	kj	KJ	word_label	kj_13	kj_13	13	0.4259245639937741
sub-13	meta_metaphor	meta_R_temporal_pole	kj	KJ	word_label	kj_30	kj_30	30	0.2892953150966273
sub-13	meta_metaphor	meta_R_temporal_pole	kj	KJ	word_label	kj_3	kj_3	3	-0.2202982622746054
sub-13	meta_metaphor	meta_R_temporal_pole	kj	KJ	word_label	kj_39	kj_39	39	-0.891952183793746
sub-13	meta_metaphor	meta_R_temporal_pole	kj	KJ	word_label	kj_34	kj_34	34	0.1412221075994287
sub-13	meta_metaphor	meta_R_temporal_pole	kj	KJ	word_label	kj_10	kj_10	10	0.194438800694866
sub-13	meta_metaphor	meta_R_temporal_pole	kj	KJ	word_label	kj_29	kj_29	29	-0.44105225027264816
sub-13	meta_metaphor	meta_R_temporal_pole	kj	KJ	word_label	kj_6	kj_6	6	-0.6572442759748188
sub-13	meta_metaphor	meta_R_temporal_pole	kj	KJ	word_label	kj_24	kj_24	24	0.6244753989216647
sub-13	meta_metaphor	meta_R_temporal_pole	kj	KJ	word_label	kj_15	kj_15	15	0.7801149104835297
sub-13	meta_metaphor	meta_R_temporal_pole	kj	KJ	word_label	kj_36	kj_36	36	-0.3843274050104573
sub-13	meta_metaphor	meta_R_temporal_pole	kj	KJ	word_label	kj_12	kj_12	12	-0.6121915822486483
sub-13	meta_metaphor	meta_R_temporal_pole	kj	KJ	word_label	kj_28	kj_28	28	-0.5057508481225332
sub-14	meta_metaphor	meta_L_AG	yy	YY	word_label	yy_26	yy_26	26	0.4213646342550636
sub-14	meta_metaphor	meta_L_AG	yy	YY	word_label	yy_21	yy_21	21	-0.036739541193487435
sub-14	meta_metaphor	meta_L_AG	yy	YY	word_label	yy_40	yy_40	40	0.5139979419996759
sub-14	meta_metaphor	meta_L_AG	yy	YY	word_label	yy_15	yy_15	15	-0.45242447586736984
sub-14	meta_metaphor	meta_L_AG	yy	YY	word_label	yy_17	yy_17	17	0.12977556070820198
sub-14	meta_metaphor	meta_L_AG	yy	YY	word_label	yy_37	yy_37	37	0.43118684319255746
sub-14	meta_metaphor	meta_L_AG	yy	YY	word_label	yy_38	yy_38	38	0.619562694970023
sub-14	meta_metaphor	meta_L_AG	yy	YY	word_label	yy_2	yy_2	2	0.06388016004875853
sub-14	meta_metaphor	meta_L_AG	yy	YY	word_label	yy_9	yy_9	9	-0.3458610803662666
sub-14	meta_metaphor	meta_L_AG	yy	YY	word_label	yy_14	yy_14	14	-0.16180221581382007
sub-14	meta_metaphor	meta_L_AG	yy	YY	word_label	yy_4	yy_4	4	-0.7104865723038021
sub-14	meta_metaphor	meta_L_AG	yy	YY	word_label	yy_23	yy_23	23	-0.5329582009702977
sub-14	meta_metaphor	meta_L_AG	yy	YY	word_label	yy_11	yy_11	11	-0.4130234245360139
sub-14	meta_metaphor	meta_L_AG	yy	YY	word_label	yy_24	yy_24	24	0.013110966386908294
sub-14	meta_metaphor	meta_L_AG	yy	YY	word_label	yy_7	yy_7	7	0.4756227851170695
sub-14	meta_metaphor	meta_L_AG	yy	YY	word_label	yy_1	yy_1	1	0.5092579619090409
sub-14	meta_metaphor	meta_L_AG	yy	YY	word_label	yy_39	yy_39	39	0.21378217161078364
sub-14	meta_metaphor	meta_L_AG	yy	YY	word_label	yy_3	yy_3	3	0.16766846619953268
sub-14	meta_metaphor	meta_L_AG	yy	YY	word_label	yy_35	yy_35	35	0.4473207378501029
sub-14	meta_metaphor	meta_L_AG	yy	YY	word_label	yy_6	yy_6	6	-0.140119300268271
sub-14	meta_metaphor	meta_L_AG	yy	YY	word_label	yy_27	yy_27	27	-0.5718190836136481
sub-14	meta_metaphor	meta_L_AG	yy	YY	word_label	yy_12	yy_12	12	0.10142957680664647
sub-14	meta_metaphor	meta_L_AG	yy	YY	word_label	yy_16	yy_16	16	-0.6632238166586614
sub-14	meta_metaphor	meta_L_AG	yy	YY	word_label	yy_36	yy_36	36	-0.21967503881850461
sub-14	meta_metaphor	meta_L_AG	yy	YY	word_label	yy_8	yy_8	8	0.5725289379380465
sub-14	meta_metaphor	meta_L_AG	yy	YY	word_label	yy_5	yy_5	5	-0.199789101586608
sub-14	meta_metaphor	meta_L_AG	yy	YY	word_label	yy_22	yy_22	22	0.37550124166991466
sub-14	meta_metaphor	meta_L_AG	yy	YY	word_label	yy_13	yy_13	13	-0.5116077798354572
sub-14	meta_metaphor	meta_L_AG	yy	YY	word_label	yy_32	yy_32	32	-0.20593440365392737
sub-14	meta_metaphor	meta_L_AG	yy	YY	word_label	yy_10	yy_10	10	-0.034105250457514405
sub-14	meta_metaphor	meta_L_AG	yy	YY	word_label	yy_33	yy_33	33	0.1548500489733377
sub-14	meta_metaphor	meta_L_AG	yy	YY	word_label	yy_19	yy_19	19	0.27704605021387985
sub-14	meta_metaphor	meta_L_AG	yy	YY	word_label	yy_28	yy_28	28	-0.014840459924593348
sub-14	meta_metaphor	meta_L_AG	yy	YY	word_label	yy_18	yy_18	18	-0.19146780298401875
sub-14	meta_metaphor	meta_L_AG	yy	YY	word_label	yy_29	yy_29	29	-0.32285668156518754
sub-14	meta_metaphor	meta_L_AG	kj	KJ	word_label	kj_24	kj_24	24	0.2483917201213372
sub-14	meta_metaphor	meta_L_AG	kj	KJ	word_label	kj_33	kj_33	33	0.22206894935162785
sub-14	meta_metaphor	meta_L_AG	kj	KJ	word_label	kj_31	kj_31	31	0.2243928915764296
sub-14	meta_metaphor	meta_L_AG	kj	KJ	word_label	kj_20	kj_20	20	-0.310420516973854
sub-14	meta_metaphor	meta_L_AG	kj	KJ	word_label	kj_13	kj_13	13	-0.14873585506564965
sub-14	meta_metaphor	meta_L_AG	kj	KJ	word_label	kj_19	kj_19	19	-0.07921436099545445
sub-14	meta_metaphor	meta_L_AG	kj	KJ	word_label	kj_6	kj_6	6	-0.162195109072091
sub-14	meta_metaphor	meta_L_AG	kj	KJ	word_label	kj_39	kj_39	39	0.04676761765037377
sub-14	meta_metaphor	meta_L_AG	kj	KJ	word_label	kj_27	kj_27	27	-0.11331013241115455
sub-14	meta_metaphor	meta_L_AG	kj	KJ	word_label	kj_37	kj_37	37	-0.017202403595468506
sub-14	meta_metaphor	meta_L_AG	kj	KJ	word_label	kj_7	kj_7	7	-0.3041688855385989
sub-14	meta_metaphor	meta_L_AG	kj	KJ	word_label	kj_21	kj_21	21	-0.3135423260513988
sub-14	meta_metaphor	meta_L_AG	kj	KJ	word_label	kj_38	kj_38	38	-0.7500179398803931
sub-14	meta_metaphor	meta_L_AG	kj	KJ	word_label	kj_8	kj_8	8	-0.4087275279377519
sub-14	meta_metaphor	meta_L_AG	kj	KJ	word_label	kj_28	kj_28	28	-0.5267426353229374
sub-14	meta_metaphor	meta_L_AG	kj	KJ	word_label	kj_17	kj_17	17	0.43238960738692095
sub-14	meta_metaphor	meta_L_AG	kj	KJ	word_label	kj_2	kj_2	2	0.4203279496993991
sub-14	meta_metaphor	meta_L_AG	kj	KJ	word_label	kj_16	kj_16	16	-0.47531419464246344
sub-14	meta_metaphor	meta_L_AG	kj	KJ	word_label	kj_22	kj_22	22	0.31186065235115284
sub-14	meta_metaphor	meta_L_AG	kj	KJ	word_label	kj_11	kj_11	11	-0.31557059400581233
sub-14	meta_metaphor	meta_L_AG	kj	KJ	word_label	kj_23	kj_23	23	-0.06977521894932
sub-14	meta_metaphor	meta_L_AG	kj	KJ	word_label	kj_5	kj_5	5	-0.06283204807024177
sub-14	meta_metaphor	meta_L_AG	kj	KJ	word_label	kj_1	kj_1	1	0.5546115544078417
sub-14	meta_metaphor	meta_L_AG	kj	KJ	word_label	kj_34	kj_34	34	-0.2926481022583839
sub-14	meta_metaphor	meta_L_AG	kj	KJ	word_label	kj_36	kj_36	36	0.10221986560126141
sub-14	meta_metaphor	meta_L_AG	kj	KJ	word_label	kj_29	kj_29	29	0.15721297377062998
sub-14	meta_metaphor	meta_L_AG	kj	KJ	word_label	kj_26	kj_26	26	-0.3933188792483523
sub-14	meta_metaphor	meta_L_AG	kj	KJ	word_label	kj_15	kj_15	15	0.26913382782596296
sub-14	meta_metaphor	meta_L_AG	kj	KJ	word_label	kj_30	kj_30	30	-0.19042936838687538
sub-14	meta_metaphor	meta_L_AG	kj	KJ	word_label	kj_25	kj_25	25	-0.10113347057044571
sub-14	meta_metaphor	meta_L_AG	kj	KJ	word_label	kj_14	kj_14	14	-0.09597927038854986
sub-14	meta_metaphor	meta_L_AG	kj	KJ	word_label	kj_10	kj_10	10	-0.33750670381346853
sub-14	meta_metaphor	meta_L_AG	kj	KJ	word_label	kj_12	kj_12	12	0.7442570721656065
sub-14	meta_metaphor	meta_L_AG	kj	KJ	word_label	kj_3	kj_3	3	-0.00037766184820026784
sub-14	meta_metaphor	meta_L_AG	kj	KJ	word_label	kj_9	kj_9	9	-0.24260578841438493
sub-14	meta_metaphor	meta_L_IFG	yy	YY	word_label	yy_26	yy_26	26	0.28841683547190305
sub-14	meta_metaphor	meta_L_IFG	yy	YY	word_label	yy_21	yy_21	21	-0.46563151650928497
sub-14	meta_metaphor	meta_L_IFG	yy	YY	word_label	yy_40	yy_40	40	0.34193347742090735
sub-14	meta_metaphor	meta_L_IFG	yy	YY	word_label	yy_15	yy_15	15	-0.022878000266663437
sub-14	meta_metaphor	meta_L_IFG	yy	YY	word_label	yy_17	yy_17	17	-0.03257610050564566
sub-14	meta_metaphor	meta_L_IFG	yy	YY	word_label	yy_37	yy_37	37	-0.3796440339716523
sub-14	meta_metaphor	meta_L_IFG	yy	YY	word_label	yy_38	yy_38	38	0.5317403468037809
sub-14	meta_metaphor	meta_L_IFG	yy	YY	word_label	yy_2	yy_2	2	-0.019119557254664434
sub-14	meta_metaphor	meta_L_IFG	yy	YY	word_label	yy_9	yy_9	9	-0.21062994336934773
sub-14	meta_metaphor	meta_L_IFG	yy	YY	word_label	yy_14	yy_14	14	-0.4198348773037801
sub-14	meta_metaphor	meta_L_IFG	yy	YY	word_label	yy_4	yy_4	4	-0.4132277107149723
sub-14	meta_metaphor	meta_L_IFG	yy	YY	word_label	yy_23	yy_23	23	-0.5768921684853022
sub-14	meta_metaphor	meta_L_IFG	yy	YY	word_label	yy_11	yy_11	11	-0.15936300639896545
sub-14	meta_metaphor	meta_L_IFG	yy	YY	word_label	yy_24	yy_24	24	-0.39168674936936204
sub-14	meta_metaphor	meta_L_IFG	yy	YY	word_label	yy_7	yy_7	7	0.16095228976283504
sub-14	meta_metaphor	meta_L_IFG	yy	YY	word_label	yy_1	yy_1	1	-0.20067796456601913
sub-14	meta_metaphor	meta_L_IFG	yy	YY	word_label	yy_39	yy_39	39	0.21192840409563948
sub-14	meta_metaphor	meta_L_IFG	yy	YY	word_label	yy_3	yy_3	3	-0.15423023301475622
sub-14	meta_metaphor	meta_L_IFG	yy	YY	word_label	yy_35	yy_35	35	-0.09635764569438525
sub-14	meta_metaphor	meta_L_IFG	yy	YY	word_label	yy_6	yy_6	6	-0.3433969161721286
sub-14	meta_metaphor	meta_L_IFG	yy	YY	word_label	yy_27	yy_27	27	0.04346064290076057
sub-14	meta_metaphor	meta_L_IFG	yy	YY	word_label	yy_12	yy_12	12	0.17911374773505737
sub-14	meta_metaphor	meta_L_IFG	yy	YY	word_label	yy_16	yy_16	16	-0.14983235253447855
sub-14	meta_metaphor	meta_L_IFG	yy	YY	word_label	yy_36	yy_36	36	0.32154075524410936
sub-14	meta_metaphor	meta_L_IFG	yy	YY	word_label	yy_8	yy_8	8	0.4377060044642132
sub-14	meta_metaphor	meta_L_IFG	yy	YY	word_label	yy_5	yy_5	5	-0.49895221087546215
sub-14	meta_metaphor	meta_L_IFG	yy	YY	word_label	yy_22	yy_22	22	-0.1327838809791441
sub-14	meta_metaphor	meta_L_IFG	yy	YY	word_label	yy_13	yy_13	13	0.14600354538748936
sub-14	meta_metaphor	meta_L_IFG	yy	YY	word_label	yy_32	yy_32	32	0.0441263387617107
sub-14	meta_metaphor	meta_L_IFG	yy	YY	word_label	yy_10	yy_10	10	-0.304497384534619
sub-14	meta_metaphor	meta_L_IFG	yy	YY	word_label	yy_33	yy_33	33	0.2753204291366804
sub-14	meta_metaphor	meta_L_IFG	yy	YY	word_label	yy_19	yy_19	19	-0.22301819367818368
sub-14	meta_metaphor	meta_L_IFG	yy	YY	word_label	yy_28	yy_28	28	-0.3737994461311942
sub-14	meta_metaphor	meta_L_IFG	yy	YY	word_label	yy_18	yy_18	18	0.06624203280144693
sub-14	meta_metaphor	meta_L_IFG	yy	YY	word_label	yy_29	yy_29	29	0.06311319300447439
sub-14	meta_metaphor	meta_L_IFG	kj	KJ	word_label	kj_24	kj_24	24	0.13761306322725664
sub-14	meta_metaphor	meta_L_IFG	kj	KJ	word_label	kj_33	kj_33	33	-0.043724665652631285
sub-14	meta_metaphor	meta_L_IFG	kj	KJ	word_label	kj_31	kj_31	31	0.372668595261236
sub-14	meta_metaphor	meta_L_IFG	kj	KJ	word_label	kj_20	kj_20	20	0.4929968272071092
sub-14	meta_metaphor	meta_L_IFG	kj	KJ	word_label	kj_13	kj_13	13	-0.18013052562225504
sub-14	meta_metaphor	meta_L_IFG	kj	KJ	word_label	kj_19	kj_19	19	-0.27328291742807387
sub-14	meta_metaphor	meta_L_IFG	kj	KJ	word_label	kj_6	kj_6	6	0.040749799291874646
sub-14	meta_metaphor	meta_L_IFG	kj	KJ	word_label	kj_39	kj_39	39	0.4683094983294057
sub-14	meta_metaphor	meta_L_IFG	kj	KJ	word_label	kj_27	kj_27	27	0.45288383625242534
sub-14	meta_metaphor	meta_L_IFG	kj	KJ	word_label	kj_37	kj_37	37	0.34006460488564394
sub-14	meta_metaphor	meta_L_IFG	kj	KJ	word_label	kj_7	kj_7	7	0.2237228311792486
sub-14	meta_metaphor	meta_L_IFG	kj	KJ	word_label	kj_21	kj_21	21	0.38160491004866814
sub-14	meta_metaphor	meta_L_IFG	kj	KJ	word_label	kj_38	kj_38	38	0.18215282080968012
sub-14	meta_metaphor	meta_L_IFG	kj	KJ	word_label	kj_8	kj_8	8	-0.09666511675832858
sub-14	meta_metaphor	meta_L_IFG	kj	KJ	word_label	kj_28	kj_28	28	0.18606977014282952
sub-14	meta_metaphor	meta_L_IFG	kj	KJ	word_label	kj_17	kj_17	17	-0.046524039217021224
sub-14	meta_metaphor	meta_L_IFG	kj	KJ	word_label	kj_2	kj_2	2	0.13870818280881014
sub-14	meta_metaphor	meta_L_IFG	kj	KJ	word_label	kj_16	kj_16	16	-0.03325676161016965
sub-14	meta_metaphor	meta_L_IFG	kj	KJ	word_label	kj_22	kj_22	22	0.40042344224590387
sub-14	meta_metaphor	meta_L_IFG	kj	KJ	word_label	kj_11	kj_11	11	0.39801565917813647
sub-14	meta_metaphor	meta_L_IFG	kj	KJ	word_label	kj_23	kj_23	23	-0.0698520168656725
sub-14	meta_metaphor	meta_L_IFG	kj	KJ	word_label	kj_5	kj_5	5	0.48848505742100784
sub-14	meta_metaphor	meta_L_IFG	kj	KJ	word_label	kj_1	kj_1	1	-0.030342995229086574
sub-14	meta_metaphor	meta_L_IFG	kj	KJ	word_label	kj_34	kj_34	34	-0.573641606654755
sub-14	meta_metaphor	meta_L_IFG	kj	KJ	word_label	kj_36	kj_36	36	0.1945953023416725
sub-14	meta_metaphor	meta_L_IFG	kj	KJ	word_label	kj_29	kj_29	29	-0.379140510781162
sub-14	meta_metaphor	meta_L_IFG	kj	KJ	word_label	kj_26	kj_26	26	0.2085529889846387
sub-14	meta_metaphor	meta_L_IFG	kj	KJ	word_label	kj_15	kj_15	15	0.5734651971372174
sub-14	meta_metaphor	meta_L_IFG	kj	KJ	word_label	kj_30	kj_30	30	-0.11459945163384466
sub-14	meta_metaphor	meta_L_IFG	kj	KJ	word_label	kj_25	kj_25	25	0.7858617909930379
sub-14	meta_metaphor	meta_L_IFG	kj	KJ	word_label	kj_14	kj_14	14	0.33350690113234105
sub-14	meta_metaphor	meta_L_IFG	kj	KJ	word_label	kj_10	kj_10	10	-0.07906388304419011
sub-14	meta_metaphor	meta_L_IFG	kj	KJ	word_label	kj_12	kj_12	12	-0.3258512540311518
sub-14	meta_metaphor	meta_L_IFG	kj	KJ	word_label	kj_3	kj_3	3	0.030962561626144015
sub-14	meta_metaphor	meta_L_IFG	kj	KJ	word_label	kj_9	kj_9	9	0.17126860175697725
sub-14	meta_metaphor	meta_L_pMTG_pSTS	yy	YY	word_label	yy_26	yy_26	26	0.615579652841596
sub-14	meta_metaphor	meta_L_pMTG_pSTS	yy	YY	word_label	yy_21	yy_21	21	0.18185863682568312
sub-14	meta_metaphor	meta_L_pMTG_pSTS	yy	YY	word_label	yy_40	yy_40	40	0.5451215337360104
sub-14	meta_metaphor	meta_L_pMTG_pSTS	yy	YY	word_label	yy_15	yy_15	15	-0.04346250657203413
sub-14	meta_metaphor	meta_L_pMTG_pSTS	yy	YY	word_label	yy_17	yy_17	17	0.3681188704431091
sub-14	meta_metaphor	meta_L_pMTG_pSTS	yy	YY	word_label	yy_37	yy_37	37	0.11725316227327352
sub-14	meta_metaphor	meta_L_pMTG_pSTS	yy	YY	word_label	yy_38	yy_38	38	0.5781468279796842
sub-14	meta_metaphor	meta_L_pMTG_pSTS	yy	YY	word_label	yy_2	yy_2	2	-0.2927251224854295
sub-14	meta_metaphor	meta_L_pMTG_pSTS	yy	YY	word_label	yy_9	yy_9	9	-0.6987267038270872
sub-14	meta_metaphor	meta_L_pMTG_pSTS	yy	YY	word_label	yy_14	yy_14	14	-0.31213827630187535
sub-14	meta_metaphor	meta_L_pMTG_pSTS	yy	YY	word_label	yy_4	yy_4	4	-0.6002891066188859
sub-14	meta_metaphor	meta_L_pMTG_pSTS	yy	YY	word_label	yy_23	yy_23	23	0.3237452106485045
sub-14	meta_metaphor	meta_L_pMTG_pSTS	yy	YY	word_label	yy_11	yy_11	11	0.4802956656206456
sub-14	meta_metaphor	meta_L_pMTG_pSTS	yy	YY	word_label	yy_24	yy_24	24	-0.25318264173781757
sub-14	meta_metaphor	meta_L_pMTG_pSTS	yy	YY	word_label	yy_7	yy_7	7	0.26508846801898706
sub-14	meta_metaphor	meta_L_pMTG_pSTS	yy	YY	word_label	yy_1	yy_1	1	0.5565019631560183
sub-14	meta_metaphor	meta_L_pMTG_pSTS	yy	YY	word_label	yy_39	yy_39	39	-0.2593254683106056
sub-14	meta_metaphor	meta_L_pMTG_pSTS	yy	YY	word_label	yy_3	yy_3	3	0.2761414154694429
sub-14	meta_metaphor	meta_L_pMTG_pSTS	yy	YY	word_label	yy_35	yy_35	35	0.102873800956876
sub-14	meta_metaphor	meta_L_pMTG_pSTS	yy	YY	word_label	yy_6	yy_6	6	0.140497743482747
sub-14	meta_metaphor	meta_L_pMTG_pSTS	yy	YY	word_label	yy_27	yy_27	27	0.583707541390833
sub-14	meta_metaphor	meta_L_pMTG_pSTS	yy	YY	word_label	yy_12	yy_12	12	0.5168635229537281
sub-14	meta_metaphor	meta_L_pMTG_pSTS	yy	YY	word_label	yy_16	yy_16	16	-0.202120824194011
sub-14	meta_metaphor	meta_L_pMTG_pSTS	yy	YY	word_label	yy_36	yy_36	36	0.15652277253285213
sub-14	meta_metaphor	meta_L_pMTG_pSTS	yy	YY	word_label	yy_8	yy_8	8	-0.6893776833729658
sub-14	meta_metaphor	meta_L_pMTG_pSTS	yy	YY	word_label	yy_5	yy_5	5	0.040145217149578694
sub-14	meta_metaphor	meta_L_pMTG_pSTS	yy	YY	word_label	yy_22	yy_22	22	-0.5723618865490618
sub-14	meta_metaphor	meta_L_pMTG_pSTS	yy	YY	word_label	yy_13	yy_13	13	-0.32158394234905496
sub-14	meta_metaphor	meta_L_pMTG_pSTS	yy	YY	word_label	yy_32	yy_32	32	0.09842855543677267
sub-14	meta_metaphor	meta_L_pMTG_pSTS	yy	YY	word_label	yy_10	yy_10	10	0.12188359594380607
sub-14	meta_metaphor	meta_L_pMTG_pSTS	yy	YY	word_label	yy_33	yy_33	33	0.13368890525649063
sub-14	meta_metaphor	meta_L_pMTG_pSTS	yy	YY	word_label	yy_19	yy_19	19	0.05457079608377916
sub-14	meta_metaphor	meta_L_pMTG_pSTS	yy	YY	word_label	yy_28	yy_28	28	0.3266478993862714
sub-14	meta_metaphor	meta_L_pMTG_pSTS	yy	YY	word_label	yy_18	yy_18	18	-0.24626625106469927
sub-14	meta_metaphor	meta_L_pMTG_pSTS	yy	YY	word_label	yy_29	yy_29	29	-0.19722118508206649
sub-14	meta_metaphor	meta_L_pMTG_pSTS	kj	KJ	word_label	kj_24	kj_24	24	0.39027691295676226
sub-14	meta_metaphor	meta_L_pMTG_pSTS	kj	KJ	word_label	kj_33	kj_33	33	0.33961818491718354
sub-14	meta_metaphor	meta_L_pMTG_pSTS	kj	KJ	word_label	kj_31	kj_31	31	-0.18310544116383284
sub-14	meta_metaphor	meta_L_pMTG_pSTS	kj	KJ	word_label	kj_20	kj_20	20	0.056244247200119384
sub-14	meta_metaphor	meta_L_pMTG_pSTS	kj	KJ	word_label	kj_13	kj_13	13	-0.2447318600395583
sub-14	meta_metaphor	meta_L_pMTG_pSTS	kj	KJ	word_label	kj_19	kj_19	19	-0.39468711440129023
sub-14	meta_metaphor	meta_L_pMTG_pSTS	kj	KJ	word_label	kj_6	kj_6	6	-0.0390470330733403
sub-14	meta_metaphor	meta_L_pMTG_pSTS	kj	KJ	word_label	kj_39	kj_39	39	0.5140338157229845
sub-14	meta_metaphor	meta_L_pMTG_pSTS	kj	KJ	word_label	kj_27	kj_27	27	0.02466314029774242
sub-14	meta_metaphor	meta_L_pMTG_pSTS	kj	KJ	word_label	kj_37	kj_37	37	-0.4413126573523409
sub-14	meta_metaphor	meta_L_pMTG_pSTS	kj	KJ	word_label	kj_7	kj_7	7	0.03756718304939459
sub-14	meta_metaphor	meta_L_pMTG_pSTS	kj	KJ	word_label	kj_21	kj_21	21	-0.5908606781958028
sub-14	meta_metaphor	meta_L_pMTG_pSTS	kj	KJ	word_label	kj_38	kj_38	38	-0.7348923179776048
sub-14	meta_metaphor	meta_L_pMTG_pSTS	kj	KJ	word_label	kj_8	kj_8	8	-0.2721650145998247
sub-14	meta_metaphor	meta_L_pMTG_pSTS	kj	KJ	word_label	kj_28	kj_28	28	0.22127987074295805
sub-14	meta_metaphor	meta_L_pMTG_pSTS	kj	KJ	word_label	kj_17	kj_17	17	-0.36721608630747254
sub-14	meta_metaphor	meta_L_pMTG_pSTS	kj	KJ	word_label	kj_2	kj_2	2	0.6002820864054612
sub-14	meta_metaphor	meta_L_pMTG_pSTS	kj	KJ	word_label	kj_16	kj_16	16	-0.4760185153142751
sub-14	meta_metaphor	meta_L_pMTG_pSTS	kj	KJ	word_label	kj_22	kj_22	22	-0.3160285681902916
sub-14	meta_metaphor	meta_L_pMTG_pSTS	kj	KJ	word_label	kj_11	kj_11	11	-0.15905271521582032
sub-14	meta_metaphor	meta_L_pMTG_pSTS	kj	KJ	word_label	kj_23	kj_23	23	0.26911533634453905
sub-14	meta_metaphor	meta_L_pMTG_pSTS	kj	KJ	word_label	kj_5	kj_5	5	-0.33316442922697864
sub-14	meta_metaphor	meta_L_pMTG_pSTS	kj	KJ	word_label	kj_1	kj_1	1	0.6326102484917724
sub-14	meta_metaphor	meta_L_pMTG_pSTS	kj	KJ	word_label	kj_34	kj_34	34	-0.6751702430489664
sub-14	meta_metaphor	meta_L_pMTG_pSTS	kj	KJ	word_label	kj_36	kj_36	36	0.422995229419314
sub-14	meta_metaphor	meta_L_pMTG_pSTS	kj	KJ	word_label	kj_29	kj_29	29	0.32300399317942075
sub-14	meta_metaphor	meta_L_pMTG_pSTS	kj	KJ	word_label	kj_26	kj_26	26	0.027044758861077628
sub-14	meta_metaphor	meta_L_pMTG_pSTS	kj	KJ	word_label	kj_15	kj_15	15	0.15599383410245946
sub-14	meta_metaphor	meta_L_pMTG_pSTS	kj	KJ	word_label	kj_30	kj_30	30	0.2931782594493342
sub-14	meta_metaphor	meta_L_pMTG_pSTS	kj	KJ	word_label	kj_25	kj_25	25	0.36864576166056273
sub-14	meta_metaphor	meta_L_pMTG_pSTS	kj	KJ	word_label	kj_14	kj_14	14	0.35013658008697646
sub-14	meta_metaphor	meta_L_pMTG_pSTS	kj	KJ	word_label	kj_10	kj_10	10	-0.16607143792902093
sub-14	meta_metaphor	meta_L_pMTG_pSTS	kj	KJ	word_label	kj_12	kj_12	12	0.5936030977713497
sub-14	meta_metaphor	meta_L_pMTG_pSTS	kj	KJ	word_label	kj_3	kj_3	3	-0.3009487504229073
sub-14	meta_metaphor	meta_L_pMTG_pSTS	kj	KJ	word_label	kj_9	kj_9	9	-0.5920613738378944
sub-14	meta_metaphor	meta_L_temporal_pole	yy	YY	word_label	yy_26	yy_26	26	0.09520719318823112
sub-14	meta_metaphor	meta_L_temporal_pole	yy	YY	word_label	yy_21	yy_21	21	-0.2740336089771173
sub-14	meta_metaphor	meta_L_temporal_pole	yy	YY	word_label	yy_40	yy_40	40	0.29463604744359656
sub-14	meta_metaphor	meta_L_temporal_pole	yy	YY	word_label	yy_15	yy_15	15	0.06088860843151768
sub-14	meta_metaphor	meta_L_temporal_pole	yy	YY	word_label	yy_17	yy_17	17	-0.1159339033245405
sub-14	meta_metaphor	meta_L_temporal_pole	yy	YY	word_label	yy_37	yy_37	37	-0.21536313712767716
sub-14	meta_metaphor	meta_L_temporal_pole	yy	YY	word_label	yy_38	yy_38	38	-0.062161311831755446
sub-14	meta_metaphor	meta_L_temporal_pole	yy	YY	word_label	yy_2	yy_2	2	0.2823795644995185
sub-14	meta_metaphor	meta_L_temporal_pole	yy	YY	word_label	yy_9	yy_9	9	-0.7597303973528203
sub-14	meta_metaphor	meta_L_temporal_pole	yy	YY	word_label	yy_14	yy_14	14	-0.5314387045045709
sub-14	meta_metaphor	meta_L_temporal_pole	yy	YY	word_label	yy_4	yy_4	4	-0.3926025306993836
sub-14	meta_metaphor	meta_L_temporal_pole	yy	YY	word_label	yy_23	yy_23	23	-0.03977997701743602
sub-14	meta_metaphor	meta_L_temporal_pole	yy	YY	word_label	yy_11	yy_11	11	0.10965271075094869
sub-14	meta_metaphor	meta_L_temporal_pole	yy	YY	word_label	yy_24	yy_24	24	0.6811843584878473
sub-14	meta_metaphor	meta_L_temporal_pole	yy	YY	word_label	yy_7	yy_7	7	-0.22266572754600272
sub-14	meta_metaphor	meta_L_temporal_pole	yy	YY	word_label	yy_1	yy_1	1	-0.909950077264824
sub-14	meta_metaphor	meta_L_temporal_pole	yy	YY	word_label	yy_39	yy_39	39	-0.6896103865611201
sub-14	meta_metaphor	meta_L_temporal_pole	yy	YY	word_label	yy_3	yy_3	3	0.16388864161078553
sub-14	meta_metaphor	meta_L_temporal_pole	yy	YY	word_label	yy_35	yy_35	35	-0.5281548201695799
sub-14	meta_metaphor	meta_L_temporal_pole	yy	YY	word_label	yy_6	yy_6	6	-0.7066037166113024
sub-14	meta_metaphor	meta_L_temporal_pole	yy	YY	word_label	yy_27	yy_27	27	0.40558360693326667
sub-14	meta_metaphor	meta_L_temporal_pole	yy	YY	word_label	yy_12	yy_12	12	0.11174699857171529
sub-14	meta_metaphor	meta_L_temporal_pole	yy	YY	word_label	yy_16	yy_16	16	0.5248466997899096
sub-14	meta_metaphor	meta_L_temporal_pole	yy	YY	word_label	yy_36	yy_36	36	-0.45938289535921834
sub-14	meta_metaphor	meta_L_temporal_pole	yy	YY	word_label	yy_8	yy_8	8	0.12470193905937148
sub-14	meta_metaphor	meta_L_temporal_pole	yy	YY	word_label	yy_5	yy_5	5	0.37109381519322115
sub-14	meta_metaphor	meta_L_temporal_pole	yy	YY	word_label	yy_22	yy_22	22	-0.23541687606817194
sub-14	meta_metaphor	meta_L_temporal_pole	yy	YY	word_label	yy_13	yy_13	13	-0.10365976742725484
sub-14	meta_metaphor	meta_L_temporal_pole	yy	YY	word_label	yy_32	yy_32	32	0.19080658626361313
sub-14	meta_metaphor	meta_L_temporal_pole	yy	YY	word_label	yy_10	yy_10	10	-0.45747724359154135
sub-14	meta_metaphor	meta_L_temporal_pole	yy	YY	word_label	yy_33	yy_33	33	0.06957891508154392
sub-14	meta_metaphor	meta_L_temporal_pole	yy	YY	word_label	yy_19	yy_19	19	-0.7014667889312355
sub-14	meta_metaphor	meta_L_temporal_pole	yy	YY	word_label	yy_28	yy_28	28	-0.56984632527665
sub-14	meta_metaphor	meta_L_temporal_pole	yy	YY	word_label	yy_18	yy_18	18	-0.8455966926496864
sub-14	meta_metaphor	meta_L_temporal_pole	yy	YY	word_label	yy_29	yy_29	29	0.06495538366098505
sub-14	meta_metaphor	meta_L_temporal_pole	kj	KJ	word_label	kj_24	kj_24	24	0.3217059681504292
sub-14	meta_metaphor	meta_L_temporal_pole	kj	KJ	word_label	kj_33	kj_33	33	-0.44983934140871185
sub-14	meta_metaphor	meta_L_temporal_pole	kj	KJ	word_label	kj_31	kj_31	31	-0.15376028822709065
sub-14	meta_metaphor	meta_L_temporal_pole	kj	KJ	word_label	kj_20	kj_20	20	0.441248935422692
sub-14	meta_metaphor	meta_L_temporal_pole	kj	KJ	word_label	kj_13	kj_13	13	0.37009372395172446
sub-14	meta_metaphor	meta_L_temporal_pole	kj	KJ	word_label	kj_19	kj_19	19	0.4739905418048446
sub-14	meta_metaphor	meta_L_temporal_pole	kj	KJ	word_label	kj_6	kj_6	6	0.01536880923224546
sub-14	meta_metaphor	meta_L_temporal_pole	kj	KJ	word_label	kj_39	kj_39	39	0.5280424734175159
sub-14	meta_metaphor	meta_L_temporal_pole	kj	KJ	word_label	kj_27	kj_27	27	-0.35197813320864585
sub-14	meta_metaphor	meta_L_temporal_pole	kj	KJ	word_label	kj_37	kj_37	37	0.26806216424439666
sub-14	meta_metaphor	meta_L_temporal_pole	kj	KJ	word_label	kj_7	kj_7	7	-0.25418375433610446
sub-14	meta_metaphor	meta_L_temporal_pole	kj	KJ	word_label	kj_21	kj_21	21	0.5513553587496602
sub-14	meta_metaphor	meta_L_temporal_pole	kj	KJ	word_label	kj_38	kj_38	38	-0.4726922836008885
sub-14	meta_metaphor	meta_L_temporal_pole	kj	KJ	word_label	kj_8	kj_8	8	-0.5887974600098703
sub-14	meta_metaphor	meta_L_temporal_pole	kj	KJ	word_label	kj_28	kj_28	28	0.607627756341279
sub-14	meta_metaphor	meta_L_temporal_pole	kj	KJ	word_label	kj_17	kj_17	17	0.3891055937369391
sub-14	meta_metaphor	meta_L_temporal_pole	kj	KJ	word_label	kj_2	kj_2	2	-0.721057075193708
sub-14	meta_metaphor	meta_L_temporal_pole	kj	KJ	word_label	kj_16	kj_16	16	0.35496148529188504
sub-14	meta_metaphor	meta_L_temporal_pole	kj	KJ	word_label	kj_22	kj_22	22	0.40633007082659867
sub-14	meta_metaphor	meta_L_temporal_pole	kj	KJ	word_label	kj_11	kj_11	11	-0.2860069913763681
sub-14	meta_metaphor	meta_L_temporal_pole	kj	KJ	word_label	kj_23	kj_23	23	-0.2665378515830202
sub-14	meta_metaphor	meta_L_temporal_pole	kj	KJ	word_label	kj_5	kj_5	5	-0.004807862827291778
sub-14	meta_metaphor	meta_L_temporal_pole	kj	KJ	word_label	kj_1	kj_1	1	0.4676235217329736
sub-14	meta_metaphor	meta_L_temporal_pole	kj	KJ	word_label	kj_34	kj_34	34	-0.20378454384727276
sub-14	meta_metaphor	meta_L_temporal_pole	kj	KJ	word_label	kj_36	kj_36	36	-0.7216344875321865
sub-14	meta_metaphor	meta_L_temporal_pole	kj	KJ	word_label	kj_29	kj_29	29	0.20280365265972028
sub-14	meta_metaphor	meta_L_temporal_pole	kj	KJ	word_label	kj_26	kj_26	26	0.46779647626620585
sub-14	meta_metaphor	meta_L_temporal_pole	kj	KJ	word_label	kj_15	kj_15	15	0.23957154103187184
sub-14	meta_metaphor	meta_L_temporal_pole	kj	KJ	word_label	kj_30	kj_30	30	0.08901775858657612
sub-14	meta_metaphor	meta_L_temporal_pole	kj	KJ	word_label	kj_25	kj_25	25	0.14888869816970093
sub-14	meta_metaphor	meta_L_temporal_pole	kj	KJ	word_label	kj_14	kj_14	14	0.16094239284454184
sub-14	meta_metaphor	meta_L_temporal_pole	kj	KJ	word_label	kj_10	kj_10	10	0.757911071006737
sub-14	meta_metaphor	meta_L_temporal_pole	kj	KJ	word_label	kj_12	kj_12	12	0.28132040687060506
sub-14	meta_metaphor	meta_L_temporal_pole	kj	KJ	word_label	kj_3	kj_3	3	0.29928900684749
sub-14	meta_metaphor	meta_L_temporal_pole	kj	KJ	word_label	kj_9	kj_9	9	0.37781705449025427
sub-14	meta_metaphor	meta_R_AG	yy	YY	word_label	yy_26	yy_26	26	0.19239269547380994
sub-14	meta_metaphor	meta_R_AG	yy	YY	word_label	yy_21	yy_21	21	-0.07954232037249558
sub-14	meta_metaphor	meta_R_AG	yy	YY	word_label	yy_40	yy_40	40	-0.2026558653522457
sub-14	meta_metaphor	meta_R_AG	yy	YY	word_label	yy_15	yy_15	15	0.06410415305628289
sub-14	meta_metaphor	meta_R_AG	yy	YY	word_label	yy_17	yy_17	17	-0.28352546598340705
sub-14	meta_metaphor	meta_R_AG	yy	YY	word_label	yy_37	yy_37	37	0.10388320456288866
sub-14	meta_metaphor	meta_R_AG	yy	YY	word_label	yy_38	yy_38	38	-0.05032965390094957
sub-14	meta_metaphor	meta_R_AG	yy	YY	word_label	yy_2	yy_2	2	0.34206693191479454
sub-14	meta_metaphor	meta_R_AG	yy	YY	word_label	yy_9	yy_9	9	-0.1574739959919767
sub-14	meta_metaphor	meta_R_AG	yy	YY	word_label	yy_14	yy_14	14	-0.20802628477570526
sub-14	meta_metaphor	meta_R_AG	yy	YY	word_label	yy_4	yy_4	4	-0.0005702011307986241
sub-14	meta_metaphor	meta_R_AG	yy	YY	word_label	yy_23	yy_23	23	-0.14236686847176103
sub-14	meta_metaphor	meta_R_AG	yy	YY	word_label	yy_11	yy_11	11	0.06737779565782825
sub-14	meta_metaphor	meta_R_AG	yy	YY	word_label	yy_24	yy_24	24	0.15322160356138756
sub-14	meta_metaphor	meta_R_AG	yy	YY	word_label	yy_7	yy_7	7	0.4256759948678812
sub-14	meta_metaphor	meta_R_AG	yy	YY	word_label	yy_1	yy_1	1	0.20515428967154173
sub-14	meta_metaphor	meta_R_AG	yy	YY	word_label	yy_39	yy_39	39	0.03402521927343515
sub-14	meta_metaphor	meta_R_AG	yy	YY	word_label	yy_3	yy_3	3	0.053651258195166876
sub-14	meta_metaphor	meta_R_AG	yy	YY	word_label	yy_35	yy_35	35	0.28191813555080475
sub-14	meta_metaphor	meta_R_AG	yy	YY	word_label	yy_6	yy_6	6	-0.25980424227831905
sub-14	meta_metaphor	meta_R_AG	yy	YY	word_label	yy_27	yy_27	27	0.23096247844338788
sub-14	meta_metaphor	meta_R_AG	yy	YY	word_label	yy_12	yy_12	12	-0.06437578283466562
sub-14	meta_metaphor	meta_R_AG	yy	YY	word_label	yy_16	yy_16	16	0.18524794175334586
sub-14	meta_metaphor	meta_R_AG	yy	YY	word_label	yy_36	yy_36	36	0.07275923948519852
sub-14	meta_metaphor	meta_R_AG	yy	YY	word_label	yy_8	yy_8	8	0.2589390102414213
sub-14	meta_metaphor	meta_R_AG	yy	YY	word_label	yy_5	yy_5	5	0.4502560787837401
sub-14	meta_metaphor	meta_R_AG	yy	YY	word_label	yy_22	yy_22	22	-0.39050138218599295
sub-14	meta_metaphor	meta_R_AG	yy	YY	word_label	yy_13	yy_13	13	0.1987495089131924
sub-14	meta_metaphor	meta_R_AG	yy	YY	word_label	yy_32	yy_32	32	-0.27623886883485094
sub-14	meta_metaphor	meta_R_AG	yy	YY	word_label	yy_10	yy_10	10	-0.029572012716694462
sub-14	meta_metaphor	meta_R_AG	yy	YY	word_label	yy_33	yy_33	33	0.15387642299428428
sub-14	meta_metaphor	meta_R_AG	yy	YY	word_label	yy_19	yy_19	19	-0.04553597331000965
sub-14	meta_metaphor	meta_R_AG	yy	YY	word_label	yy_28	yy_28	28	-0.5093087432225455
sub-14	meta_metaphor	meta_R_AG	yy	YY	word_label	yy_18	yy_18	18	-0.08871075128741458
sub-14	meta_metaphor	meta_R_AG	yy	YY	word_label	yy_29	yy_29	29	-0.05369926040412124
sub-14	meta_metaphor	meta_R_AG	kj	KJ	word_label	kj_24	kj_24	24	0.02809417813639633
sub-14	meta_metaphor	meta_R_AG	kj	KJ	word_label	kj_33	kj_33	33	-0.3482502951261537
sub-14	meta_metaphor	meta_R_AG	kj	KJ	word_label	kj_31	kj_31	31	-0.32326482461881206
sub-14	meta_metaphor	meta_R_AG	kj	KJ	word_label	kj_20	kj_20	20	0.03242340884973967
sub-14	meta_metaphor	meta_R_AG	kj	KJ	word_label	kj_13	kj_13	13	-0.4348465975918269
sub-14	meta_metaphor	meta_R_AG	kj	KJ	word_label	kj_19	kj_19	19	-0.026796332245979063
sub-14	meta_metaphor	meta_R_AG	kj	KJ	word_label	kj_6	kj_6	6	-0.094714735864476
sub-14	meta_metaphor	meta_R_AG	kj	KJ	word_label	kj_39	kj_39	39	0.0827979573093036
sub-14	meta_metaphor	meta_R_AG	kj	KJ	word_label	kj_27	kj_27	27	-0.1880849945862889
sub-14	meta_metaphor	meta_R_AG	kj	KJ	word_label	kj_37	kj_37	37	-0.08023884439562452
sub-14	meta_metaphor	meta_R_AG	kj	KJ	word_label	kj_7	kj_7	7	0.24669225544543855
sub-14	meta_metaphor	meta_R_AG	kj	KJ	word_label	kj_21	kj_21	21	0.12471250424870575
sub-14	meta_metaphor	meta_R_AG	kj	KJ	word_label	kj_38	kj_38	38	0.12075396033507026
sub-14	meta_metaphor	meta_R_AG	kj	KJ	word_label	kj_8	kj_8	8	-0.3443164376775392
sub-14	meta_metaphor	meta_R_AG	kj	KJ	word_label	kj_28	kj_28	28	-0.32557077700072495
sub-14	meta_metaphor	meta_R_AG	kj	KJ	word_label	kj_17	kj_17	17	-0.2887180750545852
sub-14	meta_metaphor	meta_R_AG	kj	KJ	word_label	kj_2	kj_2	2	0.19505639761191385
sub-14	meta_metaphor	meta_R_AG	kj	KJ	word_label	kj_16	kj_16	16	0.19149876553198128
sub-14	meta_metaphor	meta_R_AG	kj	KJ	word_label	kj_22	kj_22	22	0.21973822477731245
sub-14	meta_metaphor	meta_R_AG	kj	KJ	word_label	kj_11	kj_11	11	-0.44336963192675505
sub-14	meta_metaphor	meta_R_AG	kj	KJ	word_label	kj_23	kj_23	23	-0.6178992258192068
sub-14	meta_metaphor	meta_R_AG	kj	KJ	word_label	kj_5	kj_5	5	-0.5905351287492556
sub-14	meta_metaphor	meta_R_AG	kj	KJ	word_label	kj_1	kj_1	1	0.17049338852165755
sub-14	meta_metaphor	meta_R_AG	kj	KJ	word_label	kj_34	kj_34	34	-0.4829129904162755
sub-14	meta_metaphor	meta_R_AG	kj	KJ	word_label	kj_36	kj_36	36	0.30073288854935787
sub-14	meta_metaphor	meta_R_AG	kj	KJ	word_label	kj_29	kj_29	29	-0.06700482590974424
sub-14	meta_metaphor	meta_R_AG	kj	KJ	word_label	kj_26	kj_26	26	0.0036881133727899086
sub-14	meta_metaphor	meta_R_AG	kj	KJ	word_label	kj_15	kj_15	15	0.1917188907362452
sub-14	meta_metaphor	meta_R_AG	kj	KJ	word_label	kj_30	kj_30	30	-0.6290018397362701
sub-14	meta_metaphor	meta_R_AG	kj	KJ	word_label	kj_25	kj_25	25	0.564080532767568
sub-14	meta_metaphor	meta_R_AG	kj	KJ	word_label	kj_14	kj_14	14	0.10473316917512933
sub-14	meta_metaphor	meta_R_AG	kj	KJ	word_label	kj_10	kj_10	10	-0.21257757291874277
sub-14	meta_metaphor	meta_R_AG	kj	KJ	word_label	kj_12	kj_12	12	-0.14645409173770885
sub-14	meta_metaphor	meta_R_AG	kj	KJ	word_label	kj_3	kj_3	3	-0.14914310168514835
sub-14	meta_metaphor	meta_R_AG	kj	KJ	word_label	kj_9	kj_9	9	0.09506428200778218
sub-14	meta_metaphor	meta_R_IFG	yy	YY	word_label	yy_26	yy_26	26	-0.06071427942690689
sub-14	meta_metaphor	meta_R_IFG	yy	YY	word_label	yy_21	yy_21	21	0.04753208500301462
sub-14	meta_metaphor	meta_R_IFG	yy	YY	word_label	yy_40	yy_40	40	0.1567669207073043
sub-14	meta_metaphor	meta_R_IFG	yy	YY	word_label	yy_15	yy_15	15	0.44841692549655593
sub-14	meta_metaphor	meta_R_IFG	yy	YY	word_label	yy_17	yy_17	17	-0.05819689735500309
sub-14	meta_metaphor	meta_R_IFG	yy	YY	word_label	yy_37	yy_37	37	0.19402094111176296
sub-14	meta_metaphor	meta_R_IFG	yy	YY	word_label	yy_38	yy_38	38	0.19313634813883135
sub-14	meta_metaphor	meta_R_IFG	yy	YY	word_label	yy_2	yy_2	2	-0.3110560678430169
sub-14	meta_metaphor	meta_R_IFG	yy	YY	word_label	yy_9	yy_9	9	0.0495288612089788
sub-14	meta_metaphor	meta_R_IFG	yy	YY	word_label	yy_14	yy_14	14	-0.08983574790991514
sub-14	meta_metaphor	meta_R_IFG	yy	YY	word_label	yy_4	yy_4	4	-0.23071173330994843
sub-14	meta_metaphor	meta_R_IFG	yy	YY	word_label	yy_23	yy_23	23	0.3162081477072118
sub-14	meta_metaphor	meta_R_IFG	yy	YY	word_label	yy_11	yy_11	11	0.1124268304788597
sub-14	meta_metaphor	meta_R_IFG	yy	YY	word_label	yy_24	yy_24	24	-0.07788004089888072
sub-14	meta_metaphor	meta_R_IFG	yy	YY	word_label	yy_7	yy_7	7	0.0007175418491561186
sub-14	meta_metaphor	meta_R_IFG	yy	YY	word_label	yy_1	yy_1	1	0.5450519485755752
sub-14	meta_metaphor	meta_R_IFG	yy	YY	word_label	yy_39	yy_39	39	0.6055330531563156
sub-14	meta_metaphor	meta_R_IFG	yy	YY	word_label	yy_3	yy_3	3	0.26089697322474237
sub-14	meta_metaphor	meta_R_IFG	yy	YY	word_label	yy_35	yy_35	35	0.47581931481350304
sub-14	meta_metaphor	meta_R_IFG	yy	YY	word_label	yy_6	yy_6	6	-0.45296409227232637
sub-14	meta_metaphor	meta_R_IFG	yy	YY	word_label	yy_27	yy_27	27	0.4393629447351968
sub-14	meta_metaphor	meta_R_IFG	yy	YY	word_label	yy_12	yy_12	12	-0.15271760718629712
sub-14	meta_metaphor	meta_R_IFG	yy	YY	word_label	yy_16	yy_16	16	-0.10228993510163414
sub-14	meta_metaphor	meta_R_IFG	yy	YY	word_label	yy_36	yy_36	36	0.4262452395725945
sub-14	meta_metaphor	meta_R_IFG	yy	YY	word_label	yy_8	yy_8	8	0.14360872469637984
sub-14	meta_metaphor	meta_R_IFG	yy	YY	word_label	yy_5	yy_5	5	0.6100073229769523
sub-14	meta_metaphor	meta_R_IFG	yy	YY	word_label	yy_22	yy_22	22	-0.30389855178130254
sub-14	meta_metaphor	meta_R_IFG	yy	YY	word_label	yy_13	yy_13	13	-0.32244700624424916
sub-14	meta_metaphor	meta_R_IFG	yy	YY	word_label	yy_32	yy_32	32	-0.46114954481448933
sub-14	meta_metaphor	meta_R_IFG	yy	YY	word_label	yy_10	yy_10	10	0.2189169848879119
sub-14	meta_metaphor	meta_R_IFG	yy	YY	word_label	yy_33	yy_33	33	-0.3578861234346623
sub-14	meta_metaphor	meta_R_IFG	yy	YY	word_label	yy_19	yy_19	19	-0.3727479538815758
sub-14	meta_metaphor	meta_R_IFG	yy	YY	word_label	yy_28	yy_28	28	0.5301164468656389
sub-14	meta_metaphor	meta_R_IFG	yy	YY	word_label	yy_18	yy_18	18	-0.1710258811615477
sub-14	meta_metaphor	meta_R_IFG	yy	YY	word_label	yy_29	yy_29	29	0.45868898618588355
sub-14	meta_metaphor	meta_R_IFG	kj	KJ	word_label	kj_24	kj_24	24	0.11068720328691138
sub-14	meta_metaphor	meta_R_IFG	kj	KJ	word_label	kj_33	kj_33	33	0.26727102721810103
sub-14	meta_metaphor	meta_R_IFG	kj	KJ	word_label	kj_31	kj_31	31	0.06508565461694227
sub-14	meta_metaphor	meta_R_IFG	kj	KJ	word_label	kj_20	kj_20	20	0.5017918237812364
sub-14	meta_metaphor	meta_R_IFG	kj	KJ	word_label	kj_13	kj_13	13	-0.3630035237086338
sub-14	meta_metaphor	meta_R_IFG	kj	KJ	word_label	kj_19	kj_19	19	-0.22452072528966655
sub-14	meta_metaphor	meta_R_IFG	kj	KJ	word_label	kj_6	kj_6	6	-0.43744886662605875
sub-14	meta_metaphor	meta_R_IFG	kj	KJ	word_label	kj_39	kj_39	39	0.6248728986500818
sub-14	meta_metaphor	meta_R_IFG	kj	KJ	word_label	kj_27	kj_27	27	0.10823675672395111
sub-14	meta_metaphor	meta_R_IFG	kj	KJ	word_label	kj_37	kj_37	37	-0.8015818837586473
sub-14	meta_metaphor	meta_R_IFG	kj	KJ	word_label	kj_7	kj_7	7	0.25799437260784097
sub-14	meta_metaphor	meta_R_IFG	kj	KJ	word_label	kj_21	kj_21	21	-0.013177266031058961
sub-14	meta_metaphor	meta_R_IFG	kj	KJ	word_label	kj_38	kj_38	38	-0.4708875061690862
sub-14	meta_metaphor	meta_R_IFG	kj	KJ	word_label	kj_8	kj_8	8	0.1209930257311831
sub-14	meta_metaphor	meta_R_IFG	kj	KJ	word_label	kj_28	kj_28	28	0.2898697633063944
sub-14	meta_metaphor	meta_R_IFG	kj	KJ	word_label	kj_17	kj_17	17	-0.056846523331888374
sub-14	meta_metaphor	meta_R_IFG	kj	KJ	word_label	kj_2	kj_2	2	-0.08679362310728406
sub-14	meta_metaphor	meta_R_IFG	kj	KJ	word_label	kj_16	kj_16	16	-0.35336632454562367
sub-14	meta_metaphor	meta_R_IFG	kj	KJ	word_label	kj_22	kj_22	22	-0.10856240554884222
sub-14	meta_metaphor	meta_R_IFG	kj	KJ	word_label	kj_11	kj_11	11	-0.39000305764522125
sub-14	meta_metaphor	meta_R_IFG	kj	KJ	word_label	kj_23	kj_23	23	-0.1292366217816526
sub-14	meta_metaphor	meta_R_IFG	kj	KJ	word_label	kj_5	kj_5	5	-0.30709997014467194
sub-14	meta_metaphor	meta_R_IFG	kj	KJ	word_label	kj_1	kj_1	1	0.12667457852851985
sub-14	meta_metaphor	meta_R_IFG	kj	KJ	word_label	kj_34	kj_34	34	0.2820139241675025
sub-14	meta_metaphor	meta_R_IFG	kj	KJ	word_label	kj_36	kj_36	36	0.1417635173020721
sub-14	meta_metaphor	meta_R_IFG	kj	KJ	word_label	kj_29	kj_29	29	-0.5412555627463315
sub-14	meta_metaphor	meta_R_IFG	kj	KJ	word_label	kj_26	kj_26	26	0.030565170731510716
sub-14	meta_metaphor	meta_R_IFG	kj	KJ	word_label	kj_15	kj_15	15	0.6004983864724042
sub-14	meta_metaphor	meta_R_IFG	kj	KJ	word_label	kj_30	kj_30	30	0.1175576838346703
sub-14	meta_metaphor	meta_R_IFG	kj	KJ	word_label	kj_25	kj_25	25	0.33679589449636294
sub-14	meta_metaphor	meta_R_IFG	kj	KJ	word_label	kj_14	kj_14	14	0.4363483142381684
sub-14	meta_metaphor	meta_R_IFG	kj	KJ	word_label	kj_10	kj_10	10	0.024298677723280683
sub-14	meta_metaphor	meta_R_IFG	kj	KJ	word_label	kj_12	kj_12	12	-0.254890381755729
sub-14	meta_metaphor	meta_R_IFG	kj	KJ	word_label	kj_3	kj_3	3	-0.2203317446429702
sub-14	meta_metaphor	meta_R_IFG	kj	KJ	word_label	kj_9	kj_9	9	0.25720256343349257
sub-14	meta_metaphor	meta_R_pMTG_pSTS	yy	YY	word_label	yy_26	yy_26	26	0.5951734175996407
sub-14	meta_metaphor	meta_R_pMTG_pSTS	yy	YY	word_label	yy_21	yy_21	21	0.2995548334997428
sub-14	meta_metaphor	meta_R_pMTG_pSTS	yy	YY	word_label	yy_40	yy_40	40	0.4506222459374887
sub-14	meta_metaphor	meta_R_pMTG_pSTS	yy	YY	word_label	yy_15	yy_15	15	0.03783075628238359
sub-14	meta_metaphor	meta_R_pMTG_pSTS	yy	YY	word_label	yy_17	yy_17	17	0.2122151004989322
sub-14	meta_metaphor	meta_R_pMTG_pSTS	yy	YY	word_label	yy_37	yy_37	37	-0.26347962350208187
sub-14	meta_metaphor	meta_R_pMTG_pSTS	yy	YY	word_label	yy_38	yy_38	38	0.2307263167605944
sub-14	meta_metaphor	meta_R_pMTG_pSTS	yy	YY	word_label	yy_2	yy_2	2	0.11240607228317796
sub-14	meta_metaphor	meta_R_pMTG_pSTS	yy	YY	word_label	yy_9	yy_9	9	-0.43403704052916486
sub-14	meta_metaphor	meta_R_pMTG_pSTS	yy	YY	word_label	yy_14	yy_14	14	-0.17688792509511614
sub-14	meta_metaphor	meta_R_pMTG_pSTS	yy	YY	word_label	yy_4	yy_4	4	-0.5782553551421026
sub-14	meta_metaphor	meta_R_pMTG_pSTS	yy	YY	word_label	yy_23	yy_23	23	-0.156817968363943
sub-14	meta_metaphor	meta_R_pMTG_pSTS	yy	YY	word_label	yy_11	yy_11	11	0.44449393059981557
sub-14	meta_metaphor	meta_R_pMTG_pSTS	yy	YY	word_label	yy_24	yy_24	24	-0.09481796750643232
sub-14	meta_metaphor	meta_R_pMTG_pSTS	yy	YY	word_label	yy_7	yy_7	7	0.020804331875969532
sub-14	meta_metaphor	meta_R_pMTG_pSTS	yy	YY	word_label	yy_1	yy_1	1	-0.31491911372920917
sub-14	meta_metaphor	meta_R_pMTG_pSTS	yy	YY	word_label	yy_39	yy_39	39	-0.04226553233294513
sub-14	meta_metaphor	meta_R_pMTG_pSTS	yy	YY	word_label	yy_3	yy_3	3	0.1851727451347033
sub-14	meta_metaphor	meta_R_pMTG_pSTS	yy	YY	word_label	yy_35	yy_35	35	0.2562114854612021
sub-14	meta_metaphor	meta_R_pMTG_pSTS	yy	YY	word_label	yy_6	yy_6	6	0.39193846324078413
sub-14	meta_metaphor	meta_R_pMTG_pSTS	yy	YY	word_label	yy_27	yy_27	27	0.48077206708873044
sub-14	meta_metaphor	meta_R_pMTG_pSTS	yy	YY	word_label	yy_12	yy_12	12	0.6616385574015796
sub-14	meta_metaphor	meta_R_pMTG_pSTS	yy	YY	word_label	yy_16	yy_16	16	0.35382100100454883
sub-14	meta_metaphor	meta_R_pMTG_pSTS	yy	YY	word_label	yy_36	yy_36	36	0.3735443444414265
sub-14	meta_metaphor	meta_R_pMTG_pSTS	yy	YY	word_label	yy_8	yy_8	8	-0.13184351465755098
sub-14	meta_metaphor	meta_R_pMTG_pSTS	yy	YY	word_label	yy_5	yy_5	5	0.31010236997290025
sub-14	meta_metaphor	meta_R_pMTG_pSTS	yy	YY	word_label	yy_22	yy_22	22	-0.027341671667298836
sub-14	meta_metaphor	meta_R_pMTG_pSTS	yy	YY	word_label	yy_13	yy_13	13	-0.021739303142607365
sub-14	meta_metaphor	meta_R_pMTG_pSTS	yy	YY	word_label	yy_32	yy_32	32	0.022330316698458703
sub-14	meta_metaphor	meta_R_pMTG_pSTS	yy	YY	word_label	yy_10	yy_10	10	0.47157956784650545
sub-14	meta_metaphor	meta_R_pMTG_pSTS	yy	YY	word_label	yy_33	yy_33	33	0.36044847161373705
sub-14	meta_metaphor	meta_R_pMTG_pSTS	yy	YY	word_label	yy_19	yy_19	19	0.24684566695599627
sub-14	meta_metaphor	meta_R_pMTG_pSTS	yy	YY	word_label	yy_28	yy_28	28	0.3444521718489367
sub-14	meta_metaphor	meta_R_pMTG_pSTS	yy	YY	word_label	yy_18	yy_18	18	-0.37648031270092935
sub-14	meta_metaphor	meta_R_pMTG_pSTS	yy	YY	word_label	yy_29	yy_29	29	-0.0915888862382208
sub-14	meta_metaphor	meta_R_pMTG_pSTS	kj	KJ	word_label	kj_24	kj_24	24	0.23233168379257577
sub-14	meta_metaphor	meta_R_pMTG_pSTS	kj	KJ	word_label	kj_33	kj_33	33	0.5759832759591881
sub-14	meta_metaphor	meta_R_pMTG_pSTS	kj	KJ	word_label	kj_31	kj_31	31	0.5258013664575056
sub-14	meta_metaphor	meta_R_pMTG_pSTS	kj	KJ	word_label	kj_20	kj_20	20	-0.2534521843985026
sub-14	meta_metaphor	meta_R_pMTG_pSTS	kj	KJ	word_label	kj_13	kj_13	13	-0.06604559276575384
sub-14	meta_metaphor	meta_R_pMTG_pSTS	kj	KJ	word_label	kj_19	kj_19	19	-0.1892034271444068
sub-14	meta_metaphor	meta_R_pMTG_pSTS	kj	KJ	word_label	kj_6	kj_6	6	-0.25986354521996785
sub-14	meta_metaphor	meta_R_pMTG_pSTS	kj	KJ	word_label	kj_39	kj_39	39	-0.4205992137719269
sub-14	meta_metaphor	meta_R_pMTG_pSTS	kj	KJ	word_label	kj_27	kj_27	27	-0.11150171650966767
sub-14	meta_metaphor	meta_R_pMTG_pSTS	kj	KJ	word_label	kj_37	kj_37	37	0.2999697914265451
sub-14	meta_metaphor	meta_R_pMTG_pSTS	kj	KJ	word_label	kj_7	kj_7	7	0.2554517795949496
sub-14	meta_metaphor	meta_R_pMTG_pSTS	kj	KJ	word_label	kj_21	kj_21	21	-0.7680495378332662
sub-14	meta_metaphor	meta_R_pMTG_pSTS	kj	KJ	word_label	kj_38	kj_38	38	-0.15332538769940604
sub-14	meta_metaphor	meta_R_pMTG_pSTS	kj	KJ	word_label	kj_8	kj_8	8	0.06995573705173662
sub-14	meta_metaphor	meta_R_pMTG_pSTS	kj	KJ	word_label	kj_28	kj_28	28	0.4828180412814211
sub-14	meta_metaphor	meta_R_pMTG_pSTS	kj	KJ	word_label	kj_17	kj_17	17	-0.6430154501372827
sub-14	meta_metaphor	meta_R_pMTG_pSTS	kj	KJ	word_label	kj_2	kj_2	2	-0.13195544620882524
sub-14	meta_metaphor	meta_R_pMTG_pSTS	kj	KJ	word_label	kj_16	kj_16	16	0.2615088154703327
sub-14	meta_metaphor	meta_R_pMTG_pSTS	kj	KJ	word_label	kj_22	kj_22	22	0.08127374179686996
sub-14	meta_metaphor	meta_R_pMTG_pSTS	kj	KJ	word_label	kj_11	kj_11	11	0.04338406134521237
sub-14	meta_metaphor	meta_R_pMTG_pSTS	kj	KJ	word_label	kj_23	kj_23	23	0.4300535051220305
sub-14	meta_metaphor	meta_R_pMTG_pSTS	kj	KJ	word_label	kj_5	kj_5	5	-0.16282324896414646
sub-14	meta_metaphor	meta_R_pMTG_pSTS	kj	KJ	word_label	kj_1	kj_1	1	0.5533282931485852
sub-14	meta_metaphor	meta_R_pMTG_pSTS	kj	KJ	word_label	kj_34	kj_34	34	-0.24937303296991387
sub-14	meta_metaphor	meta_R_pMTG_pSTS	kj	KJ	word_label	kj_36	kj_36	36	-0.0014485851703255662
sub-14	meta_metaphor	meta_R_pMTG_pSTS	kj	KJ	word_label	kj_29	kj_29	29	-0.19496932636387115
sub-14	meta_metaphor	meta_R_pMTG_pSTS	kj	KJ	word_label	kj_26	kj_26	26	0.2843669680553334
sub-14	meta_metaphor	meta_R_pMTG_pSTS	kj	KJ	word_label	kj_15	kj_15	15	0.3852093360880489
sub-14	meta_metaphor	meta_R_pMTG_pSTS	kj	KJ	word_label	kj_30	kj_30	30	0.6300404761968503
sub-14	meta_metaphor	meta_R_pMTG_pSTS	kj	KJ	word_label	kj_25	kj_25	25	-0.2628505811747077
sub-14	meta_metaphor	meta_R_pMTG_pSTS	kj	KJ	word_label	kj_14	kj_14	14	-0.22073789607667413
sub-14	meta_metaphor	meta_R_pMTG_pSTS	kj	KJ	word_label	kj_10	kj_10	10	-0.1910753817708672
sub-14	meta_metaphor	meta_R_pMTG_pSTS	kj	KJ	word_label	kj_12	kj_12	12	0.36355394256449486
sub-14	meta_metaphor	meta_R_pMTG_pSTS	kj	KJ	word_label	kj_3	kj_3	3	-0.1633309791349814
sub-14	meta_metaphor	meta_R_pMTG_pSTS	kj	KJ	word_label	kj_9	kj_9	9	-0.17868608901436814
sub-14	meta_metaphor	meta_R_temporal_pole	yy	YY	word_label	yy_26	yy_26	26	0.27589331448957993
sub-14	meta_metaphor	meta_R_temporal_pole	yy	YY	word_label	yy_21	yy_21	21	0.2341646514416887
sub-14	meta_metaphor	meta_R_temporal_pole	yy	YY	word_label	yy_40	yy_40	40	0.17932840456584645
sub-14	meta_metaphor	meta_R_temporal_pole	yy	YY	word_label	yy_15	yy_15	15	0.30192399581104107
sub-14	meta_metaphor	meta_R_temporal_pole	yy	YY	word_label	yy_17	yy_17	17	0.09087316780646937
sub-14	meta_metaphor	meta_R_temporal_pole	yy	YY	word_label	yy_37	yy_37	37	0.012196103208883346
sub-14	meta_metaphor	meta_R_temporal_pole	yy	YY	word_label	yy_38	yy_38	38	0.10142176742816303
sub-14	meta_metaphor	meta_R_temporal_pole	yy	YY	word_label	yy_2	yy_2	2	-0.4781026617842634
sub-14	meta_metaphor	meta_R_temporal_pole	yy	YY	word_label	yy_9	yy_9	9	0.018287949539886952
sub-14	meta_metaphor	meta_R_temporal_pole	yy	YY	word_label	yy_14	yy_14	14	-0.2067399445730719
sub-14	meta_metaphor	meta_R_temporal_pole	yy	YY	word_label	yy_4	yy_4	4	-0.29956959223245594
sub-14	meta_metaphor	meta_R_temporal_pole	yy	YY	word_label	yy_23	yy_23	23	0.4021429559546397
sub-14	meta_metaphor	meta_R_temporal_pole	yy	YY	word_label	yy_11	yy_11	11	0.5922072800334159
sub-14	meta_metaphor	meta_R_temporal_pole	yy	YY	word_label	yy_24	yy_24	24	0.11319656409676422
sub-14	meta_metaphor	meta_R_temporal_pole	yy	YY	word_label	yy_7	yy_7	7	-0.17210375654584517
sub-14	meta_metaphor	meta_R_temporal_pole	yy	YY	word_label	yy_1	yy_1	1	-0.06498788636790706
sub-14	meta_metaphor	meta_R_temporal_pole	yy	YY	word_label	yy_39	yy_39	39	0.18474028528517342
sub-14	meta_metaphor	meta_R_temporal_pole	yy	YY	word_label	yy_3	yy_3	3	0.21396453003890956
sub-14	meta_metaphor	meta_R_temporal_pole	yy	YY	word_label	yy_35	yy_35	35	-0.03052495594717313
sub-14	meta_metaphor	meta_R_temporal_pole	yy	YY	word_label	yy_6	yy_6	6	0.3489639431739407
sub-14	meta_metaphor	meta_R_temporal_pole	yy	YY	word_label	yy_27	yy_27	27	0.34291829560102205
sub-14	meta_metaphor	meta_R_temporal_pole	yy	YY	word_label	yy_12	yy_12	12	0.25525012393906205
sub-14	meta_metaphor	meta_R_temporal_pole	yy	YY	word_label	yy_16	yy_16	16	0.04892856966673921
sub-14	meta_metaphor	meta_R_temporal_pole	yy	YY	word_label	yy_36	yy_36	36	0.18269017654982772
sub-14	meta_metaphor	meta_R_temporal_pole	yy	YY	word_label	yy_8	yy_8	8	-0.2701432580969482
sub-14	meta_metaphor	meta_R_temporal_pole	yy	YY	word_label	yy_5	yy_5	5	0.3242791814922889
sub-14	meta_metaphor	meta_R_temporal_pole	yy	YY	word_label	yy_22	yy_22	22	-0.2260095017341758
sub-14	meta_metaphor	meta_R_temporal_pole	yy	YY	word_label	yy_13	yy_13	13	0.3360512862276686
sub-14	meta_metaphor	meta_R_temporal_pole	yy	YY	word_label	yy_32	yy_32	32	-0.4723460425643192
sub-14	meta_metaphor	meta_R_temporal_pole	yy	YY	word_label	yy_10	yy_10	10	0.37782268463553587
sub-14	meta_metaphor	meta_R_temporal_pole	yy	YY	word_label	yy_33	yy_33	33	0.09146168533484893
sub-14	meta_metaphor	meta_R_temporal_pole	yy	YY	word_label	yy_19	yy_19	19	0.22469036389693778
sub-14	meta_metaphor	meta_R_temporal_pole	yy	YY	word_label	yy_28	yy_28	28	0.242995119635294
sub-14	meta_metaphor	meta_R_temporal_pole	yy	YY	word_label	yy_18	yy_18	18	0.2834102152024174
sub-14	meta_metaphor	meta_R_temporal_pole	yy	YY	word_label	yy_29	yy_29	29	0.20378318193315204
sub-14	meta_metaphor	meta_R_temporal_pole	kj	KJ	word_label	kj_24	kj_24	24	0.12286956336734915
sub-14	meta_metaphor	meta_R_temporal_pole	kj	KJ	word_label	kj_33	kj_33	33	-0.41376327255218714
sub-14	meta_metaphor	meta_R_temporal_pole	kj	KJ	word_label	kj_31	kj_31	31	-0.05559316010251842
sub-14	meta_metaphor	meta_R_temporal_pole	kj	KJ	word_label	kj_20	kj_20	20	0.03026551759859357
sub-14	meta_metaphor	meta_R_temporal_pole	kj	KJ	word_label	kj_13	kj_13	13	-0.1726555628435232
sub-14	meta_metaphor	meta_R_temporal_pole	kj	KJ	word_label	kj_19	kj_19	19	-0.4181874340063335
sub-14	meta_metaphor	meta_R_temporal_pole	kj	KJ	word_label	kj_6	kj_6	6	-0.2690693857876115
sub-14	meta_metaphor	meta_R_temporal_pole	kj	KJ	word_label	kj_39	kj_39	39	-0.3627365405969044
sub-14	meta_metaphor	meta_R_temporal_pole	kj	KJ	word_label	kj_27	kj_27	27	-0.07965883485119929
sub-14	meta_metaphor	meta_R_temporal_pole	kj	KJ	word_label	kj_37	kj_37	37	-0.3437832721517115
sub-14	meta_metaphor	meta_R_temporal_pole	kj	KJ	word_label	kj_7	kj_7	7	0.07093268786377332
sub-14	meta_metaphor	meta_R_temporal_pole	kj	KJ	word_label	kj_21	kj_21	21	-0.053977262939222385
sub-14	meta_metaphor	meta_R_temporal_pole	kj	KJ	word_label	kj_38	kj_38	38	-0.21482954072699129
sub-14	meta_metaphor	meta_R_temporal_pole	kj	KJ	word_label	kj_8	kj_8	8	0.3352054285209368
sub-14	meta_metaphor	meta_R_temporal_pole	kj	KJ	word_label	kj_28	kj_28	28	0.5309758449092936
sub-14	meta_metaphor	meta_R_temporal_pole	kj	KJ	word_label	kj_17	kj_17	17	-0.18017986506495726
sub-14	meta_metaphor	meta_R_temporal_pole	kj	KJ	word_label	kj_2	kj_2	2	0.6504517158027161
sub-14	meta_metaphor	meta_R_temporal_pole	kj	KJ	word_label	kj_16	kj_16	16	0.20621036335718806
sub-14	meta_metaphor	meta_R_temporal_pole	kj	KJ	word_label	kj_22	kj_22	22	-0.003727194261679383
sub-14	meta_metaphor	meta_R_temporal_pole	kj	KJ	word_label	kj_11	kj_11	11	0.1318070693178996
sub-14	meta_metaphor	meta_R_temporal_pole	kj	KJ	word_label	kj_23	kj_23	23	0.18427670731276485
sub-14	meta_metaphor	meta_R_temporal_pole	kj	KJ	word_label	kj_5	kj_5	5	-0.016254161440862887
sub-14	meta_metaphor	meta_R_temporal_pole	kj	KJ	word_label	kj_1	kj_1	1	0.31575741486156084
sub-14	meta_metaphor	meta_R_temporal_pole	kj	KJ	word_label	kj_34	kj_34	34	-0.15825231324932132
sub-14	meta_metaphor	meta_R_temporal_pole	kj	KJ	word_label	kj_36	kj_36	36	0.01594804195322389
sub-14	meta_metaphor	meta_R_temporal_pole	kj	KJ	word_label	kj_29	kj_29	29	-0.2478694880537486
sub-14	meta_metaphor	meta_R_temporal_pole	kj	KJ	word_label	kj_26	kj_26	26	-0.2865091194494057
sub-14	meta_metaphor	meta_R_temporal_pole	kj	KJ	word_label	kj_15	kj_15	15	0.49371123476794576
sub-14	meta_metaphor	meta_R_temporal_pole	kj	KJ	word_label	kj_30	kj_30	30	-0.2000054628331871
sub-14	meta_metaphor	meta_R_temporal_pole	kj	KJ	word_label	kj_25	kj_25	25	0.14483414835738717
sub-14	meta_metaphor	meta_R_temporal_pole	kj	KJ	word_label	kj_14	kj_14	14	-0.09230086254122458
sub-14	meta_metaphor	meta_R_temporal_pole	kj	KJ	word_label	kj_10	kj_10	10	0.2038838392636954
sub-14	meta_metaphor	meta_R_temporal_pole	kj	KJ	word_label	kj_12	kj_12	12	-0.01246589594831956
sub-14	meta_metaphor	meta_R_temporal_pole	kj	KJ	word_label	kj_3	kj_3	3	0.6703337769394025
sub-14	meta_metaphor	meta_R_temporal_pole	kj	KJ	word_label	kj_9	kj_9	9	0.20048016515620867
sub-15	meta_metaphor	meta_L_AG	yy	YY	word_label	yy_18	yy_18	18	0.4439965383212999
sub-15	meta_metaphor	meta_L_AG	yy	YY	word_label	yy_26	yy_26	26	0.35280003608107174
sub-15	meta_metaphor	meta_L_AG	yy	YY	word_label	yy_5	yy_5	5	-0.4734968431839416
sub-15	meta_metaphor	meta_L_AG	yy	YY	word_label	yy_33	yy_33	33	-0.21035319126444302
sub-15	meta_metaphor	meta_L_AG	yy	YY	word_label	yy_23	yy_23	23	-0.20801129671577745
sub-15	meta_metaphor	meta_L_AG	yy	YY	word_label	yy_8	yy_8	8	-0.16125132523743488
sub-15	meta_metaphor	meta_L_AG	yy	YY	word_label	yy_13	yy_13	13	0.45372942905297586
sub-15	meta_metaphor	meta_L_AG	yy	YY	word_label	yy_15	yy_15	15	-0.2302987301200407
sub-15	meta_metaphor	meta_L_AG	yy	YY	word_label	yy_22	yy_22	22	0.27693442675710433
sub-15	meta_metaphor	meta_L_AG	yy	YY	word_label	yy_21	yy_21	21	-0.11666913885289493
sub-15	meta_metaphor	meta_L_AG	yy	YY	word_label	yy_35	yy_35	35	0.09265595487721341
sub-15	meta_metaphor	meta_L_AG	yy	YY	word_label	yy_10	yy_10	10	0.3293473059103258
sub-15	meta_metaphor	meta_L_AG	yy	YY	word_label	yy_37	yy_37	37	0.05117199873935969
sub-15	meta_metaphor	meta_L_AG	yy	YY	word_label	yy_28	yy_28	28	-0.15075321906944197
sub-15	meta_metaphor	meta_L_AG	yy	YY	word_label	yy_16	yy_16	16	-0.08317991497357975
sub-15	meta_metaphor	meta_L_AG	yy	YY	word_label	yy_17	yy_17	17	-0.5687952597541441
sub-15	meta_metaphor	meta_L_AG	yy	YY	word_label	yy_2	yy_2	2	0.47641887360545876
sub-15	meta_metaphor	meta_L_AG	yy	YY	word_label	yy_32	yy_32	32	0.15737889665726001
sub-15	meta_metaphor	meta_L_AG	yy	YY	word_label	yy_1	yy_1	1	0.008721806864154719
sub-15	meta_metaphor	meta_L_AG	yy	YY	word_label	yy_7	yy_7	7	-0.38410245741218585
sub-15	meta_metaphor	meta_L_AG	yy	YY	word_label	yy_38	yy_38	38	0.43434961719661996
sub-15	meta_metaphor	meta_L_AG	yy	YY	word_label	yy_4	yy_4	4	-0.2399982545013073
sub-15	meta_metaphor	meta_L_AG	yy	YY	word_label	yy_11	yy_11	11	-0.2333665796648472
sub-15	meta_metaphor	meta_L_AG	yy	YY	word_label	yy_40	yy_40	40	-0.11887869357740415
sub-15	meta_metaphor	meta_L_AG	yy	YY	word_label	yy_29	yy_29	29	0.242763263530132
sub-15	meta_metaphor	meta_L_AG	yy	YY	word_label	yy_27	yy_27	27	-0.11194079828719813
sub-15	meta_metaphor	meta_L_AG	yy	YY	word_label	yy_3	yy_3	3	0.06773357636675742
sub-15	meta_metaphor	meta_L_AG	yy	YY	word_label	yy_12	yy_12	12	0.24592995668771675
sub-15	meta_metaphor	meta_L_AG	yy	YY	word_label	yy_19	yy_19	19	-0.17261602364096598
sub-15	meta_metaphor	meta_L_AG	yy	YY	word_label	yy_9	yy_9	9	-0.26614952934138586
sub-15	meta_metaphor	meta_L_AG	yy	YY	word_label	yy_24	yy_24	24	0.38524189456287494
sub-15	meta_metaphor	meta_L_AG	yy	YY	word_label	yy_6	yy_6	6	-0.011099898610967012
sub-15	meta_metaphor	meta_L_AG	yy	YY	word_label	yy_39	yy_39	39	-0.03660706838121697
sub-15	meta_metaphor	meta_L_AG	yy	YY	word_label	yy_14	yy_14	14	0.36716535558375313
sub-15	meta_metaphor	meta_L_AG	yy	YY	word_label	yy_36	yy_36	36	-0.1772436062201284
sub-15	meta_metaphor	meta_L_AG	kj	KJ	word_label	kj_38	kj_38	38	-0.3336418522245978
sub-15	meta_metaphor	meta_L_AG	kj	KJ	word_label	kj_28	kj_28	28	-0.3089642776610739
sub-15	meta_metaphor	meta_L_AG	kj	KJ	word_label	kj_25	kj_25	25	-0.501811380867838
sub-15	meta_metaphor	meta_L_AG	kj	KJ	word_label	kj_31	kj_31	31	-0.3530430111501178
sub-15	meta_metaphor	meta_L_AG	kj	KJ	word_label	kj_3	kj_3	3	-0.6015430234114728
sub-15	meta_metaphor	meta_L_AG	kj	KJ	word_label	kj_26	kj_26	26	0.3857091146240414
sub-15	meta_metaphor	meta_L_AG	kj	KJ	word_label	kj_24	kj_24	24	0.2101799987547681
sub-15	meta_metaphor	meta_L_AG	kj	KJ	word_label	kj_1	kj_1	1	-0.2895615274479437
sub-15	meta_metaphor	meta_L_AG	kj	KJ	word_label	kj_17	kj_17	17	-0.20866490269892954
sub-15	meta_metaphor	meta_L_AG	kj	KJ	word_label	kj_11	kj_11	11	-0.2622176671834333
sub-15	meta_metaphor	meta_L_AG	kj	KJ	word_label	kj_37	kj_37	37	0.6527767380846908
sub-15	meta_metaphor	meta_L_AG	kj	KJ	word_label	kj_15	kj_15	15	-0.2609627481618236
sub-15	meta_metaphor	meta_L_AG	kj	KJ	word_label	kj_21	kj_21	21	-0.03569885963823074
sub-15	meta_metaphor	meta_L_AG	kj	KJ	word_label	kj_13	kj_13	13	-0.4249693567331546
sub-15	meta_metaphor	meta_L_AG	kj	KJ	word_label	kj_8	kj_8	8	0.14239093801052202
sub-15	meta_metaphor	meta_L_AG	kj	KJ	word_label	kj_7	kj_7	7	0.05150469390173224
sub-15	meta_metaphor	meta_L_AG	kj	KJ	word_label	kj_5	kj_5	5	0.06439205661500622
sub-15	meta_metaphor	meta_L_AG	kj	KJ	word_label	kj_33	kj_33	33	0.048756191718110936
sub-15	meta_metaphor	meta_L_AG	kj	KJ	word_label	kj_27	kj_27	27	0.4008028416902786
sub-15	meta_metaphor	meta_L_AG	kj	KJ	word_label	kj_36	kj_36	36	-0.21573635568803487
sub-15	meta_metaphor	meta_L_AG	kj	KJ	word_label	kj_6	kj_6	6	-0.2297455747487583
sub-15	meta_metaphor	meta_L_AG	kj	KJ	word_label	kj_30	kj_30	30	-0.5888751900944997
sub-15	meta_metaphor	meta_L_AG	kj	KJ	word_label	kj_34	kj_34	34	-0.24103028089070624
sub-15	meta_metaphor	meta_L_AG	kj	KJ	word_label	kj_23	kj_23	23	-0.01468070442324677
sub-15	meta_metaphor	meta_L_AG	kj	KJ	word_label	kj_12	kj_12	12	-0.6223422469994951
sub-15	meta_metaphor	meta_L_AG	kj	KJ	word_label	kj_20	kj_20	20	0.23938795588851502
sub-15	meta_metaphor	meta_L_AG	kj	KJ	word_label	kj_39	kj_39	39	0.0036040719936738476
sub-15	meta_metaphor	meta_L_AG	kj	KJ	word_label	kj_22	kj_22	22	-0.1943567090648601
sub-15	meta_metaphor	meta_L_AG	kj	KJ	word_label	kj_10	kj_10	10	-0.1396620051437185
sub-15	meta_metaphor	meta_L_AG	kj	KJ	word_label	kj_19	kj_19	19	-0.040124025124744896
sub-15	meta_metaphor	meta_L_AG	kj	KJ	word_label	kj_2	kj_2	2	0.2844381618598027
sub-15	meta_metaphor	meta_L_AG	kj	KJ	word_label	kj_29	kj_29	29	-0.13657264612236414
sub-15	meta_metaphor	meta_L_AG	kj	KJ	word_label	kj_16	kj_16	16	0.23497762531945607
sub-15	meta_metaphor	meta_L_AG	kj	KJ	word_label	kj_9	kj_9	9	-0.4823617606538169
sub-15	meta_metaphor	meta_L_AG	kj	KJ	word_label	kj_14	kj_14	14	-0.10707421349149952
sub-15	meta_metaphor	meta_L_IFG	yy	YY	word_label	yy_18	yy_18	18	0.2646987072616157
sub-15	meta_metaphor	meta_L_IFG	yy	YY	word_label	yy_26	yy_26	26	0.036308035717121455
sub-15	meta_metaphor	meta_L_IFG	yy	YY	word_label	yy_5	yy_5	5	0.11810709677434292
sub-15	meta_metaphor	meta_L_IFG	yy	YY	word_label	yy_33	yy_33	33	0.3689171069129399
sub-15	meta_metaphor	meta_L_IFG	yy	YY	word_label	yy_23	yy_23	23	0.2857519371705762
sub-15	meta_metaphor	meta_L_IFG	yy	YY	word_label	yy_8	yy_8	8	-0.09663041616383747
sub-15	meta_metaphor	meta_L_IFG	yy	YY	word_label	yy_13	yy_13	13	0.3029647068186174
sub-15	meta_metaphor	meta_L_IFG	yy	YY	word_label	yy_15	yy_15	15	0.3402544644141004
sub-15	meta_metaphor	meta_L_IFG	yy	YY	word_label	yy_22	yy_22	22	0.17256663771597175
sub-15	meta_metaphor	meta_L_IFG	yy	YY	word_label	yy_21	yy_21	21	0.5120708754451083
sub-15	meta_metaphor	meta_L_IFG	yy	YY	word_label	yy_35	yy_35	35	-0.04625882846550522
sub-15	meta_metaphor	meta_L_IFG	yy	YY	word_label	yy_10	yy_10	10	-0.12881276004934075
sub-15	meta_metaphor	meta_L_IFG	yy	YY	word_label	yy_37	yy_37	37	-0.09995271881424403
sub-15	meta_metaphor	meta_L_IFG	yy	YY	word_label	yy_28	yy_28	28	0.20248754180193115
sub-15	meta_metaphor	meta_L_IFG	yy	YY	word_label	yy_16	yy_16	16	-0.1257779715575118
sub-15	meta_metaphor	meta_L_IFG	yy	YY	word_label	yy_17	yy_17	17	0.043030291908403934
sub-15	meta_metaphor	meta_L_IFG	yy	YY	word_label	yy_2	yy_2	2	0.09040784356592725
sub-15	meta_metaphor	meta_L_IFG	yy	YY	word_label	yy_32	yy_32	32	0.046255372072956345
sub-15	meta_metaphor	meta_L_IFG	yy	YY	word_label	yy_1	yy_1	1	0.05227566574032478
sub-15	meta_metaphor	meta_L_IFG	yy	YY	word_label	yy_7	yy_7	7	-0.08853692324995124
sub-15	meta_metaphor	meta_L_IFG	yy	YY	word_label	yy_38	yy_38	38	0.38184035756672796
sub-15	meta_metaphor	meta_L_IFG	yy	YY	word_label	yy_4	yy_4	4	-0.040078447874284835
sub-15	meta_metaphor	meta_L_IFG	yy	YY	word_label	yy_11	yy_11	11	0.03648148913735646
sub-15	meta_metaphor	meta_L_IFG	yy	YY	word_label	yy_40	yy_40	40	0.05671874705414079
sub-15	meta_metaphor	meta_L_IFG	yy	YY	word_label	yy_29	yy_29	29	-0.0662431215920046
sub-15	meta_metaphor	meta_L_IFG	yy	YY	word_label	yy_27	yy_27	27	0.21851288643840736
sub-15	meta_metaphor	meta_L_IFG	yy	YY	word_label	yy_3	yy_3	3	-0.21054660090282135
sub-15	meta_metaphor	meta_L_IFG	yy	YY	word_label	yy_12	yy_12	12	0.34673675782168534
sub-15	meta_metaphor	meta_L_IFG	yy	YY	word_label	yy_19	yy_19	19	0.06958516506938446
sub-15	meta_metaphor	meta_L_IFG	yy	YY	word_label	yy_9	yy_9	9	-0.005269111259860335
sub-15	meta_metaphor	meta_L_IFG	yy	YY	word_label	yy_24	yy_24	24	0.24758689055635152
sub-15	meta_metaphor	meta_L_IFG	yy	YY	word_label	yy_6	yy_6	6	-0.05903594716389233
sub-15	meta_metaphor	meta_L_IFG	yy	YY	word_label	yy_39	yy_39	39	0.42954955073895906
sub-15	meta_metaphor	meta_L_IFG	yy	YY	word_label	yy_14	yy_14	14	0.34368395005805097
sub-15	meta_metaphor	meta_L_IFG	yy	YY	word_label	yy_36	yy_36	36	0.034044360900733046
sub-15	meta_metaphor	meta_L_IFG	kj	KJ	word_label	kj_38	kj_38	38	0.17705757100595482
sub-15	meta_metaphor	meta_L_IFG	kj	KJ	word_label	kj_28	kj_28	28	-0.032261512255688914
sub-15	meta_metaphor	meta_L_IFG	kj	KJ	word_label	kj_25	kj_25	25	-0.3075290793840933
sub-15	meta_metaphor	meta_L_IFG	kj	KJ	word_label	kj_31	kj_31	31	0.18815603077396006
sub-15	meta_metaphor	meta_L_IFG	kj	KJ	word_label	kj_3	kj_3	3	-0.24609514859518494
sub-15	meta_metaphor	meta_L_IFG	kj	KJ	word_label	kj_26	kj_26	26	-0.17860176558363083
sub-15	meta_metaphor	meta_L_IFG	kj	KJ	word_label	kj_24	kj_24	24	0.33193536406168217
sub-15	meta_metaphor	meta_L_IFG	kj	KJ	word_label	kj_1	kj_1	1	0.23907232459974853
sub-15	meta_metaphor	meta_L_IFG	kj	KJ	word_label	kj_17	kj_17	17	0.20161788444605597
sub-15	meta_metaphor	meta_L_IFG	kj	KJ	word_label	kj_11	kj_11	11	-0.09324898720433415
sub-15	meta_metaphor	meta_L_IFG	kj	KJ	word_label	kj_37	kj_37	37	-0.01423266777375668
sub-15	meta_metaphor	meta_L_IFG	kj	KJ	word_label	kj_15	kj_15	15	0.42679649222766747
sub-15	meta_metaphor	meta_L_IFG	kj	KJ	word_label	kj_21	kj_21	21	0.3373251868487317
sub-15	meta_metaphor	meta_L_IFG	kj	KJ	word_label	kj_13	kj_13	13	0.24209537372839132
sub-15	meta_metaphor	meta_L_IFG	kj	KJ	word_label	kj_8	kj_8	8	0.5970142228524902
sub-15	meta_metaphor	meta_L_IFG	kj	KJ	word_label	kj_7	kj_7	7	0.16905289368978368
sub-15	meta_metaphor	meta_L_IFG	kj	KJ	word_label	kj_5	kj_5	5	-0.12559513306916872
sub-15	meta_metaphor	meta_L_IFG	kj	KJ	word_label	kj_33	kj_33	33	0.3432413124748635
sub-15	meta_metaphor	meta_L_IFG	kj	KJ	word_label	kj_27	kj_27	27	0.12323167931729641
sub-15	meta_metaphor	meta_L_IFG	kj	KJ	word_label	kj_36	kj_36	36	0.45605855826142044
sub-15	meta_metaphor	meta_L_IFG	kj	KJ	word_label	kj_6	kj_6	6	-0.1436956850310628
sub-15	meta_metaphor	meta_L_IFG	kj	KJ	word_label	kj_30	kj_30	30	0.24324437565175655
sub-15	meta_metaphor	meta_L_IFG	kj	KJ	word_label	kj_34	kj_34	34	0.3938414898731116
sub-15	meta_metaphor	meta_L_IFG	kj	KJ	word_label	kj_23	kj_23	23	0.2892593910921874
sub-15	meta_metaphor	meta_L_IFG	kj	KJ	word_label	kj_12	kj_12	12	0.00787665923942747
sub-15	meta_metaphor	meta_L_IFG	kj	KJ	word_label	kj_20	kj_20	20	-0.07208765690556783
sub-15	meta_metaphor	meta_L_IFG	kj	KJ	word_label	kj_39	kj_39	39	0.28366079880447664
sub-15	meta_metaphor	meta_L_IFG	kj	KJ	word_label	kj_22	kj_22	22	0.09068617931843993
sub-15	meta_metaphor	meta_L_IFG	kj	KJ	word_label	kj_10	kj_10	10	0.38229377630889644
sub-15	meta_metaphor	meta_L_IFG	kj	KJ	word_label	kj_19	kj_19	19	0.2654711994789664
sub-15	meta_metaphor	meta_L_IFG	kj	KJ	word_label	kj_2	kj_2	2	0.2125120042284343
sub-15	meta_metaphor	meta_L_IFG	kj	KJ	word_label	kj_29	kj_29	29	0.22307181627818715
sub-15	meta_metaphor	meta_L_IFG	kj	KJ	word_label	kj_16	kj_16	16	0.40296103956917717
sub-15	meta_metaphor	meta_L_IFG	kj	KJ	word_label	kj_9	kj_9	9	0.4104706221825414
sub-15	meta_metaphor	meta_L_IFG	kj	KJ	word_label	kj_14	kj_14	14	-0.17523114652481656
sub-15	meta_metaphor	meta_L_pMTG_pSTS	yy	YY	word_label	yy_18	yy_18	18	-0.10644265481162593
sub-15	meta_metaphor	meta_L_pMTG_pSTS	yy	YY	word_label	yy_26	yy_26	26	0.2305351387042224
sub-15	meta_metaphor	meta_L_pMTG_pSTS	yy	YY	word_label	yy_5	yy_5	5	0.19854812156189322
sub-15	meta_metaphor	meta_L_pMTG_pSTS	yy	YY	word_label	yy_33	yy_33	33	-0.2648912323534445
sub-15	meta_metaphor	meta_L_pMTG_pSTS	yy	YY	word_label	yy_23	yy_23	23	-0.2936428138218107
sub-15	meta_metaphor	meta_L_pMTG_pSTS	yy	YY	word_label	yy_8	yy_8	8	0.1852832116923735
sub-15	meta_metaphor	meta_L_pMTG_pSTS	yy	YY	word_label	yy_13	yy_13	13	0.026822288921714912
sub-15	meta_metaphor	meta_L_pMTG_pSTS	yy	YY	word_label	yy_15	yy_15	15	0.36440638033286743
sub-15	meta_metaphor	meta_L_pMTG_pSTS	yy	YY	word_label	yy_22	yy_22	22	-0.26697439723055894
sub-15	meta_metaphor	meta_L_pMTG_pSTS	yy	YY	word_label	yy_21	yy_21	21	0.17667979213104137
sub-15	meta_metaphor	meta_L_pMTG_pSTS	yy	YY	word_label	yy_35	yy_35	35	0.30868584131604426
sub-15	meta_metaphor	meta_L_pMTG_pSTS	yy	YY	word_label	yy_10	yy_10	10	-0.017375738599983707
sub-15	meta_metaphor	meta_L_pMTG_pSTS	yy	YY	word_label	yy_37	yy_37	37	-0.07565344383646373
sub-15	meta_metaphor	meta_L_pMTG_pSTS	yy	YY	word_label	yy_28	yy_28	28	-0.2572247395294822
sub-15	meta_metaphor	meta_L_pMTG_pSTS	yy	YY	word_label	yy_16	yy_16	16	0.1157092660385993
sub-15	meta_metaphor	meta_L_pMTG_pSTS	yy	YY	word_label	yy_17	yy_17	17	0.08796325483890292
sub-15	meta_metaphor	meta_L_pMTG_pSTS	yy	YY	word_label	yy_2	yy_2	2	0.2271158991591069
sub-15	meta_metaphor	meta_L_pMTG_pSTS	yy	YY	word_label	yy_32	yy_32	32	0.23221500081027596
sub-15	meta_metaphor	meta_L_pMTG_pSTS	yy	YY	word_label	yy_1	yy_1	1	-0.003199053775671833
sub-15	meta_metaphor	meta_L_pMTG_pSTS	yy	YY	word_label	yy_7	yy_7	7	-0.5076927295236073
sub-15	meta_metaphor	meta_L_pMTG_pSTS	yy	YY	word_label	yy_38	yy_38	38	0.02012653721707201
sub-15	meta_metaphor	meta_L_pMTG_pSTS	yy	YY	word_label	yy_4	yy_4	4	0.09948218205647907
sub-15	meta_metaphor	meta_L_pMTG_pSTS	yy	YY	word_label	yy_11	yy_11	11	0.0334637577066392
sub-15	meta_metaphor	meta_L_pMTG_pSTS	yy	YY	word_label	yy_40	yy_40	40	-0.13827979417030134
sub-15	meta_metaphor	meta_L_pMTG_pSTS	yy	YY	word_label	yy_29	yy_29	29	-0.5402073510810543
sub-15	meta_metaphor	meta_L_pMTG_pSTS	yy	YY	word_label	yy_27	yy_27	27	-0.18309305741335588
sub-15	meta_metaphor	meta_L_pMTG_pSTS	yy	YY	word_label	yy_3	yy_3	3	0.38115811856067894
sub-15	meta_metaphor	meta_L_pMTG_pSTS	yy	YY	word_label	yy_12	yy_12	12	0.6310290965697387
sub-15	meta_metaphor	meta_L_pMTG_pSTS	yy	YY	word_label	yy_19	yy_19	19	-0.08801952069081305
sub-15	meta_metaphor	meta_L_pMTG_pSTS	yy	YY	word_label	yy_9	yy_9	9	-0.08262919999771592
sub-15	meta_metaphor	meta_L_pMTG_pSTS	yy	YY	word_label	yy_24	yy_24	24	0.4536543806055066
sub-15	meta_metaphor	meta_L_pMTG_pSTS	yy	YY	word_label	yy_6	yy_6	6	-0.5115031884031437
sub-15	meta_metaphor	meta_L_pMTG_pSTS	yy	YY	word_label	yy_39	yy_39	39	0.22597896956520758
sub-15	meta_metaphor	meta_L_pMTG_pSTS	yy	YY	word_label	yy_14	yy_14	14	0.36812905789571043
sub-15	meta_metaphor	meta_L_pMTG_pSTS	yy	YY	word_label	yy_36	yy_36	36	-0.2350940163995432
sub-15	meta_metaphor	meta_L_pMTG_pSTS	kj	KJ	word_label	kj_38	kj_38	38	0.19072087678606275
sub-15	meta_metaphor	meta_L_pMTG_pSTS	kj	KJ	word_label	kj_28	kj_28	28	0.1547314252247356
sub-15	meta_metaphor	meta_L_pMTG_pSTS	kj	KJ	word_label	kj_25	kj_25	25	-0.005239029231747777
sub-15	meta_metaphor	meta_L_pMTG_pSTS	kj	KJ	word_label	kj_31	kj_31	31	-0.2525189466541061
sub-15	meta_metaphor	meta_L_pMTG_pSTS	kj	KJ	word_label	kj_3	kj_3	3	0.5479687981110979
sub-15	meta_metaphor	meta_L_pMTG_pSTS	kj	KJ	word_label	kj_26	kj_26	26	-0.37803707880187476
sub-15	meta_metaphor	meta_L_pMTG_pSTS	kj	KJ	word_label	kj_24	kj_24	24	0.3067361909869109
sub-15	meta_metaphor	meta_L_pMTG_pSTS	kj	KJ	word_label	kj_1	kj_1	1	0.0779401073148808
sub-15	meta_metaphor	meta_L_pMTG_pSTS	kj	KJ	word_label	kj_17	kj_17	17	0.17690397781525014
sub-15	meta_metaphor	meta_L_pMTG_pSTS	kj	KJ	word_label	kj_11	kj_11	11	-0.4556621918265875
sub-15	meta_metaphor	meta_L_pMTG_pSTS	kj	KJ	word_label	kj_37	kj_37	37	0.14824361266142191
sub-15	meta_metaphor	meta_L_pMTG_pSTS	kj	KJ	word_label	kj_15	kj_15	15	0.08400141869521399
sub-15	meta_metaphor	meta_L_pMTG_pSTS	kj	KJ	word_label	kj_21	kj_21	21	0.2534167152379869
sub-15	meta_metaphor	meta_L_pMTG_pSTS	kj	KJ	word_label	kj_13	kj_13	13	-0.09693626184855463
sub-15	meta_metaphor	meta_L_pMTG_pSTS	kj	KJ	word_label	kj_8	kj_8	8	-0.04841094243076964
sub-15	meta_metaphor	meta_L_pMTG_pSTS	kj	KJ	word_label	kj_7	kj_7	7	0.07618987670227154
sub-15	meta_metaphor	meta_L_pMTG_pSTS	kj	KJ	word_label	kj_5	kj_5	5	-0.17051914067806453
sub-15	meta_metaphor	meta_L_pMTG_pSTS	kj	KJ	word_label	kj_33	kj_33	33	0.6719159662269895
sub-15	meta_metaphor	meta_L_pMTG_pSTS	kj	KJ	word_label	kj_27	kj_27	27	0.12585873688300706
sub-15	meta_metaphor	meta_L_pMTG_pSTS	kj	KJ	word_label	kj_36	kj_36	36	0.08495832799315176
sub-15	meta_metaphor	meta_L_pMTG_pSTS	kj	KJ	word_label	kj_6	kj_6	6	-0.4111317328484858
sub-15	meta_metaphor	meta_L_pMTG_pSTS	kj	KJ	word_label	kj_30	kj_30	30	-0.04258155875002688
sub-15	meta_metaphor	meta_L_pMTG_pSTS	kj	KJ	word_label	kj_34	kj_34	34	-0.048603994331750805
sub-15	meta_metaphor	meta_L_pMTG_pSTS	kj	KJ	word_label	kj_23	kj_23	23	0.033392712905008906
sub-15	meta_metaphor	meta_L_pMTG_pSTS	kj	KJ	word_label	kj_12	kj_12	12	-0.5503985206367785
sub-15	meta_metaphor	meta_L_pMTG_pSTS	kj	KJ	word_label	kj_20	kj_20	20	0.13668873913370855
sub-15	meta_metaphor	meta_L_pMTG_pSTS	kj	KJ	word_label	kj_39	kj_39	39	-0.23710001143890733
sub-15	meta_metaphor	meta_L_pMTG_pSTS	kj	KJ	word_label	kj_22	kj_22	22	0.11105984344909478
sub-15	meta_metaphor	meta_L_pMTG_pSTS	kj	KJ	word_label	kj_10	kj_10	10	0.009670570395832929
sub-15	meta_metaphor	meta_L_pMTG_pSTS	kj	KJ	word_label	kj_19	kj_19	19	0.0919027357512785
sub-15	meta_metaphor	meta_L_pMTG_pSTS	kj	KJ	word_label	kj_2	kj_2	2	0.06192991831097919
sub-15	meta_metaphor	meta_L_pMTG_pSTS	kj	KJ	word_label	kj_29	kj_29	29	-0.10740786511043003
sub-15	meta_metaphor	meta_L_pMTG_pSTS	kj	KJ	word_label	kj_16	kj_16	16	-0.386396909786185
sub-15	meta_metaphor	meta_L_pMTG_pSTS	kj	KJ	word_label	kj_9	kj_9	9	0.44768540902796483
sub-15	meta_metaphor	meta_L_pMTG_pSTS	kj	KJ	word_label	kj_14	kj_14	14	0.40905065205113544
sub-15	meta_metaphor	meta_L_temporal_pole	yy	YY	word_label	yy_18	yy_18	18	-0.3686726062640693
sub-15	meta_metaphor	meta_L_temporal_pole	yy	YY	word_label	yy_26	yy_26	26	0.5660364380000757
sub-15	meta_metaphor	meta_L_temporal_pole	yy	YY	word_label	yy_5	yy_5	5	-0.013190751022522805
sub-15	meta_metaphor	meta_L_temporal_pole	yy	YY	word_label	yy_33	yy_33	33	0.6199104005805166
sub-15	meta_metaphor	meta_L_temporal_pole	yy	YY	word_label	yy_23	yy_23	23	0.3801989107737362
sub-15	meta_metaphor	meta_L_temporal_pole	yy	YY	word_label	yy_8	yy_8	8	0.8385532015143039
sub-15	meta_metaphor	meta_L_temporal_pole	yy	YY	word_label	yy_13	yy_13	13	0.4729398440620759
sub-15	meta_metaphor	meta_L_temporal_pole	yy	YY	word_label	yy_15	yy_15	15	-0.36134280318880774
sub-15	meta_metaphor	meta_L_temporal_pole	yy	YY	word_label	yy_22	yy_22	22	0.6818840507888551
sub-15	meta_metaphor	meta_L_temporal_pole	yy	YY	word_label	yy_21	yy_21	21	0.09068711047165787
sub-15	meta_metaphor	meta_L_temporal_pole	yy	YY	word_label	yy_35	yy_35	35	0.26345233833751824
sub-15	meta_metaphor	meta_L_temporal_pole	yy	YY	word_label	yy_10	yy_10	10	-0.08573045773889068
sub-15	meta_metaphor	meta_L_temporal_pole	yy	YY	word_label	yy_37	yy_37	37	-0.07505960538599153
sub-15	meta_metaphor	meta_L_temporal_pole	yy	YY	word_label	yy_28	yy_28	28	0.25008059295713503
sub-15	meta_metaphor	meta_L_temporal_pole	yy	YY	word_label	yy_16	yy_16	16	-0.14773798545535144
sub-15	meta_metaphor	meta_L_temporal_pole	yy	YY	word_label	yy_17	yy_17	17	0.0829476918619874
sub-15	meta_metaphor	meta_L_temporal_pole	yy	YY	word_label	yy_2	yy_2	2	0.3178241578019823
sub-15	meta_metaphor	meta_L_temporal_pole	yy	YY	word_label	yy_32	yy_32	32	-0.3895890753560083
sub-15	meta_metaphor	meta_L_temporal_pole	yy	YY	word_label	yy_1	yy_1	1	-0.07813984261076268
sub-15	meta_metaphor	meta_L_temporal_pole	yy	YY	word_label	yy_7	yy_7	7	0.031566532994679264
sub-15	meta_metaphor	meta_L_temporal_pole	yy	YY	word_label	yy_38	yy_38	38	0.28020626018981154
sub-15	meta_metaphor	meta_L_temporal_pole	yy	YY	word_label	yy_4	yy_4	4	0.028644601857870607
sub-15	meta_metaphor	meta_L_temporal_pole	yy	YY	word_label	yy_11	yy_11	11	0.16372417765342534
sub-15	meta_metaphor	meta_L_temporal_pole	yy	YY	word_label	yy_40	yy_40	40	-0.1655685295550461
sub-15	meta_metaphor	meta_L_temporal_pole	yy	YY	word_label	yy_29	yy_29	29	0.39675332225127413
sub-15	meta_metaphor	meta_L_temporal_pole	yy	YY	word_label	yy_27	yy_27	27	0.39984827438887566
sub-15	meta_metaphor	meta_L_temporal_pole	yy	YY	word_label	yy_3	yy_3	3	0.008404954056900369
sub-15	meta_metaphor	meta_L_temporal_pole	yy	YY	word_label	yy_12	yy_12	12	-0.06417806765463863
sub-15	meta_metaphor	meta_L_temporal_pole	yy	YY	word_label	yy_19	yy_19	19	0.07664724808777156
sub-15	meta_metaphor	meta_L_temporal_pole	yy	YY	word_label	yy_9	yy_9	9	0.042154875152703664
sub-15	meta_metaphor	meta_L_temporal_pole	yy	YY	word_label	yy_24	yy_24	24	0.16203809572172295
sub-15	meta_metaphor	meta_L_temporal_pole	yy	YY	word_label	yy_6	yy_6	6	-0.3694570860414429
sub-15	meta_metaphor	meta_L_temporal_pole	yy	YY	word_label	yy_39	yy_39	39	0.20512085963387997
sub-15	meta_metaphor	meta_L_temporal_pole	yy	YY	word_label	yy_14	yy_14	14	-0.1230992433826492
sub-15	meta_metaphor	meta_L_temporal_pole	yy	YY	word_label	yy_36	yy_36	36	-0.001825286402315377
sub-15	meta_metaphor	meta_L_temporal_pole	kj	KJ	word_label	kj_38	kj_38	38	0.5283596696057293
sub-15	meta_metaphor	meta_L_temporal_pole	kj	KJ	word_label	kj_28	kj_28	28	0.32907041750477944
sub-15	meta_metaphor	meta_L_temporal_pole	kj	KJ	word_label	kj_25	kj_25	25	0.23720515750143348
sub-15	meta_metaphor	meta_L_temporal_pole	kj	KJ	word_label	kj_31	kj_31	31	-0.12046473834016937
sub-15	meta_metaphor	meta_L_temporal_pole	kj	KJ	word_label	kj_3	kj_3	3	0.07433924959128886
sub-15	meta_metaphor	meta_L_temporal_pole	kj	KJ	word_label	kj_26	kj_26	26	0.11085933406309537
sub-15	meta_metaphor	meta_L_temporal_pole	kj	KJ	word_label	kj_24	kj_24	24	0.537214185463127
sub-15	meta_metaphor	meta_L_temporal_pole	kj	KJ	word_label	kj_1	kj_1	1	0.16028643079694901
sub-15	meta_metaphor	meta_L_temporal_pole	kj	KJ	word_label	kj_17	kj_17	17	-0.7298562656784167
sub-15	meta_metaphor	meta_L_temporal_pole	kj	KJ	word_label	kj_11	kj_11	11	0.29429477977105906
sub-15	meta_metaphor	meta_L_temporal_pole	kj	KJ	word_label	kj_37	kj_37	37	0.15411331140769918
sub-15	meta_metaphor	meta_L_temporal_pole	kj	KJ	word_label	kj_15	kj_15	15	0.07336261397738689
sub-15	meta_metaphor	meta_L_temporal_pole	kj	KJ	word_label	kj_21	kj_21	21	-0.14631287366092352
sub-15	meta_metaphor	meta_L_temporal_pole	kj	KJ	word_label	kj_13	kj_13	13	-0.5927866806707895
sub-15	meta_metaphor	meta_L_temporal_pole	kj	KJ	word_label	kj_8	kj_8	8	-0.2944212354375202
sub-15	meta_metaphor	meta_L_temporal_pole	kj	KJ	word_label	kj_7	kj_7	7	0.27410114030613963
sub-15	meta_metaphor	meta_L_temporal_pole	kj	KJ	word_label	kj_5	kj_5	5	0.10750150537777238
sub-15	meta_metaphor	meta_L_temporal_pole	kj	KJ	word_label	kj_33	kj_33	33	0.26100418976484063
sub-15	meta_metaphor	meta_L_temporal_pole	kj	KJ	word_label	kj_27	kj_27	27	0.3118333670019085
sub-15	meta_metaphor	meta_L_temporal_pole	kj	KJ	word_label	kj_36	kj_36	36	0.11431739615298424
sub-15	meta_metaphor	meta_L_temporal_pole	kj	KJ	word_label	kj_6	kj_6	6	-0.1193160627163824
sub-15	meta_metaphor	meta_L_temporal_pole	kj	KJ	word_label	kj_30	kj_30	30	0.06833994028253214
sub-15	meta_metaphor	meta_L_temporal_pole	kj	KJ	word_label	kj_34	kj_34	34	0.3344261810634442
sub-15	meta_metaphor	meta_L_temporal_pole	kj	KJ	word_label	kj_23	kj_23	23	0.4170234539574414
sub-15	meta_metaphor	meta_L_temporal_pole	kj	KJ	word_label	kj_12	kj_12	12	0.0712401391021041
sub-15	meta_metaphor	meta_L_temporal_pole	kj	KJ	word_label	kj_20	kj_20	20	0.08184437103840027
sub-15	meta_metaphor	meta_L_temporal_pole	kj	KJ	word_label	kj_39	kj_39	39	0.12596114872746939
sub-15	meta_metaphor	meta_L_temporal_pole	kj	KJ	word_label	kj_22	kj_22	22	0.03587854007900481
sub-15	meta_metaphor	meta_L_temporal_pole	kj	KJ	word_label	kj_10	kj_10	10	0.20377997605722822
sub-15	meta_metaphor	meta_L_temporal_pole	kj	KJ	word_label	kj_19	kj_19	19	0.30755480801581875
sub-15	meta_metaphor	meta_L_temporal_pole	kj	KJ	word_label	kj_2	kj_2	2	0.42923987586728074
sub-15	meta_metaphor	meta_L_temporal_pole	kj	KJ	word_label	kj_29	kj_29	29	0.06361445946220358
sub-15	meta_metaphor	meta_L_temporal_pole	kj	KJ	word_label	kj_16	kj_16	16	0.06310061473377342
sub-15	meta_metaphor	meta_L_temporal_pole	kj	KJ	word_label	kj_9	kj_9	9	0.2238427401790124
sub-15	meta_metaphor	meta_L_temporal_pole	kj	KJ	word_label	kj_14	kj_14	14	0.09274347166602212
sub-15	meta_metaphor	meta_R_AG	yy	YY	word_label	yy_18	yy_18	18	0.52411710818132
sub-15	meta_metaphor	meta_R_AG	yy	YY	word_label	yy_26	yy_26	26	0.28512206910649607
sub-15	meta_metaphor	meta_R_AG	yy	YY	word_label	yy_5	yy_5	5	0.539642199228773
sub-15	meta_metaphor	meta_R_AG	yy	YY	word_label	yy_33	yy_33	33	0.10268509592271882
sub-15	meta_metaphor	meta_R_AG	yy	YY	word_label	yy_23	yy_23	23	-0.7729186871363971
sub-15	meta_metaphor	meta_R_AG	yy	YY	word_label	yy_8	yy_8	8	-0.32550193386514575
sub-15	meta_metaphor	meta_R_AG	yy	YY	word_label	yy_13	yy_13	13	0.03237283419166627
sub-15	meta_metaphor	meta_R_AG	yy	YY	word_label	yy_15	yy_15	15	-0.13821287363088783
sub-15	meta_metaphor	meta_R_AG	yy	YY	word_label	yy_22	yy_22	22	-0.42907155377598255
sub-15	meta_metaphor	meta_R_AG	yy	YY	word_label	yy_21	yy_21	21	-0.07996141012738624
sub-15	meta_metaphor	meta_R_AG	yy	YY	word_label	yy_35	yy_35	35	0.28255734698130386
sub-15	meta_metaphor	meta_R_AG	yy	YY	word_label	yy_10	yy_10	10	0.2840157075444707
sub-15	meta_metaphor	meta_R_AG	yy	YY	word_label	yy_37	yy_37	37	-0.6806628071070177
sub-15	meta_metaphor	meta_R_AG	yy	YY	word_label	yy_28	yy_28	28	0.0661218282994104
sub-15	meta_metaphor	meta_R_AG	yy	YY	word_label	yy_16	yy_16	16	-0.5273944215085018
sub-15	meta_metaphor	meta_R_AG	yy	YY	word_label	yy_17	yy_17	17	0.38744729663544675
sub-15	meta_metaphor	meta_R_AG	yy	YY	word_label	yy_2	yy_2	2	-0.4937984530364422
sub-15	meta_metaphor	meta_R_AG	yy	YY	word_label	yy_32	yy_32	32	0.30698170106979145
sub-15	meta_metaphor	meta_R_AG	yy	YY	word_label	yy_1	yy_1	1	0.3297411579662583
sub-15	meta_metaphor	meta_R_AG	yy	YY	word_label	yy_7	yy_7	7	-0.5876769709227969
sub-15	meta_metaphor	meta_R_AG	yy	YY	word_label	yy_38	yy_38	38	0.6388177290590312
sub-15	meta_metaphor	meta_R_AG	yy	YY	word_label	yy_4	yy_4	4	-0.7786277877908937
sub-15	meta_metaphor	meta_R_AG	yy	YY	word_label	yy_11	yy_11	11	-0.06337116465442226
sub-15	meta_metaphor	meta_R_AG	yy	YY	word_label	yy_40	yy_40	40	-0.3010214949957764
sub-15	meta_metaphor	meta_R_AG	yy	YY	word_label	yy_29	yy_29	29	0.31267755669308195
sub-15	meta_metaphor	meta_R_AG	yy	YY	word_label	yy_27	yy_27	27	-0.20822126299485386
sub-15	meta_metaphor	meta_R_AG	yy	YY	word_label	yy_3	yy_3	3	-0.2558327534632442
sub-15	meta_metaphor	meta_R_AG	yy	YY	word_label	yy_12	yy_12	12	0.759389339144541
sub-15	meta_metaphor	meta_R_AG	yy	YY	word_label	yy_19	yy_19	19	-0.8029581088702601
sub-15	meta_metaphor	meta_R_AG	yy	YY	word_label	yy_9	yy_9	9	0.6222590701925018
sub-15	meta_metaphor	meta_R_AG	yy	YY	word_label	yy_24	yy_24	24	0.239154758999992
sub-15	meta_metaphor	meta_R_AG	yy	YY	word_label	yy_6	yy_6	6	-0.22404499641760411
sub-15	meta_metaphor	meta_R_AG	yy	YY	word_label	yy_39	yy_39	39	0.6110414656752133
sub-15	meta_metaphor	meta_R_AG	yy	YY	word_label	yy_14	yy_14	14	0.16511776313387563
sub-15	meta_metaphor	meta_R_AG	yy	YY	word_label	yy_36	yy_36	36	-0.3231958378675844
sub-15	meta_metaphor	meta_R_AG	kj	KJ	word_label	kj_38	kj_38	38	-0.0426532621538153
sub-15	meta_metaphor	meta_R_AG	kj	KJ	word_label	kj_28	kj_28	28	-0.448978353199132
sub-15	meta_metaphor	meta_R_AG	kj	KJ	word_label	kj_25	kj_25	25	-0.4459517484373032
sub-15	meta_metaphor	meta_R_AG	kj	KJ	word_label	kj_31	kj_31	31	0.031540974593915506
sub-15	meta_metaphor	meta_R_AG	kj	KJ	word_label	kj_3	kj_3	3	-0.09732969271588293
sub-15	meta_metaphor	meta_R_AG	kj	KJ	word_label	kj_26	kj_26	26	-0.22471124844709836
sub-15	meta_metaphor	meta_R_AG	kj	KJ	word_label	kj_24	kj_24	24	-0.519556609387958
sub-15	meta_metaphor	meta_R_AG	kj	KJ	word_label	kj_1	kj_1	1	0.5624524795352324
sub-15	meta_metaphor	meta_R_AG	kj	KJ	word_label	kj_17	kj_17	17	-0.4966967509376238
sub-15	meta_metaphor	meta_R_AG	kj	KJ	word_label	kj_11	kj_11	11	-0.3513880504985892
sub-15	meta_metaphor	meta_R_AG	kj	KJ	word_label	kj_37	kj_37	37	0.6489185405165615
sub-15	meta_metaphor	meta_R_AG	kj	KJ	word_label	kj_15	kj_15	15	-0.3183102429757349
sub-15	meta_metaphor	meta_R_AG	kj	KJ	word_label	kj_21	kj_21	21	0.03709516307114914
sub-15	meta_metaphor	meta_R_AG	kj	KJ	word_label	kj_13	kj_13	13	-0.206563350388255
sub-15	meta_metaphor	meta_R_AG	kj	KJ	word_label	kj_8	kj_8	8	0.6453922970457671
sub-15	meta_metaphor	meta_R_AG	kj	KJ	word_label	kj_7	kj_7	7	0.3675022751974437
sub-15	meta_metaphor	meta_R_AG	kj	KJ	word_label	kj_5	kj_5	5	0.46881381294781616
sub-15	meta_metaphor	meta_R_AG	kj	KJ	word_label	kj_33	kj_33	33	-0.15991588994953276
sub-15	meta_metaphor	meta_R_AG	kj	KJ	word_label	kj_27	kj_27	27	0.3933281063848263
sub-15	meta_metaphor	meta_R_AG	kj	KJ	word_label	kj_36	kj_36	36	0.42505927983896225
sub-15	meta_metaphor	meta_R_AG	kj	KJ	word_label	kj_6	kj_6	6	-0.1044311556488812
sub-15	meta_metaphor	meta_R_AG	kj	KJ	word_label	kj_30	kj_30	30	-0.019219416801653042
sub-15	meta_metaphor	meta_R_AG	kj	KJ	word_label	kj_34	kj_34	34	-0.57764506270657
sub-15	meta_metaphor	meta_R_AG	kj	KJ	word_label	kj_23	kj_23	23	0.01745556961413773
sub-15	meta_metaphor	meta_R_AG	kj	KJ	word_label	kj_12	kj_12	12	-0.3913581922171356
sub-15	meta_metaphor	meta_R_AG	kj	KJ	word_label	kj_20	kj_20	20	0.33626041815680374
sub-15	meta_metaphor	meta_R_AG	kj	KJ	word_label	kj_39	kj_39	39	0.2915759082575647
sub-15	meta_metaphor	meta_R_AG	kj	KJ	word_label	kj_22	kj_22	22	-0.5670424375863083
sub-15	meta_metaphor	meta_R_AG	kj	KJ	word_label	kj_10	kj_10	10	-0.32999836317283393
sub-15	meta_metaphor	meta_R_AG	kj	KJ	word_label	kj_19	kj_19	19	-0.15570723382647134
sub-15	meta_metaphor	meta_R_AG	kj	KJ	word_label	kj_2	kj_2	2	0.4371465575055563
sub-15	meta_metaphor	meta_R_AG	kj	KJ	word_label	kj_29	kj_29	29	-0.08596555992962995
sub-15	meta_metaphor	meta_R_AG	kj	KJ	word_label	kj_16	kj_16	16	-0.09974125985541257
sub-15	meta_metaphor	meta_R_AG	kj	KJ	word_label	kj_9	kj_9	9	-0.42183464438902946
sub-15	meta_metaphor	meta_R_AG	kj	KJ	word_label	kj_14	kj_14	14	0.23382709688142286
sub-15	meta_metaphor	meta_R_IFG	yy	YY	word_label	yy_18	yy_18	18	-0.42978818550086406
sub-15	meta_metaphor	meta_R_IFG	yy	YY	word_label	yy_26	yy_26	26	0.3647568700718413
sub-15	meta_metaphor	meta_R_IFG	yy	YY	word_label	yy_5	yy_5	5	0.10197696646379693
sub-15	meta_metaphor	meta_R_IFG	yy	YY	word_label	yy_33	yy_33	33	-0.1397651648028174
sub-15	meta_metaphor	meta_R_IFG	yy	YY	word_label	yy_23	yy_23	23	-0.05066621551686743
sub-15	meta_metaphor	meta_R_IFG	yy	YY	word_label	yy_8	yy_8	8	0.4003390379117501
sub-15	meta_metaphor	meta_R_IFG	yy	YY	word_label	yy_13	yy_13	13	0.17969809977181192
sub-15	meta_metaphor	meta_R_IFG	yy	YY	word_label	yy_15	yy_15	15	0.0933030135393186
sub-15	meta_metaphor	meta_R_IFG	yy	YY	word_label	yy_22	yy_22	22	-0.4762879138111333
sub-15	meta_metaphor	meta_R_IFG	yy	YY	word_label	yy_21	yy_21	21	-0.186204379985511
sub-15	meta_metaphor	meta_R_IFG	yy	YY	word_label	yy_35	yy_35	35	-0.5574886160882961
sub-15	meta_metaphor	meta_R_IFG	yy	YY	word_label	yy_10	yy_10	10	0.02539009351831364
sub-15	meta_metaphor	meta_R_IFG	yy	YY	word_label	yy_37	yy_37	37	-0.35130820989961026
sub-15	meta_metaphor	meta_R_IFG	yy	YY	word_label	yy_28	yy_28	28	0.1872998037196849
sub-15	meta_metaphor	meta_R_IFG	yy	YY	word_label	yy_16	yy_16	16	5.42587349903111e-05
sub-15	meta_metaphor	meta_R_IFG	yy	YY	word_label	yy_17	yy_17	17	-0.3174587167705278
sub-15	meta_metaphor	meta_R_IFG	yy	YY	word_label	yy_2	yy_2	2	-0.0048767815744310385
sub-15	meta_metaphor	meta_R_IFG	yy	YY	word_label	yy_32	yy_32	32	0.1727837781080586
sub-15	meta_metaphor	meta_R_IFG	yy	YY	word_label	yy_1	yy_1	1	0.3384032450793925
sub-15	meta_metaphor	meta_R_IFG	yy	YY	word_label	yy_7	yy_7	7	-0.2638995235484228
sub-15	meta_metaphor	meta_R_IFG	yy	YY	word_label	yy_38	yy_38	38	0.25764935730693383
sub-15	meta_metaphor	meta_R_IFG	yy	YY	word_label	yy_4	yy_4	4	0.5858333913025212
sub-15	meta_metaphor	meta_R_IFG	yy	YY	word_label	yy_11	yy_11	11	0.05434997103421468
sub-15	meta_metaphor	meta_R_IFG	yy	YY	word_label	yy_40	yy_40	40	-0.4299961496707327
sub-15	meta_metaphor	meta_R_IFG	yy	YY	word_label	yy_29	yy_29	29	0.45775507110654795
sub-15	meta_metaphor	meta_R_IFG	yy	YY	word_label	yy_27	yy_27	27	-0.24788015914485093
sub-15	meta_metaphor	meta_R_IFG	yy	YY	word_label	yy_3	yy_3	3	0.115736635625926
sub-15	meta_metaphor	meta_R_IFG	yy	YY	word_label	yy_12	yy_12	12	0.28206011305908424
sub-15	meta_metaphor	meta_R_IFG	yy	YY	word_label	yy_19	yy_19	19	-0.05668539241617542
sub-15	meta_metaphor	meta_R_IFG	yy	YY	word_label	yy_9	yy_9	9	0.800336975489127
sub-15	meta_metaphor	meta_R_IFG	yy	YY	word_label	yy_24	yy_24	24	0.3287693395632356
sub-15	meta_metaphor	meta_R_IFG	yy	YY	word_label	yy_6	yy_6	6	0.3281246481730816
sub-15	meta_metaphor	meta_R_IFG	yy	YY	word_label	yy_39	yy_39	39	0.28980797312910306
sub-15	meta_metaphor	meta_R_IFG	yy	YY	word_label	yy_14	yy_14	14	0.2078953232668695
sub-15	meta_metaphor	meta_R_IFG	yy	YY	word_label	yy_36	yy_36	36	0.7338012574046402
sub-15	meta_metaphor	meta_R_IFG	kj	KJ	word_label	kj_38	kj_38	38	-0.23094024812443217
sub-15	meta_metaphor	meta_R_IFG	kj	KJ	word_label	kj_28	kj_28	28	-0.23023013350630134
sub-15	meta_metaphor	meta_R_IFG	kj	KJ	word_label	kj_25	kj_25	25	-0.31426571248090346
sub-15	meta_metaphor	meta_R_IFG	kj	KJ	word_label	kj_31	kj_31	31	0.5514816620016075
sub-15	meta_metaphor	meta_R_IFG	kj	KJ	word_label	kj_3	kj_3	3	0.1841835838492014
sub-15	meta_metaphor	meta_R_IFG	kj	KJ	word_label	kj_26	kj_26	26	0.6128100868189236
sub-15	meta_metaphor	meta_R_IFG	kj	KJ	word_label	kj_24	kj_24	24	0.6530260782024637
sub-15	meta_metaphor	meta_R_IFG	kj	KJ	word_label	kj_1	kj_1	1	0.25827419808913815
sub-15	meta_metaphor	meta_R_IFG	kj	KJ	word_label	kj_17	kj_17	17	0.10494188096489042
sub-15	meta_metaphor	meta_R_IFG	kj	KJ	word_label	kj_11	kj_11	11	-0.4377953354106221
sub-15	meta_metaphor	meta_R_IFG	kj	KJ	word_label	kj_37	kj_37	37	0.5416340173604236
sub-15	meta_metaphor	meta_R_IFG	kj	KJ	word_label	kj_15	kj_15	15	0.06904074811959074
sub-15	meta_metaphor	meta_R_IFG	kj	KJ	word_label	kj_21	kj_21	21	0.025757688892720478
sub-15	meta_metaphor	meta_R_IFG	kj	KJ	word_label	kj_13	kj_13	13	0.09966215988528432
sub-15	meta_metaphor	meta_R_IFG	kj	KJ	word_label	kj_8	kj_8	8	0.08547390944365045
sub-15	meta_metaphor	meta_R_IFG	kj	KJ	word_label	kj_7	kj_7	7	-0.41055623781915035
sub-15	meta_metaphor	meta_R_IFG	kj	KJ	word_label	kj_5	kj_5	5	0.023967921572099038
sub-15	meta_metaphor	meta_R_IFG	kj	KJ	word_label	kj_33	kj_33	33	0.1303107229707321
sub-15	meta_metaphor	meta_R_IFG	kj	KJ	word_label	kj_27	kj_27	27	-0.19690814158963943
sub-15	meta_metaphor	meta_R_IFG	kj	KJ	word_label	kj_36	kj_36	36	0.11841451674381859
sub-15	meta_metaphor	meta_R_IFG	kj	KJ	word_label	kj_6	kj_6	6	0.37384362834793305
sub-15	meta_metaphor	meta_R_IFG	kj	KJ	word_label	kj_30	kj_30	30	0.1409429398468103
sub-15	meta_metaphor	meta_R_IFG	kj	KJ	word_label	kj_34	kj_34	34	-0.2976480438100481
sub-15	meta_metaphor	meta_R_IFG	kj	KJ	word_label	kj_23	kj_23	23	0.2904331113964717
sub-15	meta_metaphor	meta_R_IFG	kj	KJ	word_label	kj_12	kj_12	12	0.5264529233958665
sub-15	meta_metaphor	meta_R_IFG	kj	KJ	word_label	kj_20	kj_20	20	0.5037549763479563
sub-15	meta_metaphor	meta_R_IFG	kj	KJ	word_label	kj_39	kj_39	39	-0.43115979725698156
sub-15	meta_metaphor	meta_R_IFG	kj	KJ	word_label	kj_22	kj_22	22	-0.19378103449972778
sub-15	meta_metaphor	meta_R_IFG	kj	KJ	word_label	kj_10	kj_10	10	0.18068663890070946
sub-15	meta_metaphor	meta_R_IFG	kj	KJ	word_label	kj_19	kj_19	19	0.07472119128205738
sub-15	meta_metaphor	meta_R_IFG	kj	KJ	word_label	kj_2	kj_2	2	0.3666731113653075
sub-15	meta_metaphor	meta_R_IFG	kj	KJ	word_label	kj_29	kj_29	29	-0.21805098413478594
sub-15	meta_metaphor	meta_R_IFG	kj	KJ	word_label	kj_16	kj_16	16	0.09877080356398364
sub-15	meta_metaphor	meta_R_IFG	kj	KJ	word_label	kj_9	kj_9	9	-0.6342233465001067
sub-15	meta_metaphor	meta_R_IFG	kj	KJ	word_label	kj_14	kj_14	14	0.1438251649548823
sub-15	meta_metaphor	meta_R_pMTG_pSTS	yy	YY	word_label	yy_18	yy_18	18	0.30747544939607974
sub-15	meta_metaphor	meta_R_pMTG_pSTS	yy	YY	word_label	yy_26	yy_26	26	0.09143621782285044
sub-15	meta_metaphor	meta_R_pMTG_pSTS	yy	YY	word_label	yy_5	yy_5	5	-0.15829587809097867
sub-15	meta_metaphor	meta_R_pMTG_pSTS	yy	YY	word_label	yy_33	yy_33	33	-0.6793184485997544
sub-15	meta_metaphor	meta_R_pMTG_pSTS	yy	YY	word_label	yy_23	yy_23	23	0.6018292037564024
sub-15	meta_metaphor	meta_R_pMTG_pSTS	yy	YY	word_label	yy_8	yy_8	8	0.002861260976806518
sub-15	meta_metaphor	meta_R_pMTG_pSTS	yy	YY	word_label	yy_13	yy_13	13	-0.11786255581574487
sub-15	meta_metaphor	meta_R_pMTG_pSTS	yy	YY	word_label	yy_15	yy_15	15	-0.24668577880635156
sub-15	meta_metaphor	meta_R_pMTG_pSTS	yy	YY	word_label	yy_22	yy_22	22	-0.23689773972110345
sub-15	meta_metaphor	meta_R_pMTG_pSTS	yy	YY	word_label	yy_21	yy_21	21	0.5208881374745109
sub-15	meta_metaphor	meta_R_pMTG_pSTS	yy	YY	word_label	yy_35	yy_35	35	-0.03448875243358436
sub-15	meta_metaphor	meta_R_pMTG_pSTS	yy	YY	word_label	yy_10	yy_10	10	0.5278259499789293
sub-15	meta_metaphor	meta_R_pMTG_pSTS	yy	YY	word_label	yy_37	yy_37	37	-0.7370721365575384
sub-15	meta_metaphor	meta_R_pMTG_pSTS	yy	YY	word_label	yy_28	yy_28	28	0.8097959541895517
sub-15	meta_metaphor	meta_R_pMTG_pSTS	yy	YY	word_label	yy_16	yy_16	16	-0.8861108344835753
sub-15	meta_metaphor	meta_R_pMTG_pSTS	yy	YY	word_label	yy_17	yy_17	17	0.6125902788289709
sub-15	meta_metaphor	meta_R_pMTG_pSTS	yy	YY	word_label	yy_2	yy_2	2	-0.04879359271971683
sub-15	meta_metaphor	meta_R_pMTG_pSTS	yy	YY	word_label	yy_32	yy_32	32	-0.027745625155334193
sub-15	meta_metaphor	meta_R_pMTG_pSTS	yy	YY	word_label	yy_1	yy_1	1	0.07103304403894144
sub-15	meta_metaphor	meta_R_pMTG_pSTS	yy	YY	word_label	yy_7	yy_7	7	-0.47574677538083554
sub-15	meta_metaphor	meta_R_pMTG_pSTS	yy	YY	word_label	yy_38	yy_38	38	-0.008071823263173943
sub-15	meta_metaphor	meta_R_pMTG_pSTS	yy	YY	word_label	yy_4	yy_4	4	-0.5276299752767697
sub-15	meta_metaphor	meta_R_pMTG_pSTS	yy	YY	word_label	yy_11	yy_11	11	-0.06216912348835082
sub-15	meta_metaphor	meta_R_pMTG_pSTS	yy	YY	word_label	yy_40	yy_40	40	-0.5819561577250452
sub-15	meta_metaphor	meta_R_pMTG_pSTS	yy	YY	word_label	yy_29	yy_29	29	0.32694947769365995
sub-15	meta_metaphor	meta_R_pMTG_pSTS	yy	YY	word_label	yy_27	yy_27	27	0.21987428815995214
sub-15	meta_metaphor	meta_R_pMTG_pSTS	yy	YY	word_label	yy_3	yy_3	3	-0.55956084392624
sub-15	meta_metaphor	meta_R_pMTG_pSTS	yy	YY	word_label	yy_12	yy_12	12	0.45069316971389267
sub-15	meta_metaphor	meta_R_pMTG_pSTS	yy	YY	word_label	yy_19	yy_19	19	-0.31618905789246243
sub-15	meta_metaphor	meta_R_pMTG_pSTS	yy	YY	word_label	yy_9	yy_9	9	-0.11003435929116907
sub-15	meta_metaphor	meta_R_pMTG_pSTS	yy	YY	word_label	yy_24	yy_24	24	0.2875987822600531
sub-15	meta_metaphor	meta_R_pMTG_pSTS	yy	YY	word_label	yy_6	yy_6	6	-0.6552809961215137
sub-15	meta_metaphor	meta_R_pMTG_pSTS	yy	YY	word_label	yy_39	yy_39	39	-0.25538237372441636
sub-15	meta_metaphor	meta_R_pMTG_pSTS	yy	YY	word_label	yy_14	yy_14	14	0.43959249349953
sub-15	meta_metaphor	meta_R_pMTG_pSTS	yy	YY	word_label	yy_36	yy_36	36	0.27464535332038154
sub-15	meta_metaphor	meta_R_pMTG_pSTS	kj	KJ	word_label	kj_38	kj_38	38	-0.8439149547096121
sub-15	meta_metaphor	meta_R_pMTG_pSTS	kj	KJ	word_label	kj_28	kj_28	28	-0.10906835904269406
sub-15	meta_metaphor	meta_R_pMTG_pSTS	kj	KJ	word_label	kj_25	kj_25	25	0.2906855849649705
sub-15	meta_metaphor	meta_R_pMTG_pSTS	kj	KJ	word_label	kj_31	kj_31	31	-0.760965164092643
sub-15	meta_metaphor	meta_R_pMTG_pSTS	kj	KJ	word_label	kj_3	kj_3	3	0.03086033845967297
sub-15	meta_metaphor	meta_R_pMTG_pSTS	kj	KJ	word_label	kj_26	kj_26	26	0.1951661891201324
sub-15	meta_metaphor	meta_R_pMTG_pSTS	kj	KJ	word_label	kj_24	kj_24	24	-0.374793617915247
sub-15	meta_metaphor	meta_R_pMTG_pSTS	kj	KJ	word_label	kj_1	kj_1	1	-0.05663125780795551
sub-15	meta_metaphor	meta_R_pMTG_pSTS	kj	KJ	word_label	kj_17	kj_17	17	-0.30823824474255823
sub-15	meta_metaphor	meta_R_pMTG_pSTS	kj	KJ	word_label	kj_11	kj_11	11	-0.13374567723219394
sub-15	meta_metaphor	meta_R_pMTG_pSTS	kj	KJ	word_label	kj_37	kj_37	37	-0.10299393877514879
sub-15	meta_metaphor	meta_R_pMTG_pSTS	kj	KJ	word_label	kj_15	kj_15	15	-0.5767983288277091
sub-15	meta_metaphor	meta_R_pMTG_pSTS	kj	KJ	word_label	kj_21	kj_21	21	0.12478420605596945
sub-15	meta_metaphor	meta_R_pMTG_pSTS	kj	KJ	word_label	kj_13	kj_13	13	0.421546164181675
sub-15	meta_metaphor	meta_R_pMTG_pSTS	kj	KJ	word_label	kj_8	kj_8	8	-0.17367291147574015
sub-15	meta_metaphor	meta_R_pMTG_pSTS	kj	KJ	word_label	kj_7	kj_7	7	0.040986939131396616
sub-15	meta_metaphor	meta_R_pMTG_pSTS	kj	KJ	word_label	kj_5	kj_5	5	-0.21822672823595257
sub-15	meta_metaphor	meta_R_pMTG_pSTS	kj	KJ	word_label	kj_33	kj_33	33	-0.17532266953385495
sub-15	meta_metaphor	meta_R_pMTG_pSTS	kj	KJ	word_label	kj_27	kj_27	27	0.6025038044401728
sub-15	meta_metaphor	meta_R_pMTG_pSTS	kj	KJ	word_label	kj_36	kj_36	36	0.29003229609556713
sub-15	meta_metaphor	meta_R_pMTG_pSTS	kj	KJ	word_label	kj_6	kj_6	6	-0.3932288222159591
sub-15	meta_metaphor	meta_R_pMTG_pSTS	kj	KJ	word_label	kj_30	kj_30	30	0.08644673967140465
sub-15	meta_metaphor	meta_R_pMTG_pSTS	kj	KJ	word_label	kj_34	kj_34	34	0.24484473261084644
sub-15	meta_metaphor	meta_R_pMTG_pSTS	kj	KJ	word_label	kj_23	kj_23	23	0.609826493115167
sub-15	meta_metaphor	meta_R_pMTG_pSTS	kj	KJ	word_label	kj_12	kj_12	12	0.5887733965850429
sub-15	meta_metaphor	meta_R_pMTG_pSTS	kj	KJ	word_label	kj_20	kj_20	20	-0.031142380107126486
sub-15	meta_metaphor	meta_R_pMTG_pSTS	kj	KJ	word_label	kj_39	kj_39	39	0.4807578101768438
sub-15	meta_metaphor	meta_R_pMTG_pSTS	kj	KJ	word_label	kj_22	kj_22	22	0.4163058986001003
sub-15	meta_metaphor	meta_R_pMTG_pSTS	kj	KJ	word_label	kj_10	kj_10	10	-0.7376555375503051
sub-15	meta_metaphor	meta_R_pMTG_pSTS	kj	KJ	word_label	kj_19	kj_19	19	-0.38540100574425096
sub-15	meta_metaphor	meta_R_pMTG_pSTS	kj	KJ	word_label	kj_2	kj_2	2	0.5907738507267406
sub-15	meta_metaphor	meta_R_pMTG_pSTS	kj	KJ	word_label	kj_29	kj_29	29	0.25844527715319643
sub-15	meta_metaphor	meta_R_pMTG_pSTS	kj	KJ	word_label	kj_16	kj_16	16	-0.5619127386222441
sub-15	meta_metaphor	meta_R_pMTG_pSTS	kj	KJ	word_label	kj_9	kj_9	9	-0.6845337140058078
sub-15	meta_metaphor	meta_R_pMTG_pSTS	kj	KJ	word_label	kj_14	kj_14	14	0.8136189283906872
sub-15	meta_metaphor	meta_R_temporal_pole	yy	YY	word_label	yy_18	yy_18	18	-0.058435507538471716
sub-15	meta_metaphor	meta_R_temporal_pole	yy	YY	word_label	yy_26	yy_26	26	-0.16876097349354988
sub-15	meta_metaphor	meta_R_temporal_pole	yy	YY	word_label	yy_5	yy_5	5	-0.13521949878160433
sub-15	meta_metaphor	meta_R_temporal_pole	yy	YY	word_label	yy_33	yy_33	33	-0.3038165419564179
sub-15	meta_metaphor	meta_R_temporal_pole	yy	YY	word_label	yy_23	yy_23	23	0.0036351528415976327
sub-15	meta_metaphor	meta_R_temporal_pole	yy	YY	word_label	yy_8	yy_8	8	-0.15653491595993668
sub-15	meta_metaphor	meta_R_temporal_pole	yy	YY	word_label	yy_13	yy_13	13	-0.04203088264770065
sub-15	meta_metaphor	meta_R_temporal_pole	yy	YY	word_label	yy_15	yy_15	15	0.4960449694732885
sub-15	meta_metaphor	meta_R_temporal_pole	yy	YY	word_label	yy_22	yy_22	22	0.2083891573337729
sub-15	meta_metaphor	meta_R_temporal_pole	yy	YY	word_label	yy_21	yy_21	21	-0.04883855179634261
sub-15	meta_metaphor	meta_R_temporal_pole	yy	YY	word_label	yy_35	yy_35	35	0.4390216755525499
sub-15	meta_metaphor	meta_R_temporal_pole	yy	YY	word_label	yy_10	yy_10	10	0.02156339962094125
sub-15	meta_metaphor	meta_R_temporal_pole	yy	YY	word_label	yy_37	yy_37	37	-0.0950469245353251
sub-15	meta_metaphor	meta_R_temporal_pole	yy	YY	word_label	yy_28	yy_28	28	-0.012051706574882826
sub-15	meta_metaphor	meta_R_temporal_pole	yy	YY	word_label	yy_16	yy_16	16	-0.18290338407161397
sub-15	meta_metaphor	meta_R_temporal_pole	yy	YY	word_label	yy_17	yy_17	17	0.1953647909364286
sub-15	meta_metaphor	meta_R_temporal_pole	yy	YY	word_label	yy_2	yy_2	2	-0.021557942207327138
sub-15	meta_metaphor	meta_R_temporal_pole	yy	YY	word_label	yy_32	yy_32	32	-0.05398510287499279
sub-15	meta_metaphor	meta_R_temporal_pole	yy	YY	word_label	yy_1	yy_1	1	0.23598894433280004
sub-15	meta_metaphor	meta_R_temporal_pole	yy	YY	word_label	yy_7	yy_7	7	-0.2069295823961635
sub-15	meta_metaphor	meta_R_temporal_pole	yy	YY	word_label	yy_38	yy_38	38	-0.25788811332957023
sub-15	meta_metaphor	meta_R_temporal_pole	yy	YY	word_label	yy_4	yy_4	4	0.11964635448976053
sub-15	meta_metaphor	meta_R_temporal_pole	yy	YY	word_label	yy_11	yy_11	11	0.17312514113686928
sub-15	meta_metaphor	meta_R_temporal_pole	yy	YY	word_label	yy_40	yy_40	40	-0.019005287176131987
sub-15	meta_metaphor	meta_R_temporal_pole	yy	YY	word_label	yy_29	yy_29	29	0.19988790302881165
sub-15	meta_metaphor	meta_R_temporal_pole	yy	YY	word_label	yy_27	yy_27	27	-0.0767784154624386
sub-15	meta_metaphor	meta_R_temporal_pole	yy	YY	word_label	yy_3	yy_3	3	0.03644228397797237
sub-15	meta_metaphor	meta_R_temporal_pole	yy	YY	word_label	yy_12	yy_12	12	-0.06900859662151988
sub-15	meta_metaphor	meta_R_temporal_pole	yy	YY	word_label	yy_19	yy_19	19	-0.5444224258462919
sub-15	meta_metaphor	meta_R_temporal_pole	yy	YY	word_label	yy_9	yy_9	9	-0.1371117668384378
sub-15	meta_metaphor	meta_R_temporal_pole	yy	YY	word_label	yy_24	yy_24	24	0.0443122644854127
sub-15	meta_metaphor	meta_R_temporal_pole	yy	YY	word_label	yy_6	yy_6	6	-0.0716158335172952
sub-15	meta_metaphor	meta_R_temporal_pole	yy	YY	word_label	yy_39	yy_39	39	0.016154693315843512
sub-15	meta_metaphor	meta_R_temporal_pole	yy	YY	word_label	yy_14	yy_14	14	-0.17511540874491005
sub-15	meta_metaphor	meta_R_temporal_pole	yy	YY	word_label	yy_36	yy_36	36	-0.30619526257574836
sub-15	meta_metaphor	meta_R_temporal_pole	kj	KJ	word_label	kj_38	kj_38	38	0.2098407475386815
sub-15	meta_metaphor	meta_R_temporal_pole	kj	KJ	word_label	kj_28	kj_28	28	-0.24226482191821333
sub-15	meta_metaphor	meta_R_temporal_pole	kj	KJ	word_label	kj_25	kj_25	25	-0.24387154974983472
sub-15	meta_metaphor	meta_R_temporal_pole	kj	KJ	word_label	kj_31	kj_31	31	-0.0020923521639928623
sub-15	meta_metaphor	meta_R_temporal_pole	kj	KJ	word_label	kj_3	kj_3	3	-0.5302389196061791
sub-15	meta_metaphor	meta_R_temporal_pole	kj	KJ	word_label	kj_26	kj_26	26	-0.05393154928604772
sub-15	meta_metaphor	meta_R_temporal_pole	kj	KJ	word_label	kj_24	kj_24	24	0.08304229280359476
sub-15	meta_metaphor	meta_R_temporal_pole	kj	KJ	word_label	kj_1	kj_1	1	-0.32093453677737505
sub-15	meta_metaphor	meta_R_temporal_pole	kj	KJ	word_label	kj_17	kj_17	17	-0.008536892865930219
sub-15	meta_metaphor	meta_R_temporal_pole	kj	KJ	word_label	kj_11	kj_11	11	0.25244826843947515
sub-15	meta_metaphor	meta_R_temporal_pole	kj	KJ	word_label	kj_37	kj_37	37	0.030375460352784125
sub-15	meta_metaphor	meta_R_temporal_pole	kj	KJ	word_label	kj_15	kj_15	15	-0.045644738628778644
sub-15	meta_metaphor	meta_R_temporal_pole	kj	KJ	word_label	kj_21	kj_21	21	-0.08830208032674769
sub-15	meta_metaphor	meta_R_temporal_pole	kj	KJ	word_label	kj_13	kj_13	13	0.3959259700396
sub-15	meta_metaphor	meta_R_temporal_pole	kj	KJ	word_label	kj_8	kj_8	8	0.03528801234157993
sub-15	meta_metaphor	meta_R_temporal_pole	kj	KJ	word_label	kj_7	kj_7	7	-0.06258340624198386
sub-15	meta_metaphor	meta_R_temporal_pole	kj	KJ	word_label	kj_5	kj_5	5	-0.0898359858484133
sub-15	meta_metaphor	meta_R_temporal_pole	kj	KJ	word_label	kj_33	kj_33	33	-0.060356939984314774
sub-15	meta_metaphor	meta_R_temporal_pole	kj	KJ	word_label	kj_27	kj_27	27	0.1958902396795991
sub-15	meta_metaphor	meta_R_temporal_pole	kj	KJ	word_label	kj_36	kj_36	36	-0.3864582305334711
sub-15	meta_metaphor	meta_R_temporal_pole	kj	KJ	word_label	kj_6	kj_6	6	-0.010194203593849939
sub-15	meta_metaphor	meta_R_temporal_pole	kj	KJ	word_label	kj_30	kj_30	30	-0.041937646484892684
sub-15	meta_metaphor	meta_R_temporal_pole	kj	KJ	word_label	kj_34	kj_34	34	0.006790340317490692
sub-15	meta_metaphor	meta_R_temporal_pole	kj	KJ	word_label	kj_23	kj_23	23	-0.06665513660288999
sub-15	meta_metaphor	meta_R_temporal_pole	kj	KJ	word_label	kj_12	kj_12	12	-0.1255049065666018
sub-15	meta_metaphor	meta_R_temporal_pole	kj	KJ	word_label	kj_20	kj_20	20	0.002679106593461208
sub-15	meta_metaphor	meta_R_temporal_pole	kj	KJ	word_label	kj_39	kj_39	39	-0.25668316829799503
sub-15	meta_metaphor	meta_R_temporal_pole	kj	KJ	word_label	kj_22	kj_22	22	-0.0005082030625827127
sub-15	meta_metaphor	meta_R_temporal_pole	kj	KJ	word_label	kj_10	kj_10	10	-0.14671890322734826
sub-15	meta_metaphor	meta_R_temporal_pole	kj	KJ	word_label	kj_19	kj_19	19	-0.000772098376051498
sub-15	meta_metaphor	meta_R_temporal_pole	kj	KJ	word_label	kj_2	kj_2	2	0.22512222124990794
sub-15	meta_metaphor	meta_R_temporal_pole	kj	KJ	word_label	kj_29	kj_29	29	-0.016405647242858423
sub-15	meta_metaphor	meta_R_temporal_pole	kj	KJ	word_label	kj_16	kj_16	16	-0.15291295956284592
sub-15	meta_metaphor	meta_R_temporal_pole	kj	KJ	word_label	kj_9	kj_9	9	-0.21227671004363954
sub-15	meta_metaphor	meta_R_temporal_pole	kj	KJ	word_label	kj_14	kj_14	14	-0.05341634720987907
sub-16	meta_metaphor	meta_L_AG	yy	YY	word_label	yy_38	yy_38	38	0.536226235701189
sub-16	meta_metaphor	meta_L_AG	yy	YY	word_label	yy_26	yy_26	26	0.1219288762131542
sub-16	meta_metaphor	meta_L_AG	yy	YY	word_label	yy_15	yy_15	15	-0.2312381974530059
sub-16	meta_metaphor	meta_L_AG	yy	YY	word_label	yy_1	yy_1	1	0.09455132538082951
sub-16	meta_metaphor	meta_L_AG	yy	YY	word_label	yy_12	yy_12	12	0.4054903558900872
sub-16	meta_metaphor	meta_L_AG	yy	YY	word_label	yy_36	yy_36	36	-0.2279570268404416
sub-16	meta_metaphor	meta_L_AG	yy	YY	word_label	yy_40	yy_40	40	0.09633440405858505
sub-16	meta_metaphor	meta_L_AG	yy	YY	word_label	yy_3	yy_3	3	0.2814809728407622
sub-16	meta_metaphor	meta_L_AG	yy	YY	word_label	yy_32	yy_32	32	-0.3327492922373541
sub-16	meta_metaphor	meta_L_AG	yy	YY	word_label	yy_5	yy_5	5	-0.1317978623604078
sub-16	meta_metaphor	meta_L_AG	yy	YY	word_label	yy_27	yy_27	27	-0.01362284336823206
sub-16	meta_metaphor	meta_L_AG	yy	YY	word_label	yy_21	yy_21	21	-0.09601143927779916
sub-16	meta_metaphor	meta_L_AG	yy	YY	word_label	yy_24	yy_24	24	0.19894894184789141
sub-16	meta_metaphor	meta_L_AG	yy	YY	word_label	yy_19	yy_19	19	-0.1755321699525109
sub-16	meta_metaphor	meta_L_AG	yy	YY	word_label	yy_35	yy_35	35	0.19048604724244547
sub-16	meta_metaphor	meta_L_AG	yy	YY	word_label	yy_13	yy_13	13	0.45863715098718616
sub-16	meta_metaphor	meta_L_AG	yy	YY	word_label	yy_4	yy_4	4	-0.24047817686808434
sub-16	meta_metaphor	meta_L_AG	yy	YY	word_label	yy_9	yy_9	9	-0.2561754714008772
sub-16	meta_metaphor	meta_L_AG	yy	YY	word_label	yy_18	yy_18	18	0.3603309265862522
sub-16	meta_metaphor	meta_L_AG	yy	YY	word_label	yy_6	yy_6	6	0.12970505012325162
sub-16	meta_metaphor	meta_L_AG	yy	YY	word_label	yy_22	yy_22	22	0.02708371281190602
sub-16	meta_metaphor	meta_L_AG	yy	YY	word_label	yy_8	yy_8	8	0.3672692951659224
sub-16	meta_metaphor	meta_L_AG	yy	YY	word_label	yy_11	yy_11	11	-0.06840835479453691
sub-16	meta_metaphor	meta_L_AG	yy	YY	word_label	yy_2	yy_2	2	0.3249579750479459
sub-16	meta_metaphor	meta_L_AG	yy	YY	word_label	yy_33	yy_33	33	0.006530011292848633
sub-16	meta_metaphor	meta_L_AG	yy	YY	word_label	yy_28	yy_28	28	-0.16775979886544182
sub-16	meta_metaphor	meta_L_AG	yy	YY	word_label	yy_16	yy_16	16	0.2723532227185774
sub-16	meta_metaphor	meta_L_AG	yy	YY	word_label	yy_29	yy_29	29	-0.22223283127715118
sub-16	meta_metaphor	meta_L_AG	yy	YY	word_label	yy_23	yy_23	23	-0.11659261166764101
sub-16	meta_metaphor	meta_L_AG	yy	YY	word_label	yy_37	yy_37	37	0.14153158522434287
sub-16	meta_metaphor	meta_L_AG	yy	YY	word_label	yy_39	yy_39	39	0.21025144552667083
sub-16	meta_metaphor	meta_L_AG	yy	YY	word_label	yy_14	yy_14	14	0.04752138105104269
sub-16	meta_metaphor	meta_L_AG	yy	YY	word_label	yy_17	yy_17	17	-0.5248039093678848
sub-16	meta_metaphor	meta_L_AG	yy	YY	word_label	yy_7	yy_7	7	0.014521596104602137
sub-16	meta_metaphor	meta_L_AG	yy	YY	word_label	yy_10	yy_10	10	0.1731655434890767
sub-16	meta_metaphor	meta_L_AG	kj	KJ	word_label	kj_25	kj_25	25	0.23185951509022124
sub-16	meta_metaphor	meta_L_AG	kj	KJ	word_label	kj_20	kj_20	20	-0.10208305653782335
sub-16	meta_metaphor	meta_L_AG	kj	KJ	word_label	kj_28	kj_28	28	-0.05917701884504379
sub-16	meta_metaphor	meta_L_AG	kj	KJ	word_label	kj_14	kj_14	14	0.04660967488107553
sub-16	meta_metaphor	meta_L_AG	kj	KJ	word_label	kj_10	kj_10	10	0.22046841416613433
sub-16	meta_metaphor	meta_L_AG	kj	KJ	word_label	kj_1	kj_1	1	0.12973883659134292
sub-16	meta_metaphor	meta_L_AG	kj	KJ	word_label	kj_6	kj_6	6	-0.002485064390341374
sub-16	meta_metaphor	meta_L_AG	kj	KJ	word_label	kj_39	kj_39	39	0.07329680586118598
sub-16	meta_metaphor	meta_L_AG	kj	KJ	word_label	kj_15	kj_15	15	-0.21927558763464747
sub-16	meta_metaphor	meta_L_AG	kj	KJ	word_label	kj_29	kj_29	29	-0.02055836375182651
sub-16	meta_metaphor	meta_L_AG	kj	KJ	word_label	kj_2	kj_2	2	-0.3266040389731645
sub-16	meta_metaphor	meta_L_AG	kj	KJ	word_label	kj_30	kj_30	30	-0.15020082474239374
sub-16	meta_metaphor	meta_L_AG	kj	KJ	word_label	kj_38	kj_38	38	-0.024906794611938166
sub-16	meta_metaphor	meta_L_AG	kj	KJ	word_label	kj_23	kj_23	23	-0.16575522733670173
sub-16	meta_metaphor	meta_L_AG	kj	KJ	word_label	kj_26	kj_26	26	-0.15465439786334198
sub-16	meta_metaphor	meta_L_AG	kj	KJ	word_label	kj_33	kj_33	33	-0.05217245075887721
sub-16	meta_metaphor	meta_L_AG	kj	KJ	word_label	kj_17	kj_17	17	0.20514628005768526
sub-16	meta_metaphor	meta_L_AG	kj	KJ	word_label	kj_8	kj_8	8	-0.49975373504267984
sub-16	meta_metaphor	meta_L_AG	kj	KJ	word_label	kj_11	kj_11	11	0.0066012110624349436
sub-16	meta_metaphor	meta_L_AG	kj	KJ	word_label	kj_22	kj_22	22	-0.09579259987844159
sub-16	meta_metaphor	meta_L_AG	kj	KJ	word_label	kj_13	kj_13	13	-0.13520354391229827
sub-16	meta_metaphor	meta_L_AG	kj	KJ	word_label	kj_27	kj_27	27	0.44320835534171515
sub-16	meta_metaphor	meta_L_AG	kj	KJ	word_label	kj_7	kj_7	7	0.20049583905827653
sub-16	meta_metaphor	meta_L_AG	kj	KJ	word_label	kj_37	kj_37	37	-0.4215272442483071
sub-16	meta_metaphor	meta_L_AG	kj	KJ	word_label	kj_19	kj_19	19	-0.1099314180389042
sub-16	meta_metaphor	meta_L_AG	kj	KJ	word_label	kj_36	kj_36	36	-0.13808041141340696
sub-16	meta_metaphor	meta_L_AG	kj	KJ	word_label	kj_16	kj_16	16	0.38530692102216507
sub-16	meta_metaphor	meta_L_AG	kj	KJ	word_label	kj_3	kj_3	3	-0.3080345620194938
sub-16	meta_metaphor	meta_L_AG	kj	KJ	word_label	kj_12	kj_12	12	0.33943216863982223
sub-16	meta_metaphor	meta_L_AG	kj	KJ	word_label	kj_5	kj_5	5	-0.4016768578061493
sub-16	meta_metaphor	meta_L_AG	kj	KJ	word_label	kj_9	kj_9	9	-0.15702087111809543
sub-16	meta_metaphor	meta_L_AG	kj	KJ	word_label	kj_21	kj_21	21	-0.07626286156905135
sub-16	meta_metaphor	meta_L_AG	kj	KJ	word_label	kj_24	kj_24	24	-0.1248526812244845
sub-16	meta_metaphor	meta_L_AG	kj	KJ	word_label	kj_34	kj_34	34	-0.3157160412714097
sub-16	meta_metaphor	meta_L_AG	kj	KJ	word_label	kj_31	kj_31	31	-0.10119668188424233
sub-16	meta_metaphor	meta_L_IFG	yy	YY	word_label	yy_38	yy_38	38	0.1550822976312562
sub-16	meta_metaphor	meta_L_IFG	yy	YY	word_label	yy_26	yy_26	26	-0.22719820466886237
sub-16	meta_metaphor	meta_L_IFG	yy	YY	word_label	yy_15	yy_15	15	-0.004011793792635044
sub-16	meta_metaphor	meta_L_IFG	yy	YY	word_label	yy_1	yy_1	1	-0.2798646879813097
sub-16	meta_metaphor	meta_L_IFG	yy	YY	word_label	yy_12	yy_12	12	-0.0761744418364146
sub-16	meta_metaphor	meta_L_IFG	yy	YY	word_label	yy_36	yy_36	36	-0.10555376949838587
sub-16	meta_metaphor	meta_L_IFG	yy	YY	word_label	yy_40	yy_40	40	0.26021059291157966
sub-16	meta_metaphor	meta_L_IFG	yy	YY	word_label	yy_3	yy_3	3	-0.48195536670562955
sub-16	meta_metaphor	meta_L_IFG	yy	YY	word_label	yy_32	yy_32	32	0.15649676008710137
sub-16	meta_metaphor	meta_L_IFG	yy	YY	word_label	yy_5	yy_5	5	0.057423062951219496
sub-16	meta_metaphor	meta_L_IFG	yy	YY	word_label	yy_27	yy_27	27	-0.28555081490538925
sub-16	meta_metaphor	meta_L_IFG	yy	YY	word_label	yy_21	yy_21	21	-0.14516346610336153
sub-16	meta_metaphor	meta_L_IFG	yy	YY	word_label	yy_24	yy_24	24	0.10674186578088893
sub-16	meta_metaphor	meta_L_IFG	yy	YY	word_label	yy_19	yy_19	19	-0.13976034620314473
sub-16	meta_metaphor	meta_L_IFG	yy	YY	word_label	yy_35	yy_35	35	0.09306186224122982
sub-16	meta_metaphor	meta_L_IFG	yy	YY	word_label	yy_13	yy_13	13	0.07235443546874572
sub-16	meta_metaphor	meta_L_IFG	yy	YY	word_label	yy_4	yy_4	4	-0.11452409292945334
sub-16	meta_metaphor	meta_L_IFG	yy	YY	word_label	yy_9	yy_9	9	-0.1819540899890779
sub-16	meta_metaphor	meta_L_IFG	yy	YY	word_label	yy_18	yy_18	18	-0.4765797575861399
sub-16	meta_metaphor	meta_L_IFG	yy	YY	word_label	yy_6	yy_6	6	-0.12448318080934537
sub-16	meta_metaphor	meta_L_IFG	yy	YY	word_label	yy_22	yy_22	22	-0.004259824781071122
sub-16	meta_metaphor	meta_L_IFG	yy	YY	word_label	yy_8	yy_8	8	0.2500513433330099
sub-16	meta_metaphor	meta_L_IFG	yy	YY	word_label	yy_11	yy_11	11	0.4996474258965287
sub-16	meta_metaphor	meta_L_IFG	yy	YY	word_label	yy_2	yy_2	2	0.32534164935462334
sub-16	meta_metaphor	meta_L_IFG	yy	YY	word_label	yy_33	yy_33	33	-0.18134560626330595
sub-16	meta_metaphor	meta_L_IFG	yy	YY	word_label	yy_28	yy_28	28	0.1789245342833409
sub-16	meta_metaphor	meta_L_IFG	yy	YY	word_label	yy_16	yy_16	16	-0.09315181586924928
sub-16	meta_metaphor	meta_L_IFG	yy	YY	word_label	yy_29	yy_29	29	-0.35209921399089383
sub-16	meta_metaphor	meta_L_IFG	yy	YY	word_label	yy_23	yy_23	23	-0.28024039585059285
sub-16	meta_metaphor	meta_L_IFG	yy	YY	word_label	yy_37	yy_37	37	-0.010757936982406983
sub-16	meta_metaphor	meta_L_IFG	yy	YY	word_label	yy_39	yy_39	39	-0.21583505022937033
sub-16	meta_metaphor	meta_L_IFG	yy	YY	word_label	yy_14	yy_14	14	-0.04048316982115129
sub-16	meta_metaphor	meta_L_IFG	yy	YY	word_label	yy_17	yy_17	17	-0.1644028456376211
sub-16	meta_metaphor	meta_L_IFG	yy	YY	word_label	yy_7	yy_7	7	-0.21655951663331593
sub-16	meta_metaphor	meta_L_IFG	yy	YY	word_label	yy_10	yy_10	10	0.3847873423776718
sub-16	meta_metaphor	meta_L_IFG	kj	KJ	word_label	kj_25	kj_25	25	-0.2861776169909261
sub-16	meta_metaphor	meta_L_IFG	kj	KJ	word_label	kj_20	kj_20	20	0.08504919250261415
sub-16	meta_metaphor	meta_L_IFG	kj	KJ	word_label	kj_28	kj_28	28	-0.38887360694369205
sub-16	meta_metaphor	meta_L_IFG	kj	KJ	word_label	kj_14	kj_14	14	-0.08340209657321927
sub-16	meta_metaphor	meta_L_IFG	kj	KJ	word_label	kj_10	kj_10	10	-0.22865404257795732
sub-16	meta_metaphor	meta_L_IFG	kj	KJ	word_label	kj_1	kj_1	1	-0.01863437491404245
sub-16	meta_metaphor	meta_L_IFG	kj	KJ	word_label	kj_6	kj_6	6	0.11249790499325997
sub-16	meta_metaphor	meta_L_IFG	kj	KJ	word_label	kj_39	kj_39	39	-0.29060501055071447
sub-16	meta_metaphor	meta_L_IFG	kj	KJ	word_label	kj_15	kj_15	15	-0.04343542917485609
sub-16	meta_metaphor	meta_L_IFG	kj	KJ	word_label	kj_29	kj_29	29	-0.2971243361885073
sub-16	meta_metaphor	meta_L_IFG	kj	KJ	word_label	kj_2	kj_2	2	-0.28605503959407985
sub-16	meta_metaphor	meta_L_IFG	kj	KJ	word_label	kj_30	kj_30	30	0.14772640364659728
sub-16	meta_metaphor	meta_L_IFG	kj	KJ	word_label	kj_38	kj_38	38	0.524995119420563
sub-16	meta_metaphor	meta_L_IFG	kj	KJ	word_label	kj_23	kj_23	23	0.08687012682651109
sub-16	meta_metaphor	meta_L_IFG	kj	KJ	word_label	kj_26	kj_26	26	-0.23408936832898097
sub-16	meta_metaphor	meta_L_IFG	kj	KJ	word_label	kj_33	kj_33	33	0.2891668368102309
sub-16	meta_metaphor	meta_L_IFG	kj	KJ	word_label	kj_17	kj_17	17	0.06248952170975142
sub-16	meta_metaphor	meta_L_IFG	kj	KJ	word_label	kj_8	kj_8	8	-0.1658014938584931
sub-16	meta_metaphor	meta_L_IFG	kj	KJ	word_label	kj_11	kj_11	11	0.3272440889050921
sub-16	meta_metaphor	meta_L_IFG	kj	KJ	word_label	kj_22	kj_22	22	-0.1692028985805132
sub-16	meta_metaphor	meta_L_IFG	kj	KJ	word_label	kj_13	kj_13	13	-0.028401489834836792
sub-16	meta_metaphor	meta_L_IFG	kj	KJ	word_label	kj_27	kj_27	27	0.12283271390339605
sub-16	meta_metaphor	meta_L_IFG	kj	KJ	word_label	kj_7	kj_7	7	0.024624349500051
sub-16	meta_metaphor	meta_L_IFG	kj	KJ	word_label	kj_37	kj_37	37	-0.23269274269828635
sub-16	meta_metaphor	meta_L_IFG	kj	KJ	word_label	kj_19	kj_19	19	-0.04205812619240961
sub-16	meta_metaphor	meta_L_IFG	kj	KJ	word_label	kj_36	kj_36	36	0.04974955240498677
sub-16	meta_metaphor	meta_L_IFG	kj	KJ	word_label	kj_16	kj_16	16	-0.2286239247719891
sub-16	meta_metaphor	meta_L_IFG	kj	KJ	word_label	kj_3	kj_3	3	-0.13031633003712062
sub-16	meta_metaphor	meta_L_IFG	kj	KJ	word_label	kj_12	kj_12	12	-0.07816637875706892
sub-16	meta_metaphor	meta_L_IFG	kj	KJ	word_label	kj_5	kj_5	5	-0.5041437622691173
sub-16	meta_metaphor	meta_L_IFG	kj	KJ	word_label	kj_9	kj_9	9	0.05013105113519652
sub-16	meta_metaphor	meta_L_IFG	kj	KJ	word_label	kj_21	kj_21	21	-0.13722848639846774
sub-16	meta_metaphor	meta_L_IFG	kj	KJ	word_label	kj_24	kj_24	24	0.13248798726915464
sub-16	meta_metaphor	meta_L_IFG	kj	KJ	word_label	kj_34	kj_34	34	-0.5752041574151369
sub-16	meta_metaphor	meta_L_IFG	kj	KJ	word_label	kj_31	kj_31	31	0.3505165566415693
sub-16	meta_metaphor	meta_L_pMTG_pSTS	yy	YY	word_label	yy_38	yy_38	38	0.31274555355230366
sub-16	meta_metaphor	meta_L_pMTG_pSTS	yy	YY	word_label	yy_26	yy_26	26	-0.37963745555994033
sub-16	meta_metaphor	meta_L_pMTG_pSTS	yy	YY	word_label	yy_15	yy_15	15	0.6368600642442926
sub-16	meta_metaphor	meta_L_pMTG_pSTS	yy	YY	word_label	yy_1	yy_1	1	0.2543946578030629
sub-16	meta_metaphor	meta_L_pMTG_pSTS	yy	YY	word_label	yy_12	yy_12	12	0.3230370649732256
sub-16	meta_metaphor	meta_L_pMTG_pSTS	yy	YY	word_label	yy_36	yy_36	36	-0.24711231505784528
sub-16	meta_metaphor	meta_L_pMTG_pSTS	yy	YY	word_label	yy_40	yy_40	40	0.49578889744565885
sub-16	meta_metaphor	meta_L_pMTG_pSTS	yy	YY	word_label	yy_3	yy_3	3	-0.289283798612529
sub-16	meta_metaphor	meta_L_pMTG_pSTS	yy	YY	word_label	yy_32	yy_32	32	-0.12494285198900475
sub-16	meta_metaphor	meta_L_pMTG_pSTS	yy	YY	word_label	yy_5	yy_5	5	-0.23698185581167647
sub-16	meta_metaphor	meta_L_pMTG_pSTS	yy	YY	word_label	yy_27	yy_27	27	-0.1320589310718737
sub-16	meta_metaphor	meta_L_pMTG_pSTS	yy	YY	word_label	yy_21	yy_21	21	0.30046238470041087
sub-16	meta_metaphor	meta_L_pMTG_pSTS	yy	YY	word_label	yy_24	yy_24	24	0.08326250960749018
sub-16	meta_metaphor	meta_L_pMTG_pSTS	yy	YY	word_label	yy_19	yy_19	19	0.4851433406588492
sub-16	meta_metaphor	meta_L_pMTG_pSTS	yy	YY	word_label	yy_35	yy_35	35	0.5139219757699595
sub-16	meta_metaphor	meta_L_pMTG_pSTS	yy	YY	word_label	yy_13	yy_13	13	-0.04088660241894889
sub-16	meta_metaphor	meta_L_pMTG_pSTS	yy	YY	word_label	yy_4	yy_4	4	0.5725356460427478
sub-16	meta_metaphor	meta_L_pMTG_pSTS	yy	YY	word_label	yy_9	yy_9	9	0.44550798726315205
sub-16	meta_metaphor	meta_L_pMTG_pSTS	yy	YY	word_label	yy_18	yy_18	18	0.24696584927759682
sub-16	meta_metaphor	meta_L_pMTG_pSTS	yy	YY	word_label	yy_6	yy_6	6	-0.08710468544697615
sub-16	meta_metaphor	meta_L_pMTG_pSTS	yy	YY	word_label	yy_22	yy_22	22	0.020983637878487567
sub-16	meta_metaphor	meta_L_pMTG_pSTS	yy	YY	word_label	yy_8	yy_8	8	0.19421305967299932
sub-16	meta_metaphor	meta_L_pMTG_pSTS	yy	YY	word_label	yy_11	yy_11	11	-0.14830337459344647
sub-16	meta_metaphor	meta_L_pMTG_pSTS	yy	YY	word_label	yy_2	yy_2	2	0.6309879610922211
sub-16	meta_metaphor	meta_L_pMTG_pSTS	yy	YY	word_label	yy_33	yy_33	33	0.3263038845078209
sub-16	meta_metaphor	meta_L_pMTG_pSTS	yy	YY	word_label	yy_28	yy_28	28	-0.23824481063723876
sub-16	meta_metaphor	meta_L_pMTG_pSTS	yy	YY	word_label	yy_16	yy_16	16	0.37439097713420477
sub-16	meta_metaphor	meta_L_pMTG_pSTS	yy	YY	word_label	yy_29	yy_29	29	0.13308983031485927
sub-16	meta_metaphor	meta_L_pMTG_pSTS	yy	YY	word_label	yy_23	yy_23	23	0.2361914154088745
sub-16	meta_metaphor	meta_L_pMTG_pSTS	yy	YY	word_label	yy_37	yy_37	37	0.223798443222618
sub-16	meta_metaphor	meta_L_pMTG_pSTS	yy	YY	word_label	yy_39	yy_39	39	0.10132086144335098
sub-16	meta_metaphor	meta_L_pMTG_pSTS	yy	YY	word_label	yy_14	yy_14	14	0.07093396188054583
sub-16	meta_metaphor	meta_L_pMTG_pSTS	yy	YY	word_label	yy_17	yy_17	17	0.35692406769375506
sub-16	meta_metaphor	meta_L_pMTG_pSTS	yy	YY	word_label	yy_7	yy_7	7	-0.29552839085735316
sub-16	meta_metaphor	meta_L_pMTG_pSTS	yy	YY	word_label	yy_10	yy_10	10	0.48246405151123073
sub-16	meta_metaphor	meta_L_pMTG_pSTS	kj	KJ	word_label	kj_25	kj_25	25	0.005719374667136906
sub-16	meta_metaphor	meta_L_pMTG_pSTS	kj	KJ	word_label	kj_20	kj_20	20	0.6455859431054624
sub-16	meta_metaphor	meta_L_pMTG_pSTS	kj	KJ	word_label	kj_28	kj_28	28	-0.05233054313602519
sub-16	meta_metaphor	meta_L_pMTG_pSTS	kj	KJ	word_label	kj_14	kj_14	14	-0.607743540253245
sub-16	meta_metaphor	meta_L_pMTG_pSTS	kj	KJ	word_label	kj_10	kj_10	10	0.3319307848105438
sub-16	meta_metaphor	meta_L_pMTG_pSTS	kj	KJ	word_label	kj_1	kj_1	1	-0.6378461423529735
sub-16	meta_metaphor	meta_L_pMTG_pSTS	kj	KJ	word_label	kj_6	kj_6	6	-0.3321262166607957
sub-16	meta_metaphor	meta_L_pMTG_pSTS	kj	KJ	word_label	kj_39	kj_39	39	0.2821196880539553
sub-16	meta_metaphor	meta_L_pMTG_pSTS	kj	KJ	word_label	kj_15	kj_15	15	-0.4077984999280242
sub-16	meta_metaphor	meta_L_pMTG_pSTS	kj	KJ	word_label	kj_29	kj_29	29	-0.35764326793672974
sub-16	meta_metaphor	meta_L_pMTG_pSTS	kj	KJ	word_label	kj_2	kj_2	2	0.34659481533044284
sub-16	meta_metaphor	meta_L_pMTG_pSTS	kj	KJ	word_label	kj_30	kj_30	30	-0.2642618224834754
sub-16	meta_metaphor	meta_L_pMTG_pSTS	kj	KJ	word_label	kj_38	kj_38	38	0.4118937824673854
sub-16	meta_metaphor	meta_L_pMTG_pSTS	kj	KJ	word_label	kj_23	kj_23	23	0.25627599128873
sub-16	meta_metaphor	meta_L_pMTG_pSTS	kj	KJ	word_label	kj_26	kj_26	26	0.11733436197711769
sub-16	meta_metaphor	meta_L_pMTG_pSTS	kj	KJ	word_label	kj_33	kj_33	33	0.060728809824375674
sub-16	meta_metaphor	meta_L_pMTG_pSTS	kj	KJ	word_label	kj_17	kj_17	17	0.44007700680344
sub-16	meta_metaphor	meta_L_pMTG_pSTS	kj	KJ	word_label	kj_8	kj_8	8	0.18766987881438157
sub-16	meta_metaphor	meta_L_pMTG_pSTS	kj	KJ	word_label	kj_11	kj_11	11	-0.08589898653577423
sub-16	meta_metaphor	meta_L_pMTG_pSTS	kj	KJ	word_label	kj_22	kj_22	22	0.22368179433014468
sub-16	meta_metaphor	meta_L_pMTG_pSTS	kj	KJ	word_label	kj_13	kj_13	13	-0.05875203897889487
sub-16	meta_metaphor	meta_L_pMTG_pSTS	kj	KJ	word_label	kj_27	kj_27	27	-0.1759712560413222
sub-16	meta_metaphor	meta_L_pMTG_pSTS	kj	KJ	word_label	kj_7	kj_7	7	-0.01611854025777537
sub-16	meta_metaphor	meta_L_pMTG_pSTS	kj	KJ	word_label	kj_37	kj_37	37	-0.5080526537302218
sub-16	meta_metaphor	meta_L_pMTG_pSTS	kj	KJ	word_label	kj_19	kj_19	19	-0.23075633357868716
sub-16	meta_metaphor	meta_L_pMTG_pSTS	kj	KJ	word_label	kj_36	kj_36	36	-0.3554212419816878
sub-16	meta_metaphor	meta_L_pMTG_pSTS	kj	KJ	word_label	kj_16	kj_16	16	-0.13278768767855395
sub-16	meta_metaphor	meta_L_pMTG_pSTS	kj	KJ	word_label	kj_3	kj_3	3	0.053846000728554645
sub-16	meta_metaphor	meta_L_pMTG_pSTS	kj	KJ	word_label	kj_12	kj_12	12	0.23212502491586454
sub-16	meta_metaphor	meta_L_pMTG_pSTS	kj	KJ	word_label	kj_5	kj_5	5	-0.47380837750312654
sub-16	meta_metaphor	meta_L_pMTG_pSTS	kj	KJ	word_label	kj_9	kj_9	9	0.8235122003274618
sub-16	meta_metaphor	meta_L_pMTG_pSTS	kj	KJ	word_label	kj_21	kj_21	21	-0.15511832276921936
sub-16	meta_metaphor	meta_L_pMTG_pSTS	kj	KJ	word_label	kj_24	kj_24	24	-0.3020703046819115
sub-16	meta_metaphor	meta_L_pMTG_pSTS	kj	KJ	word_label	kj_34	kj_34	34	-0.33169503039709636
sub-16	meta_metaphor	meta_L_pMTG_pSTS	kj	KJ	word_label	kj_31	kj_31	31	0.4563036192830795
sub-16	meta_metaphor	meta_L_temporal_pole	yy	YY	word_label	yy_38	yy_38	38	-0.19414702128282527
sub-16	meta_metaphor	meta_L_temporal_pole	yy	YY	word_label	yy_26	yy_26	26	0.09476063221514419
sub-16	meta_metaphor	meta_L_temporal_pole	yy	YY	word_label	yy_15	yy_15	15	-0.5343602061899732
sub-16	meta_metaphor	meta_L_temporal_pole	yy	YY	word_label	yy_1	yy_1	1	-0.09152655026095495
sub-16	meta_metaphor	meta_L_temporal_pole	yy	YY	word_label	yy_12	yy_12	12	-0.4395413738573318
sub-16	meta_metaphor	meta_L_temporal_pole	yy	YY	word_label	yy_36	yy_36	36	-0.1456980592921557
sub-16	meta_metaphor	meta_L_temporal_pole	yy	YY	word_label	yy_40	yy_40	40	-0.011969856661734946
sub-16	meta_metaphor	meta_L_temporal_pole	yy	YY	word_label	yy_3	yy_3	3	0.14354983533130478
sub-16	meta_metaphor	meta_L_temporal_pole	yy	YY	word_label	yy_32	yy_32	32	-0.3584480082428068
sub-16	meta_metaphor	meta_L_temporal_pole	yy	YY	word_label	yy_5	yy_5	5	0.03801713430055288
sub-16	meta_metaphor	meta_L_temporal_pole	yy	YY	word_label	yy_27	yy_27	27	-0.415234031927896
sub-16	meta_metaphor	meta_L_temporal_pole	yy	YY	word_label	yy_21	yy_21	21	0.06236408234880119
sub-16	meta_metaphor	meta_L_temporal_pole	yy	YY	word_label	yy_24	yy_24	24	-0.2573300950919252
sub-16	meta_metaphor	meta_L_temporal_pole	yy	YY	word_label	yy_19	yy_19	19	0.09869432843813324
sub-16	meta_metaphor	meta_L_temporal_pole	yy	YY	word_label	yy_35	yy_35	35	-0.2776812426438185
sub-16	meta_metaphor	meta_L_temporal_pole	yy	YY	word_label	yy_13	yy_13	13	0.4219330162560692
sub-16	meta_metaphor	meta_L_temporal_pole	yy	YY	word_label	yy_4	yy_4	4	-0.36317408454099087
sub-16	meta_metaphor	meta_L_temporal_pole	yy	YY	word_label	yy_9	yy_9	9	0.5029320561391819
sub-16	meta_metaphor	meta_L_temporal_pole	yy	YY	word_label	yy_18	yy_18	18	0.20467557047113263
sub-16	meta_metaphor	meta_L_temporal_pole	yy	YY	word_label	yy_6	yy_6	6	0.37074031003659613
sub-16	meta_metaphor	meta_L_temporal_pole	yy	YY	word_label	yy_22	yy_22	22	-0.0312640930205188
sub-16	meta_metaphor	meta_L_temporal_pole	yy	YY	word_label	yy_8	yy_8	8	0.35023318912012025
sub-16	meta_metaphor	meta_L_temporal_pole	yy	YY	word_label	yy_11	yy_11	11	-0.5730700767600273
sub-16	meta_metaphor	meta_L_temporal_pole	yy	YY	word_label	yy_2	yy_2	2	0.4222990385685634
sub-16	meta_metaphor	meta_L_temporal_pole	yy	YY	word_label	yy_33	yy_33	33	0.1751785160329558
sub-16	meta_metaphor	meta_L_temporal_pole	yy	YY	word_label	yy_28	yy_28	28	0.6277992115006877
sub-16	meta_metaphor	meta_L_temporal_pole	yy	YY	word_label	yy_16	yy_16	16	-0.39277290933426984
sub-16	meta_metaphor	meta_L_temporal_pole	yy	YY	word_label	yy_29	yy_29	29	-0.031435019578130365
sub-16	meta_metaphor	meta_L_temporal_pole	yy	YY	word_label	yy_23	yy_23	23	0.06192779550159418
sub-16	meta_metaphor	meta_L_temporal_pole	yy	YY	word_label	yy_37	yy_37	37	0.17054128923453457
sub-16	meta_metaphor	meta_L_temporal_pole	yy	YY	word_label	yy_39	yy_39	39	-0.4677966916037251
sub-16	meta_metaphor	meta_L_temporal_pole	yy	YY	word_label	yy_14	yy_14	14	-0.044277572300224104
sub-16	meta_metaphor	meta_L_temporal_pole	yy	YY	word_label	yy_17	yy_17	17	-0.38171107151189837
sub-16	meta_metaphor	meta_L_temporal_pole	yy	YY	word_label	yy_7	yy_7	7	-0.4759110343732934
sub-16	meta_metaphor	meta_L_temporal_pole	yy	YY	word_label	yy_10	yy_10	10	0.36531222550946274
sub-16	meta_metaphor	meta_L_temporal_pole	kj	KJ	word_label	kj_25	kj_25	25	-0.2566902988480688
sub-16	meta_metaphor	meta_L_temporal_pole	kj	KJ	word_label	kj_20	kj_20	20	0.15834512176118323
sub-16	meta_metaphor	meta_L_temporal_pole	kj	KJ	word_label	kj_28	kj_28	28	0.11477107885970107
sub-16	meta_metaphor	meta_L_temporal_pole	kj	KJ	word_label	kj_14	kj_14	14	0.12396052290647401
sub-16	meta_metaphor	meta_L_temporal_pole	kj	KJ	word_label	kj_10	kj_10	10	0.7121070999791258
sub-16	meta_metaphor	meta_L_temporal_pole	kj	KJ	word_label	kj_1	kj_1	1	0.2700198824717979
sub-16	meta_metaphor	meta_L_temporal_pole	kj	KJ	word_label	kj_6	kj_6	6	-0.06485475676682725
sub-16	meta_metaphor	meta_L_temporal_pole	kj	KJ	word_label	kj_39	kj_39	39	0.2090254407605722
sub-16	meta_metaphor	meta_L_temporal_pole	kj	KJ	word_label	kj_15	kj_15	15	0.2637719829036585
sub-16	meta_metaphor	meta_L_temporal_pole	kj	KJ	word_label	kj_29	kj_29	29	0.154578558168701
sub-16	meta_metaphor	meta_L_temporal_pole	kj	KJ	word_label	kj_2	kj_2	2	0.4977803701493184
sub-16	meta_metaphor	meta_L_temporal_pole	kj	KJ	word_label	kj_30	kj_30	30	-0.1449287868666301
sub-16	meta_metaphor	meta_L_temporal_pole	kj	KJ	word_label	kj_38	kj_38	38	0.20137750008501212
sub-16	meta_metaphor	meta_L_temporal_pole	kj	KJ	word_label	kj_23	kj_23	23	-0.40584033403730946
sub-16	meta_metaphor	meta_L_temporal_pole	kj	KJ	word_label	kj_26	kj_26	26	0.2946985951384043
sub-16	meta_metaphor	meta_L_temporal_pole	kj	KJ	word_label	kj_33	kj_33	33	0.33639154501629925
sub-16	meta_metaphor	meta_L_temporal_pole	kj	KJ	word_label	kj_17	kj_17	17	0.5146630262281894
sub-16	meta_metaphor	meta_L_temporal_pole	kj	KJ	word_label	kj_8	kj_8	8	0.16197233969055616
sub-16	meta_metaphor	meta_L_temporal_pole	kj	KJ	word_label	kj_11	kj_11	11	-0.4590942703935237
sub-16	meta_metaphor	meta_L_temporal_pole	kj	KJ	word_label	kj_22	kj_22	22	0.058770081947889484
sub-16	meta_metaphor	meta_L_temporal_pole	kj	KJ	word_label	kj_13	kj_13	13	-0.4794200774662433
sub-16	meta_metaphor	meta_L_temporal_pole	kj	KJ	word_label	kj_27	kj_27	27	0.13954155249208075
sub-16	meta_metaphor	meta_L_temporal_pole	kj	KJ	word_label	kj_7	kj_7	7	-0.23722859697579557
sub-16	meta_metaphor	meta_L_temporal_pole	kj	KJ	word_label	kj_37	kj_37	37	0.00818711731433654
sub-16	meta_metaphor	meta_L_temporal_pole	kj	KJ	word_label	kj_19	kj_19	19	0.08016956901807214
sub-16	meta_metaphor	meta_L_temporal_pole	kj	KJ	word_label	kj_36	kj_36	36	0.14679590681766413
sub-16	meta_metaphor	meta_L_temporal_pole	kj	KJ	word_label	kj_16	kj_16	16	0.321699173907228
sub-16	meta_metaphor	meta_L_temporal_pole	kj	KJ	word_label	kj_3	kj_3	3	-0.13774814851373485
sub-16	meta_metaphor	meta_L_temporal_pole	kj	KJ	word_label	kj_12	kj_12	12	0.10264905744207299
sub-16	meta_metaphor	meta_L_temporal_pole	kj	KJ	word_label	kj_5	kj_5	5	0.24333443611073513
sub-16	meta_metaphor	meta_L_temporal_pole	kj	KJ	word_label	kj_9	kj_9	9	0.13423946342652973
sub-16	meta_metaphor	meta_L_temporal_pole	kj	KJ	word_label	kj_21	kj_21	21	-0.5222599669989677
sub-16	meta_metaphor	meta_L_temporal_pole	kj	KJ	word_label	kj_24	kj_24	24	-0.18966085918770503
sub-16	meta_metaphor	meta_L_temporal_pole	kj	KJ	word_label	kj_34	kj_34	34	0.17382076036890776
sub-16	meta_metaphor	meta_L_temporal_pole	kj	KJ	word_label	kj_31	kj_31	31	-0.25568231505878286
sub-16	meta_metaphor	meta_R_AG	yy	YY	word_label	yy_38	yy_38	38	0.09897531637023091
sub-16	meta_metaphor	meta_R_AG	yy	YY	word_label	yy_26	yy_26	26	-0.567361330514186
sub-16	meta_metaphor	meta_R_AG	yy	YY	word_label	yy_15	yy_15	15	0.13170282294171518
sub-16	meta_metaphor	meta_R_AG	yy	YY	word_label	yy_1	yy_1	1	0.4971270143606505
sub-16	meta_metaphor	meta_R_AG	yy	YY	word_label	yy_12	yy_12	12	-0.0789138722073271
sub-16	meta_metaphor	meta_R_AG	yy	YY	word_label	yy_36	yy_36	36	-0.12815651102746578
sub-16	meta_metaphor	meta_R_AG	yy	YY	word_label	yy_40	yy_40	40	0.7047221158644064
sub-16	meta_metaphor	meta_R_AG	yy	YY	word_label	yy_3	yy_3	3	-0.6620413926200548
sub-16	meta_metaphor	meta_R_AG	yy	YY	word_label	yy_32	yy_32	32	-0.09979016184622952
sub-16	meta_metaphor	meta_R_AG	yy	YY	word_label	yy_5	yy_5	5	-0.046850829339043935
sub-16	meta_metaphor	meta_R_AG	yy	YY	word_label	yy_27	yy_27	27	-0.353476376328071
sub-16	meta_metaphor	meta_R_AG	yy	YY	word_label	yy_21	yy_21	21	-0.17352403382464693
sub-16	meta_metaphor	meta_R_AG	yy	YY	word_label	yy_24	yy_24	24	0.06687632607923225
sub-16	meta_metaphor	meta_R_AG	yy	YY	word_label	yy_19	yy_19	19	-0.5820218764263123
sub-16	meta_metaphor	meta_R_AG	yy	YY	word_label	yy_35	yy_35	35	0.20972202810692153
sub-16	meta_metaphor	meta_R_AG	yy	YY	word_label	yy_13	yy_13	13	-0.2195197812560559
sub-16	meta_metaphor	meta_R_AG	yy	YY	word_label	yy_4	yy_4	4	-0.3379711425497107
sub-16	meta_metaphor	meta_R_AG	yy	YY	word_label	yy_9	yy_9	9	0.2890158723202112
sub-16	meta_metaphor	meta_R_AG	yy	YY	word_label	yy_18	yy_18	18	-0.020077250839729683
sub-16	meta_metaphor	meta_R_AG	yy	YY	word_label	yy_6	yy_6	6	0.027305363214449933
sub-16	meta_metaphor	meta_R_AG	yy	YY	word_label	yy_22	yy_22	22	-0.07700164196788381
sub-16	meta_metaphor	meta_R_AG	yy	YY	word_label	yy_8	yy_8	8	0.1486643553461907
sub-16	meta_metaphor	meta_R_AG	yy	YY	word_label	yy_11	yy_11	11	0.1455615940499891
sub-16	meta_metaphor	meta_R_AG	yy	YY	word_label	yy_2	yy_2	2	0.6255326824044675
sub-16	meta_metaphor	meta_R_AG	yy	YY	word_label	yy_33	yy_33	33	0.2990013633218626
sub-16	meta_metaphor	meta_R_AG	yy	YY	word_label	yy_28	yy_28	28	0.29431522569380847
sub-16	meta_metaphor	meta_R_AG	yy	YY	word_label	yy_16	yy_16	16	-0.24212721599494733
sub-16	meta_metaphor	meta_R_AG	yy	YY	word_label	yy_29	yy_29	29	0.3343206277927155
sub-16	meta_metaphor	meta_R_AG	yy	YY	word_label	yy_23	yy_23	23	-0.12186967033883872
sub-16	meta_metaphor	meta_R_AG	yy	YY	word_label	yy_37	yy_37	37	0.18807526553206527
sub-16	meta_metaphor	meta_R_AG	yy	YY	word_label	yy_39	yy_39	39	0.4421004543603511
sub-16	meta_metaphor	meta_R_AG	yy	YY	word_label	yy_14	yy_14	14	-0.49839526257436406
sub-16	meta_metaphor	meta_R_AG	yy	YY	word_label	yy_17	yy_17	17	-0.3567124560497328
sub-16	meta_metaphor	meta_R_AG	yy	YY	word_label	yy_7	yy_7	7	0.015653242102329767
sub-16	meta_metaphor	meta_R_AG	yy	YY	word_label	yy_10	yy_10	10	-0.174739774358696
sub-16	meta_metaphor	meta_R_AG	kj	KJ	word_label	kj_25	kj_25	25	-0.4677559111983741
sub-16	meta_metaphor	meta_R_AG	kj	KJ	word_label	kj_20	kj_20	20	-0.5042433679777782
sub-16	meta_metaphor	meta_R_AG	kj	KJ	word_label	kj_28	kj_28	28	0.08748296739924813
sub-16	meta_metaphor	meta_R_AG	kj	KJ	word_label	kj_14	kj_14	14	0.13332343350485182
sub-16	meta_metaphor	meta_R_AG	kj	KJ	word_label	kj_10	kj_10	10	-0.3580537917816821
sub-16	meta_metaphor	meta_R_AG	kj	KJ	word_label	kj_1	kj_1	1	-0.1277398088533891
sub-16	meta_metaphor	meta_R_AG	kj	KJ	word_label	kj_6	kj_6	6	0.4188710955266397
sub-16	meta_metaphor	meta_R_AG	kj	KJ	word_label	kj_39	kj_39	39	0.1307420403809657
sub-16	meta_metaphor	meta_R_AG	kj	KJ	word_label	kj_15	kj_15	15	-0.4702726296279116
sub-16	meta_metaphor	meta_R_AG	kj	KJ	word_label	kj_29	kj_29	29	-0.25771755096984256
sub-16	meta_metaphor	meta_R_AG	kj	KJ	word_label	kj_2	kj_2	2	0.011605677787451876
sub-16	meta_metaphor	meta_R_AG	kj	KJ	word_label	kj_30	kj_30	30	-0.6647652744944117
sub-16	meta_metaphor	meta_R_AG	kj	KJ	word_label	kj_38	kj_38	38	-0.22178078725092804
sub-16	meta_metaphor	meta_R_AG	kj	KJ	word_label	kj_23	kj_23	23	0.45598349653785414
sub-16	meta_metaphor	meta_R_AG	kj	KJ	word_label	kj_26	kj_26	26	-0.19706313112
sub-16	meta_metaphor	meta_R_AG	kj	KJ	word_label	kj_33	kj_33	33	0.1405394375135451
sub-16	meta_metaphor	meta_R_AG	kj	KJ	word_label	kj_17	kj_17	17	0.23025222033564724
sub-16	meta_metaphor	meta_R_AG	kj	KJ	word_label	kj_8	kj_8	8	-0.14944667221494673
sub-16	meta_metaphor	meta_R_AG	kj	KJ	word_label	kj_11	kj_11	11	-6.642015115080448e-05
sub-16	meta_metaphor	meta_R_AG	kj	KJ	word_label	kj_22	kj_22	22	0.20610236137013063
sub-16	meta_metaphor	meta_R_AG	kj	KJ	word_label	kj_13	kj_13	13	-0.01351508135702078
sub-16	meta_metaphor	meta_R_AG	kj	KJ	word_label	kj_27	kj_27	27	0.5116389780636021
sub-16	meta_metaphor	meta_R_AG	kj	KJ	word_label	kj_7	kj_7	7	0.15305266817705743
sub-16	meta_metaphor	meta_R_AG	kj	KJ	word_label	kj_37	kj_37	37	-0.3301911636875747
sub-16	meta_metaphor	meta_R_AG	kj	KJ	word_label	kj_19	kj_19	19	0.16144510740000736
sub-16	meta_metaphor	meta_R_AG	kj	KJ	word_label	kj_36	kj_36	36	0.6747038628060229
sub-16	meta_metaphor	meta_R_AG	kj	KJ	word_label	kj_16	kj_16	16	0.08227577662098258
sub-16	meta_metaphor	meta_R_AG	kj	KJ	word_label	kj_3	kj_3	3	0.24138070891373056
sub-16	meta_metaphor	meta_R_AG	kj	KJ	word_label	kj_12	kj_12	12	-0.23230214127196502
sub-16	meta_metaphor	meta_R_AG	kj	KJ	word_label	kj_5	kj_5	5	0.06268942677182995
sub-16	meta_metaphor	meta_R_AG	kj	KJ	word_label	kj_9	kj_9	9	0.007332858690296919
sub-16	meta_metaphor	meta_R_AG	kj	KJ	word_label	kj_21	kj_21	21	-0.5455093821060196
sub-16	meta_metaphor	meta_R_AG	kj	KJ	word_label	kj_24	kj_24	24	0.3752440519363542
sub-16	meta_metaphor	meta_R_AG	kj	KJ	word_label	kj_34	kj_34	34	0.035446589977358854
sub-16	meta_metaphor	meta_R_AG	kj	KJ	word_label	kj_31	kj_31	31	0.35406230184795334
sub-16	meta_metaphor	meta_R_IFG	yy	YY	word_label	yy_38	yy_38	38	0.3622803334519241
sub-16	meta_metaphor	meta_R_IFG	yy	YY	word_label	yy_26	yy_26	26	-0.10097101377619777
sub-16	meta_metaphor	meta_R_IFG	yy	YY	word_label	yy_15	yy_15	15	0.3338579590529605
sub-16	meta_metaphor	meta_R_IFG	yy	YY	word_label	yy_1	yy_1	1	-0.08647167593656185
sub-16	meta_metaphor	meta_R_IFG	yy	YY	word_label	yy_12	yy_12	12	-0.25934334719168434
sub-16	meta_metaphor	meta_R_IFG	yy	YY	word_label	yy_36	yy_36	36	0.44736688506335337
sub-16	meta_metaphor	meta_R_IFG	yy	YY	word_label	yy_40	yy_40	40	-0.16887527124873686
sub-16	meta_metaphor	meta_R_IFG	yy	YY	word_label	yy_3	yy_3	3	0.13535172601432546
sub-16	meta_metaphor	meta_R_IFG	yy	YY	word_label	yy_32	yy_32	32	-0.4270983786680238
sub-16	meta_metaphor	meta_R_IFG	yy	YY	word_label	yy_5	yy_5	5	0.33974494783078024
sub-16	meta_metaphor	meta_R_IFG	yy	YY	word_label	yy_27	yy_27	27	-0.36575289508483616
sub-16	meta_metaphor	meta_R_IFG	yy	YY	word_label	yy_21	yy_21	21	-0.053158075815707556
sub-16	meta_metaphor	meta_R_IFG	yy	YY	word_label	yy_24	yy_24	24	-0.05924282126402519
sub-16	meta_metaphor	meta_R_IFG	yy	YY	word_label	yy_19	yy_19	19	0.2204816322227667
sub-16	meta_metaphor	meta_R_IFG	yy	YY	word_label	yy_35	yy_35	35	0.00984228438036439
sub-16	meta_metaphor	meta_R_IFG	yy	YY	word_label	yy_13	yy_13	13	0.010507654867423869
sub-16	meta_metaphor	meta_R_IFG	yy	YY	word_label	yy_4	yy_4	4	0.18516827016805676
sub-16	meta_metaphor	meta_R_IFG	yy	YY	word_label	yy_9	yy_9	9	0.23106307226684197
sub-16	meta_metaphor	meta_R_IFG	yy	YY	word_label	yy_18	yy_18	18	0.3088311933464802
sub-16	meta_metaphor	meta_R_IFG	yy	YY	word_label	yy_6	yy_6	6	-0.00860019281768961
sub-16	meta_metaphor	meta_R_IFG	yy	YY	word_label	yy_22	yy_22	22	-0.024209802087174118
sub-16	meta_metaphor	meta_R_IFG	yy	YY	word_label	yy_8	yy_8	8	0.6520471347973209
sub-16	meta_metaphor	meta_R_IFG	yy	YY	word_label	yy_11	yy_11	11	0.31722853252670474
sub-16	meta_metaphor	meta_R_IFG	yy	YY	word_label	yy_2	yy_2	2	0.5816859820613582
sub-16	meta_metaphor	meta_R_IFG	yy	YY	word_label	yy_33	yy_33	33	0.23239814076963652
sub-16	meta_metaphor	meta_R_IFG	yy	YY	word_label	yy_28	yy_28	28	0.21257430980498593
sub-16	meta_metaphor	meta_R_IFG	yy	YY	word_label	yy_16	yy_16	16	0.19707753309115747
sub-16	meta_metaphor	meta_R_IFG	yy	YY	word_label	yy_29	yy_29	29	0.5155206800645689
sub-16	meta_metaphor	meta_R_IFG	yy	YY	word_label	yy_23	yy_23	23	-0.21715790737783625
sub-16	meta_metaphor	meta_R_IFG	yy	YY	word_label	yy_37	yy_37	37	-0.3607873293698072
sub-16	meta_metaphor	meta_R_IFG	yy	YY	word_label	yy_39	yy_39	39	0.07688630599714553
sub-16	meta_metaphor	meta_R_IFG	yy	YY	word_label	yy_14	yy_14	14	-0.42835514915721273
sub-16	meta_metaphor	meta_R_IFG	yy	YY	word_label	yy_17	yy_17	17	-0.2309549783478573
sub-16	meta_metaphor	meta_R_IFG	yy	YY	word_label	yy_7	yy_7	7	-0.0031858795019469744
sub-16	meta_metaphor	meta_R_IFG	yy	YY	word_label	yy_10	yy_10	10	0.2784972202545619
sub-16	meta_metaphor	meta_R_IFG	kj	KJ	word_label	kj_25	kj_25	25	-0.2739362360729411
sub-16	meta_metaphor	meta_R_IFG	kj	KJ	word_label	kj_20	kj_20	20	0.3349508867169702
sub-16	meta_metaphor	meta_R_IFG	kj	KJ	word_label	kj_28	kj_28	28	-0.07243500133603804
sub-16	meta_metaphor	meta_R_IFG	kj	KJ	word_label	kj_14	kj_14	14	-0.2366531185393105
sub-16	meta_metaphor	meta_R_IFG	kj	KJ	word_label	kj_10	kj_10	10	0.4839495644589973
sub-16	meta_metaphor	meta_R_IFG	kj	KJ	word_label	kj_1	kj_1	1	0.12246702996585865
sub-16	meta_metaphor	meta_R_IFG	kj	KJ	word_label	kj_6	kj_6	6	-0.32081618623891306
sub-16	meta_metaphor	meta_R_IFG	kj	KJ	word_label	kj_39	kj_39	39	-0.5180739728840179
sub-16	meta_metaphor	meta_R_IFG	kj	KJ	word_label	kj_15	kj_15	15	-0.26265272976499204
sub-16	meta_metaphor	meta_R_IFG	kj	KJ	word_label	kj_29	kj_29	29	-0.21568796025956877
sub-16	meta_metaphor	meta_R_IFG	kj	KJ	word_label	kj_2	kj_2	2	-0.2583090837933656
sub-16	meta_metaphor	meta_R_IFG	kj	KJ	word_label	kj_30	kj_30	30	0.15893935468742784
sub-16	meta_metaphor	meta_R_IFG	kj	KJ	word_label	kj_38	kj_38	38	0.5191950909357128
sub-16	meta_metaphor	meta_R_IFG	kj	KJ	word_label	kj_23	kj_23	23	0.12034656267338763
sub-16	meta_metaphor	meta_R_IFG	kj	KJ	word_label	kj_26	kj_26	26	0.17848749314191867
sub-16	meta_metaphor	meta_R_IFG	kj	KJ	word_label	kj_33	kj_33	33	0.2538332461222111
sub-16	meta_metaphor	meta_R_IFG	kj	KJ	word_label	kj_17	kj_17	17	-0.04473642122181908
sub-16	meta_metaphor	meta_R_IFG	kj	KJ	word_label	kj_8	kj_8	8	-0.07619783946397696
sub-16	meta_metaphor	meta_R_IFG	kj	KJ	word_label	kj_11	kj_11	11	0.10552564852708027
sub-16	meta_metaphor	meta_R_IFG	kj	KJ	word_label	kj_22	kj_22	22	-0.13151494502000366
sub-16	meta_metaphor	meta_R_IFG	kj	KJ	word_label	kj_13	kj_13	13	0.4019349349526938
sub-16	meta_metaphor	meta_R_IFG	kj	KJ	word_label	kj_27	kj_27	27	0.38692245627501876
sub-16	meta_metaphor	meta_R_IFG	kj	KJ	word_label	kj_7	kj_7	7	-0.2566441039978525
sub-16	meta_metaphor	meta_R_IFG	kj	KJ	word_label	kj_37	kj_37	37	0.15003518585438114
sub-16	meta_metaphor	meta_R_IFG	kj	KJ	word_label	kj_19	kj_19	19	0.00845489527420655
sub-16	meta_metaphor	meta_R_IFG	kj	KJ	word_label	kj_36	kj_36	36	0.0015881402527254344
sub-16	meta_metaphor	meta_R_IFG	kj	KJ	word_label	kj_16	kj_16	16	0.004563701980954324
sub-16	meta_metaphor	meta_R_IFG	kj	KJ	word_label	kj_3	kj_3	3	-0.3635944907243428
sub-16	meta_metaphor	meta_R_IFG	kj	KJ	word_label	kj_12	kj_12	12	0.18063405553079329
sub-16	meta_metaphor	meta_R_IFG	kj	KJ	word_label	kj_5	kj_5	5	-0.5059240279553365
sub-16	meta_metaphor	meta_R_IFG	kj	KJ	word_label	kj_9	kj_9	9	-0.09327688089202373
sub-16	meta_metaphor	meta_R_IFG	kj	KJ	word_label	kj_21	kj_21	21	-0.045611835219083394
sub-16	meta_metaphor	meta_R_IFG	kj	KJ	word_label	kj_24	kj_24	24	-0.3650535949790658
sub-16	meta_metaphor	meta_R_IFG	kj	KJ	word_label	kj_34	kj_34	34	-0.4373535161633051
sub-16	meta_metaphor	meta_R_IFG	kj	KJ	word_label	kj_31	kj_31	31	0.25331339724007396
sub-16	meta_metaphor	meta_R_pMTG_pSTS	yy	YY	word_label	yy_38	yy_38	38	-0.06698726248456734
sub-16	meta_metaphor	meta_R_pMTG_pSTS	yy	YY	word_label	yy_26	yy_26	26	-0.1126296531704651
sub-16	meta_metaphor	meta_R_pMTG_pSTS	yy	YY	word_label	yy_15	yy_15	15	-0.16576928391085935
sub-16	meta_metaphor	meta_R_pMTG_pSTS	yy	YY	word_label	yy_1	yy_1	1	0.23491040574528924
sub-16	meta_metaphor	meta_R_pMTG_pSTS	yy	YY	word_label	yy_12	yy_12	12	0.020050485230200255
sub-16	meta_metaphor	meta_R_pMTG_pSTS	yy	YY	word_label	yy_36	yy_36	36	0.35457559626557045
sub-16	meta_metaphor	meta_R_pMTG_pSTS	yy	YY	word_label	yy_40	yy_40	40	0.1393927275125555
sub-16	meta_metaphor	meta_R_pMTG_pSTS	yy	YY	word_label	yy_3	yy_3	3	-0.04137126141563746
sub-16	meta_metaphor	meta_R_pMTG_pSTS	yy	YY	word_label	yy_32	yy_32	32	-0.22384860192430586
sub-16	meta_metaphor	meta_R_pMTG_pSTS	yy	YY	word_label	yy_5	yy_5	5	-0.11385720198116225
sub-16	meta_metaphor	meta_R_pMTG_pSTS	yy	YY	word_label	yy_27	yy_27	27	-0.620428529267089
sub-16	meta_metaphor	meta_R_pMTG_pSTS	yy	YY	word_label	yy_21	yy_21	21	-0.4584721519104956
sub-16	meta_metaphor	meta_R_pMTG_pSTS	yy	YY	word_label	yy_24	yy_24	24	0.2243758376101999
sub-16	meta_metaphor	meta_R_pMTG_pSTS	yy	YY	word_label	yy_19	yy_19	19	-0.428143700470783
sub-16	meta_metaphor	meta_R_pMTG_pSTS	yy	YY	word_label	yy_35	yy_35	35	0.08117685219268315
sub-16	meta_metaphor	meta_R_pMTG_pSTS	yy	YY	word_label	yy_13	yy_13	13	0.06380759444687857
sub-16	meta_metaphor	meta_R_pMTG_pSTS	yy	YY	word_label	yy_4	yy_4	4	0.4033863232338538
sub-16	meta_metaphor	meta_R_pMTG_pSTS	yy	YY	word_label	yy_9	yy_9	9	-0.30615940727842467
sub-16	meta_metaphor	meta_R_pMTG_pSTS	yy	YY	word_label	yy_18	yy_18	18	0.22828324248575593
sub-16	meta_metaphor	meta_R_pMTG_pSTS	yy	YY	word_label	yy_6	yy_6	6	0.06221325681367368
sub-16	meta_metaphor	meta_R_pMTG_pSTS	yy	YY	word_label	yy_22	yy_22	22	-0.02635903783889856
sub-16	meta_metaphor	meta_R_pMTG_pSTS	yy	YY	word_label	yy_8	yy_8	8	-0.16376669523246423
sub-16	meta_metaphor	meta_R_pMTG_pSTS	yy	YY	word_label	yy_11	yy_11	11	-0.037037229241198566
sub-16	meta_metaphor	meta_R_pMTG_pSTS	yy	YY	word_label	yy_2	yy_2	2	0.03641172764473599
sub-16	meta_metaphor	meta_R_pMTG_pSTS	yy	YY	word_label	yy_33	yy_33	33	-0.06902604367290649
sub-16	meta_metaphor	meta_R_pMTG_pSTS	yy	YY	word_label	yy_28	yy_28	28	0.24548379276621915
sub-16	meta_metaphor	meta_R_pMTG_pSTS	yy	YY	word_label	yy_16	yy_16	16	0.4123203621726611
sub-16	meta_metaphor	meta_R_pMTG_pSTS	yy	YY	word_label	yy_29	yy_29	29	0.019739470363329785
sub-16	meta_metaphor	meta_R_pMTG_pSTS	yy	YY	word_label	yy_23	yy_23	23	0.26362126756132104
sub-16	meta_metaphor	meta_R_pMTG_pSTS	yy	YY	word_label	yy_37	yy_37	37	0.26578039044540086
sub-16	meta_metaphor	meta_R_pMTG_pSTS	yy	YY	word_label	yy_39	yy_39	39	-0.27790040631627927
sub-16	meta_metaphor	meta_R_pMTG_pSTS	yy	YY	word_label	yy_14	yy_14	14	0.14236471880796225
sub-16	meta_metaphor	meta_R_pMTG_pSTS	yy	YY	word_label	yy_17	yy_17	17	0.015528796774440056
sub-16	meta_metaphor	meta_R_pMTG_pSTS	yy	YY	word_label	yy_7	yy_7	7	-0.0507425961135935
sub-16	meta_metaphor	meta_R_pMTG_pSTS	yy	YY	word_label	yy_10	yy_10	10	0.1075633094568488
sub-16	meta_metaphor	meta_R_pMTG_pSTS	kj	KJ	word_label	kj_25	kj_25	25	-0.2559257505308653
sub-16	meta_metaphor	meta_R_pMTG_pSTS	kj	KJ	word_label	kj_20	kj_20	20	0.5943221961906343
sub-16	meta_metaphor	meta_R_pMTG_pSTS	kj	KJ	word_label	kj_28	kj_28	28	0.4037026357457257
sub-16	meta_metaphor	meta_R_pMTG_pSTS	kj	KJ	word_label	kj_14	kj_14	14	0.09850717518878054
sub-16	meta_metaphor	meta_R_pMTG_pSTS	kj	KJ	word_label	kj_10	kj_10	10	0.37349594294495214
sub-16	meta_metaphor	meta_R_pMTG_pSTS	kj	KJ	word_label	kj_1	kj_1	1	0.21504395912518215
sub-16	meta_metaphor	meta_R_pMTG_pSTS	kj	KJ	word_label	kj_6	kj_6	6	-0.2601175918008246
sub-16	meta_metaphor	meta_R_pMTG_pSTS	kj	KJ	word_label	kj_39	kj_39	39	-0.12304294925080678
sub-16	meta_metaphor	meta_R_pMTG_pSTS	kj	KJ	word_label	kj_15	kj_15	15	0.17870348179603943
sub-16	meta_metaphor	meta_R_pMTG_pSTS	kj	KJ	word_label	kj_29	kj_29	29	0.04319979655414836
sub-16	meta_metaphor	meta_R_pMTG_pSTS	kj	KJ	word_label	kj_2	kj_2	2	-0.0027356316862937355
sub-16	meta_metaphor	meta_R_pMTG_pSTS	kj	KJ	word_label	kj_30	kj_30	30	-0.11048891709909044
sub-16	meta_metaphor	meta_R_pMTG_pSTS	kj	KJ	word_label	kj_38	kj_38	38	-0.23863839933538875
sub-16	meta_metaphor	meta_R_pMTG_pSTS	kj	KJ	word_label	kj_23	kj_23	23	-0.043811421042423644
sub-16	meta_metaphor	meta_R_pMTG_pSTS	kj	KJ	word_label	kj_26	kj_26	26	0.08624187857456332
sub-16	meta_metaphor	meta_R_pMTG_pSTS	kj	KJ	word_label	kj_33	kj_33	33	0.31398585965383863
sub-16	meta_metaphor	meta_R_pMTG_pSTS	kj	KJ	word_label	kj_17	kj_17	17	0.1735061555586481
sub-16	meta_metaphor	meta_R_pMTG_pSTS	kj	KJ	word_label	kj_8	kj_8	8	0.1400081008131672
sub-16	meta_metaphor	meta_R_pMTG_pSTS	kj	KJ	word_label	kj_11	kj_11	11	-0.20038075075136547
sub-16	meta_metaphor	meta_R_pMTG_pSTS	kj	KJ	word_label	kj_22	kj_22	22	-0.11748270291837765
sub-16	meta_metaphor	meta_R_pMTG_pSTS	kj	KJ	word_label	kj_13	kj_13	13	0.5335418087661363
sub-16	meta_metaphor	meta_R_pMTG_pSTS	kj	KJ	word_label	kj_27	kj_27	27	0.13821726551547375
sub-16	meta_metaphor	meta_R_pMTG_pSTS	kj	KJ	word_label	kj_7	kj_7	7	-0.14094383714687034
sub-16	meta_metaphor	meta_R_pMTG_pSTS	kj	KJ	word_label	kj_37	kj_37	37	-0.263540066341957
sub-16	meta_metaphor	meta_R_pMTG_pSTS	kj	KJ	word_label	kj_19	kj_19	19	0.15833748400078845
sub-16	meta_metaphor	meta_R_pMTG_pSTS	kj	KJ	word_label	kj_36	kj_36	36	0.02259574164296181
sub-16	meta_metaphor	meta_R_pMTG_pSTS	kj	KJ	word_label	kj_16	kj_16	16	-0.21974398387336527
sub-16	meta_metaphor	meta_R_pMTG_pSTS	kj	KJ	word_label	kj_3	kj_3	3	-0.1261900406597662
sub-16	meta_metaphor	meta_R_pMTG_pSTS	kj	KJ	word_label	kj_12	kj_12	12	-0.29338198377105984
sub-16	meta_metaphor	meta_R_pMTG_pSTS	kj	KJ	word_label	kj_5	kj_5	5	0.13454972318620168
sub-16	meta_metaphor	meta_R_pMTG_pSTS	kj	KJ	word_label	kj_9	kj_9	9	0.34809660816591603
sub-16	meta_metaphor	meta_R_pMTG_pSTS	kj	KJ	word_label	kj_21	kj_21	21	0.2063351499962912
sub-16	meta_metaphor	meta_R_pMTG_pSTS	kj	KJ	word_label	kj_24	kj_24	24	-0.03609138505951738
sub-16	meta_metaphor	meta_R_pMTG_pSTS	kj	KJ	word_label	kj_34	kj_34	34	-0.36865880258431266
sub-16	meta_metaphor	meta_R_pMTG_pSTS	kj	KJ	word_label	kj_31	kj_31	31	0.025134312142195015
sub-16	meta_metaphor	meta_R_temporal_pole	yy	YY	word_label	yy_38	yy_38	38	0.08448986287469228
sub-16	meta_metaphor	meta_R_temporal_pole	yy	YY	word_label	yy_26	yy_26	26	-0.3100899506747952
sub-16	meta_metaphor	meta_R_temporal_pole	yy	YY	word_label	yy_15	yy_15	15	0.06566339410074808
sub-16	meta_metaphor	meta_R_temporal_pole	yy	YY	word_label	yy_1	yy_1	1	-0.7098085021046323
sub-16	meta_metaphor	meta_R_temporal_pole	yy	YY	word_label	yy_12	yy_12	12	-0.553876322917441
sub-16	meta_metaphor	meta_R_temporal_pole	yy	YY	word_label	yy_36	yy_36	36	0.045956378642430254
sub-16	meta_metaphor	meta_R_temporal_pole	yy	YY	word_label	yy_40	yy_40	40	-0.19704774731440144
sub-16	meta_metaphor	meta_R_temporal_pole	yy	YY	word_label	yy_3	yy_3	3	0.0006529326243879992
sub-16	meta_metaphor	meta_R_temporal_pole	yy	YY	word_label	yy_32	yy_32	32	-0.01753509406009287
sub-16	meta_metaphor	meta_R_temporal_pole	yy	YY	word_label	yy_5	yy_5	5	-0.0443679628556778
sub-16	meta_metaphor	meta_R_temporal_pole	yy	YY	word_label	yy_27	yy_27	27	-0.25246302291058786
sub-16	meta_metaphor	meta_R_temporal_pole	yy	YY	word_label	yy_21	yy_21	21	-0.14519029701806607
sub-16	meta_metaphor	meta_R_temporal_pole	yy	YY	word_label	yy_24	yy_24	24	0.3086345747110164
sub-16	meta_metaphor	meta_R_temporal_pole	yy	YY	word_label	yy_19	yy_19	19	-0.5278380271992005
sub-16	meta_metaphor	meta_R_temporal_pole	yy	YY	word_label	yy_35	yy_35	35	-0.27250852929977715
sub-16	meta_metaphor	meta_R_temporal_pole	yy	YY	word_label	yy_13	yy_13	13	-0.24586188716227583
sub-16	meta_metaphor	meta_R_temporal_pole	yy	YY	word_label	yy_4	yy_4	4	-0.0443554659099979
sub-16	meta_metaphor	meta_R_temporal_pole	yy	YY	word_label	yy_9	yy_9	9	0.054750695448736945
sub-16	meta_metaphor	meta_R_temporal_pole	yy	YY	word_label	yy_18	yy_18	18	-0.5608032116844086
sub-16	meta_metaphor	meta_R_temporal_pole	yy	YY	word_label	yy_6	yy_6	6	0.03541182985124956
sub-16	meta_metaphor	meta_R_temporal_pole	yy	YY	word_label	yy_22	yy_22	22	-0.18520065665527627
sub-16	meta_metaphor	meta_R_temporal_pole	yy	YY	word_label	yy_8	yy_8	8	-0.5206431154441298
sub-16	meta_metaphor	meta_R_temporal_pole	yy	YY	word_label	yy_11	yy_11	11	0.05210915364870485
sub-16	meta_metaphor	meta_R_temporal_pole	yy	YY	word_label	yy_2	yy_2	2	0.5146357838598532
sub-16	meta_metaphor	meta_R_temporal_pole	yy	YY	word_label	yy_33	yy_33	33	0.4672921081264969
sub-16	meta_metaphor	meta_R_temporal_pole	yy	YY	word_label	yy_28	yy_28	28	0.28580254444508124
sub-16	meta_metaphor	meta_R_temporal_pole	yy	YY	word_label	yy_16	yy_16	16	-0.7880395008318823
sub-16	meta_metaphor	meta_R_temporal_pole	yy	YY	word_label	yy_29	yy_29	29	-0.2831369551570375
sub-16	meta_metaphor	meta_R_temporal_pole	yy	YY	word_label	yy_23	yy_23	23	-0.07506782066688635
sub-16	meta_metaphor	meta_R_temporal_pole	yy	YY	word_label	yy_37	yy_37	37	0.3402571201785557
sub-16	meta_metaphor	meta_R_temporal_pole	yy	YY	word_label	yy_39	yy_39	39	-0.30194548516659137
sub-16	meta_metaphor	meta_R_temporal_pole	yy	YY	word_label	yy_14	yy_14	14	0.11073641117514547
sub-16	meta_metaphor	meta_R_temporal_pole	yy	YY	word_label	yy_17	yy_17	17	-0.07954277694279879
sub-16	meta_metaphor	meta_R_temporal_pole	yy	YY	word_label	yy_7	yy_7	7	0.20535875707266962
sub-16	meta_metaphor	meta_R_temporal_pole	yy	YY	word_label	yy_10	yy_10	10	0.5354549357145931
sub-16	meta_metaphor	meta_R_temporal_pole	kj	KJ	word_label	kj_25	kj_25	25	0.21718295082934425
sub-16	meta_metaphor	meta_R_temporal_pole	kj	KJ	word_label	kj_20	kj_20	20	-0.20165659653540224
sub-16	meta_metaphor	meta_R_temporal_pole	kj	KJ	word_label	kj_28	kj_28	28	-0.37853762317132095
sub-16	meta_metaphor	meta_R_temporal_pole	kj	KJ	word_label	kj_14	kj_14	14	0.21780056855895455
sub-16	meta_metaphor	meta_R_temporal_pole	kj	KJ	word_label	kj_10	kj_10	10	0.15345466417162223
sub-16	meta_metaphor	meta_R_temporal_pole	kj	KJ	word_label	kj_1	kj_1	1	0.31323113622401194
sub-16	meta_metaphor	meta_R_temporal_pole	kj	KJ	word_label	kj_6	kj_6	6	0.17592248030298838
sub-16	meta_metaphor	meta_R_temporal_pole	kj	KJ	word_label	kj_39	kj_39	39	0.3833885449958269
sub-16	meta_metaphor	meta_R_temporal_pole	kj	KJ	word_label	kj_15	kj_15	15	-0.238440749763567
sub-16	meta_metaphor	meta_R_temporal_pole	kj	KJ	word_label	kj_29	kj_29	29	0.4054275533878306
sub-16	meta_metaphor	meta_R_temporal_pole	kj	KJ	word_label	kj_2	kj_2	2	-0.05153838991818147
sub-16	meta_metaphor	meta_R_temporal_pole	kj	KJ	word_label	kj_30	kj_30	30	0.20534276791811998
sub-16	meta_metaphor	meta_R_temporal_pole	kj	KJ	word_label	kj_38	kj_38	38	-0.19706148232335
sub-16	meta_metaphor	meta_R_temporal_pole	kj	KJ	word_label	kj_23	kj_23	23	-0.04039205740164247
sub-16	meta_metaphor	meta_R_temporal_pole	kj	KJ	word_label	kj_26	kj_26	26	-0.26220045025426997
sub-16	meta_metaphor	meta_R_temporal_pole	kj	KJ	word_label	kj_33	kj_33	33	0.30238746568192765
sub-16	meta_metaphor	meta_R_temporal_pole	kj	KJ	word_label	kj_17	kj_17	17	-0.3796479813607987
sub-16	meta_metaphor	meta_R_temporal_pole	kj	KJ	word_label	kj_8	kj_8	8	0.00331238205950892
sub-16	meta_metaphor	meta_R_temporal_pole	kj	KJ	word_label	kj_11	kj_11	11	-0.19784653648727
sub-16	meta_metaphor	meta_R_temporal_pole	kj	KJ	word_label	kj_22	kj_22	22	0.013126721770053916
sub-16	meta_metaphor	meta_R_temporal_pole	kj	KJ	word_label	kj_13	kj_13	13	0.34449217071774807
sub-16	meta_metaphor	meta_R_temporal_pole	kj	KJ	word_label	kj_27	kj_27	27	-0.3920182502536528
sub-16	meta_metaphor	meta_R_temporal_pole	kj	KJ	word_label	kj_7	kj_7	7	0.033836392243918344
sub-16	meta_metaphor	meta_R_temporal_pole	kj	KJ	word_label	kj_37	kj_37	37	0.15946312496229537
sub-16	meta_metaphor	meta_R_temporal_pole	kj	KJ	word_label	kj_19	kj_19	19	0.5860509081261084
sub-16	meta_metaphor	meta_R_temporal_pole	kj	KJ	word_label	kj_36	kj_36	36	-0.7266253894280711
sub-16	meta_metaphor	meta_R_temporal_pole	kj	KJ	word_label	kj_16	kj_16	16	-0.1830209187771571
sub-16	meta_metaphor	meta_R_temporal_pole	kj	KJ	word_label	kj_3	kj_3	3	-0.7391197624585899
sub-16	meta_metaphor	meta_R_temporal_pole	kj	KJ	word_label	kj_12	kj_12	12	-0.49653831260507786
sub-16	meta_metaphor	meta_R_temporal_pole	kj	KJ	word_label	kj_5	kj_5	5	-0.4410751391000274
sub-16	meta_metaphor	meta_R_temporal_pole	kj	KJ	word_label	kj_9	kj_9	9	0.5351018571557791
sub-16	meta_metaphor	meta_R_temporal_pole	kj	KJ	word_label	kj_21	kj_21	21	-0.7032379212844664
sub-16	meta_metaphor	meta_R_temporal_pole	kj	KJ	word_label	kj_24	kj_24	24	-0.2174891740492472
sub-16	meta_metaphor	meta_R_temporal_pole	kj	KJ	word_label	kj_34	kj_34	34	-0.5713605048402567
sub-16	meta_metaphor	meta_R_temporal_pole	kj	KJ	word_label	kj_31	kj_31	31	-0.5948336909130989
sub-17	meta_metaphor	meta_L_AG	yy	YY	word_label	yy_1	yy_1	1	0.6239017033411407
sub-17	meta_metaphor	meta_L_AG	yy	YY	word_label	yy_19	yy_19	19	0.2978260272619973
sub-17	meta_metaphor	meta_L_AG	yy	YY	word_label	yy_24	yy_24	24	-0.4342223668332109
sub-17	meta_metaphor	meta_L_AG	yy	YY	word_label	yy_21	yy_21	21	0.19591844451584958
sub-17	meta_metaphor	meta_L_AG	yy	YY	word_label	yy_9	yy_9	9	0.4169930937012863
sub-17	meta_metaphor	meta_L_AG	yy	YY	word_label	yy_37	yy_37	37	-0.35420533517993213
sub-17	meta_metaphor	meta_L_AG	yy	YY	word_label	yy_33	yy_33	33	0.18554239090895946
sub-17	meta_metaphor	meta_L_AG	yy	YY	word_label	yy_2	yy_2	2	-0.029905113590578326
sub-17	meta_metaphor	meta_L_AG	yy	YY	word_label	yy_6	yy_6	6	0.2493683762194033
sub-17	meta_metaphor	meta_L_AG	yy	YY	word_label	yy_32	yy_32	32	0.5106846643548233
sub-17	meta_metaphor	meta_L_AG	yy	YY	word_label	yy_14	yy_14	14	-0.4616351687513876
sub-17	meta_metaphor	meta_L_AG	yy	YY	word_label	yy_11	yy_11	11	-0.1131717397079908
sub-17	meta_metaphor	meta_L_AG	yy	YY	word_label	yy_35	yy_35	35	0.6939561354807675
sub-17	meta_metaphor	meta_L_AG	yy	YY	word_label	yy_29	yy_29	29	0.23837388032415718
sub-17	meta_metaphor	meta_L_AG	yy	YY	word_label	yy_16	yy_16	16	0.16853534864189237
sub-17	meta_metaphor	meta_L_AG	yy	YY	word_label	yy_5	yy_5	5	-0.1101846727597555
sub-17	meta_metaphor	meta_L_AG	yy	YY	word_label	yy_13	yy_13	13	0.6181018396924499
sub-17	meta_metaphor	meta_L_AG	yy	YY	word_label	yy_40	yy_40	40	-0.23582196692302823
sub-17	meta_metaphor	meta_L_AG	yy	YY	word_label	yy_4	yy_4	4	0.6960146976940897
sub-17	meta_metaphor	meta_L_AG	yy	YY	word_label	yy_39	yy_39	39	0.471618082654489
sub-17	meta_metaphor	meta_L_AG	yy	YY	word_label	yy_15	yy_15	15	-0.3282377846762671
sub-17	meta_metaphor	meta_L_AG	yy	YY	word_label	yy_38	yy_38	38	-0.10260291045032693
sub-17	meta_metaphor	meta_L_AG	yy	YY	word_label	yy_10	yy_10	10	-0.031827208255374814
sub-17	meta_metaphor	meta_L_AG	yy	YY	word_label	yy_12	yy_12	12	0.08400895491194196
sub-17	meta_metaphor	meta_L_AG	yy	YY	word_label	yy_7	yy_7	7	0.282323645903755
sub-17	meta_metaphor	meta_L_AG	yy	YY	word_label	yy_36	yy_36	36	0.28376856455999094
sub-17	meta_metaphor	meta_L_AG	yy	YY	word_label	yy_3	yy_3	3	0.05014023679590557
sub-17	meta_metaphor	meta_L_AG	yy	YY	word_label	yy_17	yy_17	17	0.315630728848748
sub-17	meta_metaphor	meta_L_AG	yy	YY	word_label	yy_8	yy_8	8	-0.36338020968394374
sub-17	meta_metaphor	meta_L_AG	yy	YY	word_label	yy_28	yy_28	28	0.4351478291900844
sub-17	meta_metaphor	meta_L_AG	yy	YY	word_label	yy_18	yy_18	18	0.5051313599169199
sub-17	meta_metaphor	meta_L_AG	yy	YY	word_label	yy_23	yy_23	23	-0.1902205359924188
sub-17	meta_metaphor	meta_L_AG	yy	YY	word_label	yy_26	yy_26	26	0.1014471993658185
sub-17	meta_metaphor	meta_L_AG	yy	YY	word_label	yy_27	yy_27	27	-0.07344599658554625
sub-17	meta_metaphor	meta_L_AG	yy	YY	word_label	yy_22	yy_22	22	-0.2792716764793964
sub-17	meta_metaphor	meta_L_AG	kj	KJ	word_label	kj_28	kj_28	28	0.5049446086228095
sub-17	meta_metaphor	meta_L_AG	kj	KJ	word_label	kj_31	kj_31	31	-0.15061470130058144
sub-17	meta_metaphor	meta_L_AG	kj	KJ	word_label	kj_2	kj_2	2	-0.17867455535510599
sub-17	meta_metaphor	meta_L_AG	kj	KJ	word_label	kj_6	kj_6	6	0.3591085448601058
sub-17	meta_metaphor	meta_L_AG	kj	KJ	word_label	kj_21	kj_21	21	-0.3063117680498842
sub-17	meta_metaphor	meta_L_AG	kj	KJ	word_label	kj_26	kj_26	26	-0.12814993266572858
sub-17	meta_metaphor	meta_L_AG	kj	KJ	word_label	kj_11	kj_11	11	-0.004412654686334242
sub-17	meta_metaphor	meta_L_AG	kj	KJ	word_label	kj_16	kj_16	16	-0.3101908784280664
sub-17	meta_metaphor	meta_L_AG	kj	KJ	word_label	kj_5	kj_5	5	0.10921393462914585
sub-17	meta_metaphor	meta_L_AG	kj	KJ	word_label	kj_34	kj_34	34	-0.27838083818475257
sub-17	meta_metaphor	meta_L_AG	kj	KJ	word_label	kj_10	kj_10	10	-0.2125706752416904
sub-17	meta_metaphor	meta_L_AG	kj	KJ	word_label	kj_3	kj_3	3	-0.14395689497864228
sub-17	meta_metaphor	meta_L_AG	kj	KJ	word_label	kj_8	kj_8	8	0.24044257002868835
sub-17	meta_metaphor	meta_L_AG	kj	KJ	word_label	kj_22	kj_22	22	0.6784670266894804
sub-17	meta_metaphor	meta_L_AG	kj	KJ	word_label	kj_12	kj_12	12	-0.18658967580769434
sub-17	meta_metaphor	meta_L_AG	kj	KJ	word_label	kj_25	kj_25	25	-0.3625355984550178
sub-17	meta_metaphor	meta_L_AG	kj	KJ	word_label	kj_24	kj_24	24	0.24917929276070122
sub-17	meta_metaphor	meta_L_AG	kj	KJ	word_label	kj_17	kj_17	17	0.1253804772654873
sub-17	meta_metaphor	meta_L_AG	kj	KJ	word_label	kj_1	kj_1	1	0.45079220353258326
sub-17	meta_metaphor	meta_L_AG	kj	KJ	word_label	kj_20	kj_20	20	0.3629097151520766
sub-17	meta_metaphor	meta_L_AG	kj	KJ	word_label	kj_9	kj_9	9	-0.5025161550247425
sub-17	meta_metaphor	meta_L_AG	kj	KJ	word_label	kj_29	kj_29	29	0.5808090854736958
sub-17	meta_metaphor	meta_L_AG	kj	KJ	word_label	kj_37	kj_37	37	-0.4710390004989238
sub-17	meta_metaphor	meta_L_AG	kj	KJ	word_label	kj_39	kj_39	39	0.37837810296325797
sub-17	meta_metaphor	meta_L_AG	kj	KJ	word_label	kj_19	kj_19	19	-0.025618917465200116
sub-17	meta_metaphor	meta_L_AG	kj	KJ	word_label	kj_36	kj_36	36	0.007648406360199466
sub-17	meta_metaphor	meta_L_AG	kj	KJ	word_label	kj_7	kj_7	7	-0.04289744949275623
sub-17	meta_metaphor	meta_L_AG	kj	KJ	word_label	kj_38	kj_38	38	-0.024720918199107284
sub-17	meta_metaphor	meta_L_AG	kj	KJ	word_label	kj_14	kj_14	14	-0.4631728333396124
sub-17	meta_metaphor	meta_L_AG	kj	KJ	word_label	kj_23	kj_23	23	-0.28713280256804435
sub-17	meta_metaphor	meta_L_AG	kj	KJ	word_label	kj_30	kj_30	30	-0.38421730583138414
sub-17	meta_metaphor	meta_L_AG	kj	KJ	word_label	kj_15	kj_15	15	-0.43481624758666737
sub-17	meta_metaphor	meta_L_AG	kj	KJ	word_label	kj_13	kj_13	13	0.511803061455541
sub-17	meta_metaphor	meta_L_AG	kj	KJ	word_label	kj_33	kj_33	33	-0.18698346768635568
sub-17	meta_metaphor	meta_L_AG	kj	KJ	word_label	kj_27	kj_27	27	0.41298518602944606
sub-17	meta_metaphor	meta_L_IFG	yy	YY	word_label	yy_1	yy_1	1	0.2906152836434314
sub-17	meta_metaphor	meta_L_IFG	yy	YY	word_label	yy_19	yy_19	19	-0.062080469758342534
sub-17	meta_metaphor	meta_L_IFG	yy	YY	word_label	yy_24	yy_24	24	-0.1629740696040066
sub-17	meta_metaphor	meta_L_IFG	yy	YY	word_label	yy_21	yy_21	21	-0.3039076074601998
sub-17	meta_metaphor	meta_L_IFG	yy	YY	word_label	yy_9	yy_9	9	0.19231684904070928
sub-17	meta_metaphor	meta_L_IFG	yy	YY	word_label	yy_37	yy_37	37	-0.05334887379122877
sub-17	meta_metaphor	meta_L_IFG	yy	YY	word_label	yy_33	yy_33	33	0.443991894341866
sub-17	meta_metaphor	meta_L_IFG	yy	YY	word_label	yy_2	yy_2	2	-0.03533542561655934
sub-17	meta_metaphor	meta_L_IFG	yy	YY	word_label	yy_6	yy_6	6	0.4591937310350028
sub-17	meta_metaphor	meta_L_IFG	yy	YY	word_label	yy_32	yy_32	32	0.27364456666512615
sub-17	meta_metaphor	meta_L_IFG	yy	YY	word_label	yy_14	yy_14	14	0.5049919358813856
sub-17	meta_metaphor	meta_L_IFG	yy	YY	word_label	yy_11	yy_11	11	0.4495840328246045
sub-17	meta_metaphor	meta_L_IFG	yy	YY	word_label	yy_35	yy_35	35	0.36358454284109487
sub-17	meta_metaphor	meta_L_IFG	yy	YY	word_label	yy_29	yy_29	29	0.08527018771104262
sub-17	meta_metaphor	meta_L_IFG	yy	YY	word_label	yy_16	yy_16	16	0.1112326151131861
sub-17	meta_metaphor	meta_L_IFG	yy	YY	word_label	yy_5	yy_5	5	0.08507793309587335
sub-17	meta_metaphor	meta_L_IFG	yy	YY	word_label	yy_13	yy_13	13	0.16894736430322005
sub-17	meta_metaphor	meta_L_IFG	yy	YY	word_label	yy_40	yy_40	40	0.5898957351486445
sub-17	meta_metaphor	meta_L_IFG	yy	YY	word_label	yy_4	yy_4	4	-0.3791015609942628
sub-17	meta_metaphor	meta_L_IFG	yy	YY	word_label	yy_39	yy_39	39	0.31414631441821766
sub-17	meta_metaphor	meta_L_IFG	yy	YY	word_label	yy_15	yy_15	15	0.24195674235095155
sub-17	meta_metaphor	meta_L_IFG	yy	YY	word_label	yy_38	yy_38	38	-0.24597712625493875
sub-17	meta_metaphor	meta_L_IFG	yy	YY	word_label	yy_10	yy_10	10	0.08363691465757213
sub-17	meta_metaphor	meta_L_IFG	yy	YY	word_label	yy_12	yy_12	12	-0.4115380276016125
sub-17	meta_metaphor	meta_L_IFG	yy	YY	word_label	yy_7	yy_7	7	0.263841032520498
sub-17	meta_metaphor	meta_L_IFG	yy	YY	word_label	yy_36	yy_36	36	-0.03967008995137856
sub-17	meta_metaphor	meta_L_IFG	yy	YY	word_label	yy_3	yy_3	3	0.4445310872512712
sub-17	meta_metaphor	meta_L_IFG	yy	YY	word_label	yy_17	yy_17	17	-0.24577793399720435
sub-17	meta_metaphor	meta_L_IFG	yy	YY	word_label	yy_8	yy_8	8	-0.2656643742001835
sub-17	meta_metaphor	meta_L_IFG	yy	YY	word_label	yy_28	yy_28	28	0.15059137811848425
sub-17	meta_metaphor	meta_L_IFG	yy	YY	word_label	yy_18	yy_18	18	0.30660768116455595
sub-17	meta_metaphor	meta_L_IFG	yy	YY	word_label	yy_23	yy_23	23	0.25151047665683623
sub-17	meta_metaphor	meta_L_IFG	yy	YY	word_label	yy_26	yy_26	26	0.5900432385739983
sub-17	meta_metaphor	meta_L_IFG	yy	YY	word_label	yy_27	yy_27	27	0.23451694714370963
sub-17	meta_metaphor	meta_L_IFG	yy	YY	word_label	yy_22	yy_22	22	0.29599014640675947
sub-17	meta_metaphor	meta_L_IFG	kj	KJ	word_label	kj_28	kj_28	28	0.03421442072870457
sub-17	meta_metaphor	meta_L_IFG	kj	KJ	word_label	kj_31	kj_31	31	0.48904072558804135
sub-17	meta_metaphor	meta_L_IFG	kj	KJ	word_label	kj_2	kj_2	2	-0.09620488305633842
sub-17	meta_metaphor	meta_L_IFG	kj	KJ	word_label	kj_6	kj_6	6	-0.21554962631569616
sub-17	meta_metaphor	meta_L_IFG	kj	KJ	word_label	kj_21	kj_21	21	0.29315077289263397
sub-17	meta_metaphor	meta_L_IFG	kj	KJ	word_label	kj_26	kj_26	26	0.599651298490533
sub-17	meta_metaphor	meta_L_IFG	kj	KJ	word_label	kj_11	kj_11	11	-0.21056222944793235
sub-17	meta_metaphor	meta_L_IFG	kj	KJ	word_label	kj_16	kj_16	16	-0.19139765391930955
sub-17	meta_metaphor	meta_L_IFG	kj	KJ	word_label	kj_5	kj_5	5	0.12824282530283562
sub-17	meta_metaphor	meta_L_IFG	kj	KJ	word_label	kj_34	kj_34	34	0.2038428026164043
sub-17	meta_metaphor	meta_L_IFG	kj	KJ	word_label	kj_10	kj_10	10	-0.4208747942174106
sub-17	meta_metaphor	meta_L_IFG	kj	KJ	word_label	kj_3	kj_3	3	0.4729909888619298
sub-17	meta_metaphor	meta_L_IFG	kj	KJ	word_label	kj_8	kj_8	8	0.5049406086690678
sub-17	meta_metaphor	meta_L_IFG	kj	KJ	word_label	kj_22	kj_22	22	0.10196802404763596
sub-17	meta_metaphor	meta_L_IFG	kj	KJ	word_label	kj_12	kj_12	12	0.17450105693259296
sub-17	meta_metaphor	meta_L_IFG	kj	KJ	word_label	kj_25	kj_25	25	0.217876891434258
sub-17	meta_metaphor	meta_L_IFG	kj	KJ	word_label	kj_24	kj_24	24	0.29166252090478795
sub-17	meta_metaphor	meta_L_IFG	kj	KJ	word_label	kj_17	kj_17	17	0.06224307441595431
sub-17	meta_metaphor	meta_L_IFG	kj	KJ	word_label	kj_1	kj_1	1	0.28323467328626795
sub-17	meta_metaphor	meta_L_IFG	kj	KJ	word_label	kj_20	kj_20	20	0.10859861263714983
sub-17	meta_metaphor	meta_L_IFG	kj	KJ	word_label	kj_9	kj_9	9	0.08681881681601834
sub-17	meta_metaphor	meta_L_IFG	kj	KJ	word_label	kj_29	kj_29	29	-0.07683927721589925
sub-17	meta_metaphor	meta_L_IFG	kj	KJ	word_label	kj_37	kj_37	37	0.11785119226366013
sub-17	meta_metaphor	meta_L_IFG	kj	KJ	word_label	kj_39	kj_39	39	0.43331909769556526
sub-17	meta_metaphor	meta_L_IFG	kj	KJ	word_label	kj_19	kj_19	19	-0.1772846251895877
sub-17	meta_metaphor	meta_L_IFG	kj	KJ	word_label	kj_36	kj_36	36	-0.06643589124843403
sub-17	meta_metaphor	meta_L_IFG	kj	KJ	word_label	kj_7	kj_7	7	0.043340659701912344
sub-17	meta_metaphor	meta_L_IFG	kj	KJ	word_label	kj_38	kj_38	38	-0.29291561184032655
sub-17	meta_metaphor	meta_L_IFG	kj	KJ	word_label	kj_14	kj_14	14	-0.18606083635821494
sub-17	meta_metaphor	meta_L_IFG	kj	KJ	word_label	kj_23	kj_23	23	-0.06593307205760073
sub-17	meta_metaphor	meta_L_IFG	kj	KJ	word_label	kj_30	kj_30	30	0.45155478450593894
sub-17	meta_metaphor	meta_L_IFG	kj	KJ	word_label	kj_15	kj_15	15	0.4285370363150732
sub-17	meta_metaphor	meta_L_IFG	kj	KJ	word_label	kj_13	kj_13	13	-0.4767180076542921
sub-17	meta_metaphor	meta_L_IFG	kj	KJ	word_label	kj_33	kj_33	33	-0.02674292723003917
sub-17	meta_metaphor	meta_L_IFG	kj	KJ	word_label	kj_27	kj_27	27	0.1824787692999558
sub-17	meta_metaphor	meta_L_pMTG_pSTS	yy	YY	word_label	yy_1	yy_1	1	0.1865349613812858
sub-17	meta_metaphor	meta_L_pMTG_pSTS	yy	YY	word_label	yy_19	yy_19	19	-0.4603279459040157
sub-17	meta_metaphor	meta_L_pMTG_pSTS	yy	YY	word_label	yy_24	yy_24	24	0.27529578558816276
sub-17	meta_metaphor	meta_L_pMTG_pSTS	yy	YY	word_label	yy_21	yy_21	21	-0.060385900936486485
sub-17	meta_metaphor	meta_L_pMTG_pSTS	yy	YY	word_label	yy_9	yy_9	9	-0.6518493122959079
sub-17	meta_metaphor	meta_L_pMTG_pSTS	yy	YY	word_label	yy_37	yy_37	37	-0.5642778332512145
sub-17	meta_metaphor	meta_L_pMTG_pSTS	yy	YY	word_label	yy_33	yy_33	33	0.19614456500095143
sub-17	meta_metaphor	meta_L_pMTG_pSTS	yy	YY	word_label	yy_2	yy_2	2	0.04023971416849165
sub-17	meta_metaphor	meta_L_pMTG_pSTS	yy	YY	word_label	yy_6	yy_6	6	-0.3060259608653899
sub-17	meta_metaphor	meta_L_pMTG_pSTS	yy	YY	word_label	yy_32	yy_32	32	-0.578539595769188
sub-17	meta_metaphor	meta_L_pMTG_pSTS	yy	YY	word_label	yy_14	yy_14	14	0.5656099622211643
sub-17	meta_metaphor	meta_L_pMTG_pSTS	yy	YY	word_label	yy_11	yy_11	11	-0.12693799379607307
sub-17	meta_metaphor	meta_L_pMTG_pSTS	yy	YY	word_label	yy_35	yy_35	35	0.6126080018285782
sub-17	meta_metaphor	meta_L_pMTG_pSTS	yy	YY	word_label	yy_29	yy_29	29	-0.3366920345567329
sub-17	meta_metaphor	meta_L_pMTG_pSTS	yy	YY	word_label	yy_16	yy_16	16	-0.16856751209449233
sub-17	meta_metaphor	meta_L_pMTG_pSTS	yy	YY	word_label	yy_5	yy_5	5	0.7951091627949713
sub-17	meta_metaphor	meta_L_pMTG_pSTS	yy	YY	word_label	yy_13	yy_13	13	0.49183416163613075
sub-17	meta_metaphor	meta_L_pMTG_pSTS	yy	YY	word_label	yy_40	yy_40	40	0.37377103802717565
sub-17	meta_metaphor	meta_L_pMTG_pSTS	yy	YY	word_label	yy_4	yy_4	4	0.34988833108732315
sub-17	meta_metaphor	meta_L_pMTG_pSTS	yy	YY	word_label	yy_39	yy_39	39	-0.3228195545211803
sub-17	meta_metaphor	meta_L_pMTG_pSTS	yy	YY	word_label	yy_15	yy_15	15	-0.3887458621134385
sub-17	meta_metaphor	meta_L_pMTG_pSTS	yy	YY	word_label	yy_38	yy_38	38	-0.549791325920952
sub-17	meta_metaphor	meta_L_pMTG_pSTS	yy	YY	word_label	yy_10	yy_10	10	0.3573966911419383
sub-17	meta_metaphor	meta_L_pMTG_pSTS	yy	YY	word_label	yy_12	yy_12	12	0.10404159479702162
sub-17	meta_metaphor	meta_L_pMTG_pSTS	yy	YY	word_label	yy_7	yy_7	7	0.7514306513604213
sub-17	meta_metaphor	meta_L_pMTG_pSTS	yy	YY	word_label	yy_36	yy_36	36	-0.3612144651510599
sub-17	meta_metaphor	meta_L_pMTG_pSTS	yy	YY	word_label	yy_3	yy_3	3	0.11235765628685135
sub-17	meta_metaphor	meta_L_pMTG_pSTS	yy	YY	word_label	yy_17	yy_17	17	-0.1390458123666099
sub-17	meta_metaphor	meta_L_pMTG_pSTS	yy	YY	word_label	yy_8	yy_8	8	-0.10962320329826693
sub-17	meta_metaphor	meta_L_pMTG_pSTS	yy	YY	word_label	yy_28	yy_28	28	-0.5408569295383384
sub-17	meta_metaphor	meta_L_pMTG_pSTS	yy	YY	word_label	yy_18	yy_18	18	-0.09456612075417163
sub-17	meta_metaphor	meta_L_pMTG_pSTS	yy	YY	word_label	yy_23	yy_23	23	-0.16739989649083034
sub-17	meta_metaphor	meta_L_pMTG_pSTS	yy	YY	word_label	yy_26	yy_26	26	0.16795573693107296
sub-17	meta_metaphor	meta_L_pMTG_pSTS	yy	YY	word_label	yy_27	yy_27	27	-0.16415360808358728
sub-17	meta_metaphor	meta_L_pMTG_pSTS	yy	YY	word_label	yy_22	yy_22	22	0.2903169870423858
sub-17	meta_metaphor	meta_L_pMTG_pSTS	kj	KJ	word_label	kj_28	kj_28	28	-0.30603106225108356
sub-17	meta_metaphor	meta_L_pMTG_pSTS	kj	KJ	word_label	kj_31	kj_31	31	-0.30861940243207253
sub-17	meta_metaphor	meta_L_pMTG_pSTS	kj	KJ	word_label	kj_2	kj_2	2	0.174690460661183
sub-17	meta_metaphor	meta_L_pMTG_pSTS	kj	KJ	word_label	kj_6	kj_6	6	0.6772773362178844
sub-17	meta_metaphor	meta_L_pMTG_pSTS	kj	KJ	word_label	kj_21	kj_21	21	0.20695704589380393
sub-17	meta_metaphor	meta_L_pMTG_pSTS	kj	KJ	word_label	kj_26	kj_26	26	-0.4162598379845336
sub-17	meta_metaphor	meta_L_pMTG_pSTS	kj	KJ	word_label	kj_11	kj_11	11	0.11520810914705548
sub-17	meta_metaphor	meta_L_pMTG_pSTS	kj	KJ	word_label	kj_16	kj_16	16	0.2314078459341021
sub-17	meta_metaphor	meta_L_pMTG_pSTS	kj	KJ	word_label	kj_5	kj_5	5	-0.807844091400057
sub-17	meta_metaphor	meta_L_pMTG_pSTS	kj	KJ	word_label	kj_34	kj_34	34	-0.5384853964985018
sub-17	meta_metaphor	meta_L_pMTG_pSTS	kj	KJ	word_label	kj_10	kj_10	10	0.014110167510181636
sub-17	meta_metaphor	meta_L_pMTG_pSTS	kj	KJ	word_label	kj_3	kj_3	3	-0.04159129796844123
sub-17	meta_metaphor	meta_L_pMTG_pSTS	kj	KJ	word_label	kj_8	kj_8	8	-0.02526549709154747
sub-17	meta_metaphor	meta_L_pMTG_pSTS	kj	KJ	word_label	kj_22	kj_22	22	-0.5156388819971308
sub-17	meta_metaphor	meta_L_pMTG_pSTS	kj	KJ	word_label	kj_12	kj_12	12	0.029206767686979544
sub-17	meta_metaphor	meta_L_pMTG_pSTS	kj	KJ	word_label	kj_25	kj_25	25	0.06476865415762371
sub-17	meta_metaphor	meta_L_pMTG_pSTS	kj	KJ	word_label	kj_24	kj_24	24	-0.005290596829451901
sub-17	meta_metaphor	meta_L_pMTG_pSTS	kj	KJ	word_label	kj_17	kj_17	17	0.3464224978019117
sub-17	meta_metaphor	meta_L_pMTG_pSTS	kj	KJ	word_label	kj_1	kj_1	1	0.3360653658476969
sub-17	meta_metaphor	meta_L_pMTG_pSTS	kj	KJ	word_label	kj_20	kj_20	20	0.0044105831503841566
sub-17	meta_metaphor	meta_L_pMTG_pSTS	kj	KJ	word_label	kj_9	kj_9	9	-0.26925633286309214
sub-17	meta_metaphor	meta_L_pMTG_pSTS	kj	KJ	word_label	kj_29	kj_29	29	0.5379222914018228
sub-17	meta_metaphor	meta_L_pMTG_pSTS	kj	KJ	word_label	kj_37	kj_37	37	0.3315896080388695
sub-17	meta_metaphor	meta_L_pMTG_pSTS	kj	KJ	word_label	kj_39	kj_39	39	-0.3260693295900082
sub-17	meta_metaphor	meta_L_pMTG_pSTS	kj	KJ	word_label	kj_19	kj_19	19	-0.040991276748701684
sub-17	meta_metaphor	meta_L_pMTG_pSTS	kj	KJ	word_label	kj_36	kj_36	36	0.2944797584197104
sub-17	meta_metaphor	meta_L_pMTG_pSTS	kj	KJ	word_label	kj_7	kj_7	7	-0.240531101172772
sub-17	meta_metaphor	meta_L_pMTG_pSTS	kj	KJ	word_label	kj_38	kj_38	38	-0.6448732952569158
sub-17	meta_metaphor	meta_L_pMTG_pSTS	kj	KJ	word_label	kj_14	kj_14	14	0.45062653609518694
sub-17	meta_metaphor	meta_L_pMTG_pSTS	kj	KJ	word_label	kj_23	kj_23	23	-0.29296899910290497
sub-17	meta_metaphor	meta_L_pMTG_pSTS	kj	KJ	word_label	kj_30	kj_30	30	0.7523404409217979
sub-17	meta_metaphor	meta_L_pMTG_pSTS	kj	KJ	word_label	kj_15	kj_15	15	0.12971766640012783
sub-17	meta_metaphor	meta_L_pMTG_pSTS	kj	KJ	word_label	kj_13	kj_13	13	-0.7809122555171563
sub-17	meta_metaphor	meta_L_pMTG_pSTS	kj	KJ	word_label	kj_33	kj_33	33	0.8396674518705005
sub-17	meta_metaphor	meta_L_pMTG_pSTS	kj	KJ	word_label	kj_27	kj_27	27	-0.7646501782980973
sub-17	meta_metaphor	meta_L_temporal_pole	yy	YY	word_label	yy_1	yy_1	1	-0.010723696753515768
sub-17	meta_metaphor	meta_L_temporal_pole	yy	YY	word_label	yy_19	yy_19	19	0.23807706259037503
sub-17	meta_metaphor	meta_L_temporal_pole	yy	YY	word_label	yy_24	yy_24	24	0.1514056655694108
sub-17	meta_metaphor	meta_L_temporal_pole	yy	YY	word_label	yy_21	yy_21	21	-0.3960802059042082
sub-17	meta_metaphor	meta_L_temporal_pole	yy	YY	word_label	yy_9	yy_9	9	0.03315177414406249
sub-17	meta_metaphor	meta_L_temporal_pole	yy	YY	word_label	yy_37	yy_37	37	0.09956035603295722
sub-17	meta_metaphor	meta_L_temporal_pole	yy	YY	word_label	yy_33	yy_33	33	0.2947989744888864
sub-17	meta_metaphor	meta_L_temporal_pole	yy	YY	word_label	yy_2	yy_2	2	0.08469214178321735
sub-17	meta_metaphor	meta_L_temporal_pole	yy	YY	word_label	yy_6	yy_6	6	0.034219369407716874
sub-17	meta_metaphor	meta_L_temporal_pole	yy	YY	word_label	yy_32	yy_32	32	0.13938981152036023
sub-17	meta_metaphor	meta_L_temporal_pole	yy	YY	word_label	yy_14	yy_14	14	0.06532799330198412
sub-17	meta_metaphor	meta_L_temporal_pole	yy	YY	word_label	yy_11	yy_11	11	-0.34149327884329217
sub-17	meta_metaphor	meta_L_temporal_pole	yy	YY	word_label	yy_35	yy_35	35	-0.1913191794098854
sub-17	meta_metaphor	meta_L_temporal_pole	yy	YY	word_label	yy_29	yy_29	29	0.13896809282889488
sub-17	meta_metaphor	meta_L_temporal_pole	yy	YY	word_label	yy_16	yy_16	16	0.3791772560674728
sub-17	meta_metaphor	meta_L_temporal_pole	yy	YY	word_label	yy_5	yy_5	5	-0.07031235773977282
sub-17	meta_metaphor	meta_L_temporal_pole	yy	YY	word_label	yy_13	yy_13	13	-0.02634770003992952
sub-17	meta_metaphor	meta_L_temporal_pole	yy	YY	word_label	yy_40	yy_40	40	-0.3871743727570916
sub-17	meta_metaphor	meta_L_temporal_pole	yy	YY	word_label	yy_4	yy_4	4	0.04094020526797387
sub-17	meta_metaphor	meta_L_temporal_pole	yy	YY	word_label	yy_39	yy_39	39	-0.15135537492059392
sub-17	meta_metaphor	meta_L_temporal_pole	yy	YY	word_label	yy_15	yy_15	15	0.12242057247726822
sub-17	meta_metaphor	meta_L_temporal_pole	yy	YY	word_label	yy_38	yy_38	38	-0.15048202361575289
sub-17	meta_metaphor	meta_L_temporal_pole	yy	YY	word_label	yy_10	yy_10	10	-0.18468450100415326
sub-17	meta_metaphor	meta_L_temporal_pole	yy	YY	word_label	yy_12	yy_12	12	-0.17780224868540184
sub-17	meta_metaphor	meta_L_temporal_pole	yy	YY	word_label	yy_7	yy_7	7	-0.5613734961107364
sub-17	meta_metaphor	meta_L_temporal_pole	yy	YY	word_label	yy_36	yy_36	36	-0.05327694188373512
sub-17	meta_metaphor	meta_L_temporal_pole	yy	YY	word_label	yy_3	yy_3	3	-0.1967979949022229
sub-17	meta_metaphor	meta_L_temporal_pole	yy	YY	word_label	yy_17	yy_17	17	0.25094156971483633
sub-17	meta_metaphor	meta_L_temporal_pole	yy	YY	word_label	yy_8	yy_8	8	0.39565314169423776
sub-17	meta_metaphor	meta_L_temporal_pole	yy	YY	word_label	yy_28	yy_28	28	-0.691541491021002
sub-17	meta_metaphor	meta_L_temporal_pole	yy	YY	word_label	yy_18	yy_18	18	0.0899144936692177
sub-17	meta_metaphor	meta_L_temporal_pole	yy	YY	word_label	yy_23	yy_23	23	0.2748628340127282
sub-17	meta_metaphor	meta_L_temporal_pole	yy	YY	word_label	yy_26	yy_26	26	0.24382342397333623
sub-17	meta_metaphor	meta_L_temporal_pole	yy	YY	word_label	yy_27	yy_27	27	-0.26825554455700235
sub-17	meta_metaphor	meta_L_temporal_pole	yy	YY	word_label	yy_22	yy_22	22	0.35910974704422083
sub-17	meta_metaphor	meta_L_temporal_pole	kj	KJ	word_label	kj_28	kj_28	28	-0.19286562593343823
sub-17	meta_metaphor	meta_L_temporal_pole	kj	KJ	word_label	kj_31	kj_31	31	-0.2588232534501164
sub-17	meta_metaphor	meta_L_temporal_pole	kj	KJ	word_label	kj_2	kj_2	2	-0.11276204064069421
sub-17	meta_metaphor	meta_L_temporal_pole	kj	KJ	word_label	kj_6	kj_6	6	0.08803033283587712
sub-17	meta_metaphor	meta_L_temporal_pole	kj	KJ	word_label	kj_21	kj_21	21	0.4585535570931151
sub-17	meta_metaphor	meta_L_temporal_pole	kj	KJ	word_label	kj_26	kj_26	26	-0.39879348443762663
sub-17	meta_metaphor	meta_L_temporal_pole	kj	KJ	word_label	kj_11	kj_11	11	-0.06878112411279647
sub-17	meta_metaphor	meta_L_temporal_pole	kj	KJ	word_label	kj_16	kj_16	16	0.049358404875413535
sub-17	meta_metaphor	meta_L_temporal_pole	kj	KJ	word_label	kj_5	kj_5	5	0.03774646368477188
sub-17	meta_metaphor	meta_L_temporal_pole	kj	KJ	word_label	kj_34	kj_34	34	0.41944784957781467
sub-17	meta_metaphor	meta_L_temporal_pole	kj	KJ	word_label	kj_10	kj_10	10	0.14542809715473015
sub-17	meta_metaphor	meta_L_temporal_pole	kj	KJ	word_label	kj_3	kj_3	3	-0.13493396694381068
sub-17	meta_metaphor	meta_L_temporal_pole	kj	KJ	word_label	kj_8	kj_8	8	-0.009729296495283599
sub-17	meta_metaphor	meta_L_temporal_pole	kj	KJ	word_label	kj_22	kj_22	22	0.10159169418598896
sub-17	meta_metaphor	meta_L_temporal_pole	kj	KJ	word_label	kj_12	kj_12	12	0.22639226372606058
sub-17	meta_metaphor	meta_L_temporal_pole	kj	KJ	word_label	kj_25	kj_25	25	0.2980518958858422
sub-17	meta_metaphor	meta_L_temporal_pole	kj	KJ	word_label	kj_24	kj_24	24	-0.4472164854816126
sub-17	meta_metaphor	meta_L_temporal_pole	kj	KJ	word_label	kj_17	kj_17	17	0.3322723664614241
sub-17	meta_metaphor	meta_L_temporal_pole	kj	KJ	word_label	kj_1	kj_1	1	0.32924984221096965
sub-17	meta_metaphor	meta_L_temporal_pole	kj	KJ	word_label	kj_20	kj_20	20	0.2589346737973749
sub-17	meta_metaphor	meta_L_temporal_pole	kj	KJ	word_label	kj_9	kj_9	9	0.04007134509820954
sub-17	meta_metaphor	meta_L_temporal_pole	kj	KJ	word_label	kj_29	kj_29	29	0.21985215196522032
sub-17	meta_metaphor	meta_L_temporal_pole	kj	KJ	word_label	kj_37	kj_37	37	0.06405121420003661
sub-17	meta_metaphor	meta_L_temporal_pole	kj	KJ	word_label	kj_39	kj_39	39	-0.35015080977730006
sub-17	meta_metaphor	meta_L_temporal_pole	kj	KJ	word_label	kj_19	kj_19	19	0.013595977258261987
sub-17	meta_metaphor	meta_L_temporal_pole	kj	KJ	word_label	kj_36	kj_36	36	-0.6058181323673796
sub-17	meta_metaphor	meta_L_temporal_pole	kj	KJ	word_label	kj_7	kj_7	7	0.17247981968817294
sub-17	meta_metaphor	meta_L_temporal_pole	kj	KJ	word_label	kj_38	kj_38	38	0.03364461594454655
sub-17	meta_metaphor	meta_L_temporal_pole	kj	KJ	word_label	kj_14	kj_14	14	-0.11712308932776282
sub-17	meta_metaphor	meta_L_temporal_pole	kj	KJ	word_label	kj_23	kj_23	23	0.13669763961328396
sub-17	meta_metaphor	meta_L_temporal_pole	kj	KJ	word_label	kj_30	kj_30	30	0.10543728412271908
sub-17	meta_metaphor	meta_L_temporal_pole	kj	KJ	word_label	kj_15	kj_15	15	0.3501223319215342
sub-17	meta_metaphor	meta_L_temporal_pole	kj	KJ	word_label	kj_13	kj_13	13	0.09891924180565344
sub-17	meta_metaphor	meta_L_temporal_pole	kj	KJ	word_label	kj_33	kj_33	33	-0.38515730160846207
sub-17	meta_metaphor	meta_L_temporal_pole	kj	KJ	word_label	kj_27	kj_27	27	-0.16434764644387412
sub-17	meta_metaphor	meta_R_AG	yy	YY	word_label	yy_1	yy_1	1	0.3838687665609902
sub-17	meta_metaphor	meta_R_AG	yy	YY	word_label	yy_19	yy_19	19	0.36687323776473874
sub-17	meta_metaphor	meta_R_AG	yy	YY	word_label	yy_24	yy_24	24	-0.11845385455416156
sub-17	meta_metaphor	meta_R_AG	yy	YY	word_label	yy_21	yy_21	21	0.22666199334562498
sub-17	meta_metaphor	meta_R_AG	yy	YY	word_label	yy_9	yy_9	9	0.1603342889357586
sub-17	meta_metaphor	meta_R_AG	yy	YY	word_label	yy_37	yy_37	37	-0.009912507685177933
sub-17	meta_metaphor	meta_R_AG	yy	YY	word_label	yy_33	yy_33	33	0.4927325789284147
sub-17	meta_metaphor	meta_R_AG	yy	YY	word_label	yy_2	yy_2	2	0.1292570617391051
sub-17	meta_metaphor	meta_R_AG	yy	YY	word_label	yy_6	yy_6	6	0.38724038620868056
sub-17	meta_metaphor	meta_R_AG	yy	YY	word_label	yy_32	yy_32	32	0.3224294846546121
sub-17	meta_metaphor	meta_R_AG	yy	YY	word_label	yy_14	yy_14	14	0.18538589481248563
sub-17	meta_metaphor	meta_R_AG	yy	YY	word_label	yy_11	yy_11	11	-0.31537280425331193
sub-17	meta_metaphor	meta_R_AG	yy	YY	word_label	yy_35	yy_35	35	0.533132613407446
sub-17	meta_metaphor	meta_R_AG	yy	YY	word_label	yy_29	yy_29	29	0.38128689257384235
sub-17	meta_metaphor	meta_R_AG	yy	YY	word_label	yy_16	yy_16	16	0.4070164205570241
sub-17	meta_metaphor	meta_R_AG	yy	YY	word_label	yy_5	yy_5	5	-0.2677578867407579
sub-17	meta_metaphor	meta_R_AG	yy	YY	word_label	yy_13	yy_13	13	0.16502660752034182
sub-17	meta_metaphor	meta_R_AG	yy	YY	word_label	yy_40	yy_40	40	0.1828058588803426
sub-17	meta_metaphor	meta_R_AG	yy	YY	word_label	yy_4	yy_4	4	0.4572619434937877
sub-17	meta_metaphor	meta_R_AG	yy	YY	word_label	yy_39	yy_39	39	0.5449273544642638
sub-17	meta_metaphor	meta_R_AG	yy	YY	word_label	yy_15	yy_15	15	0.4464332862339318
sub-17	meta_metaphor	meta_R_AG	yy	YY	word_label	yy_38	yy_38	38	0.11100838941692628
sub-17	meta_metaphor	meta_R_AG	yy	YY	word_label	yy_10	yy_10	10	0.06528431478449885
sub-17	meta_metaphor	meta_R_AG	yy	YY	word_label	yy_12	yy_12	12	-0.31141132446975656
sub-17	meta_metaphor	meta_R_AG	yy	YY	word_label	yy_7	yy_7	7	0.5491347975170977
sub-17	meta_metaphor	meta_R_AG	yy	YY	word_label	yy_36	yy_36	36	0.49217374362708943
sub-17	meta_metaphor	meta_R_AG	yy	YY	word_label	yy_3	yy_3	3	0.2647882128162206
sub-17	meta_metaphor	meta_R_AG	yy	YY	word_label	yy_17	yy_17	17	0.07236942167917668
sub-17	meta_metaphor	meta_R_AG	yy	YY	word_label	yy_8	yy_8	8	-0.2442742394498626
sub-17	meta_metaphor	meta_R_AG	yy	YY	word_label	yy_28	yy_28	28	0.5271870069570866
sub-17	meta_metaphor	meta_R_AG	yy	YY	word_label	yy_18	yy_18	18	0.39269526851974723
sub-17	meta_metaphor	meta_R_AG	yy	YY	word_label	yy_23	yy_23	23	0.33173784006141005
sub-17	meta_metaphor	meta_R_AG	yy	YY	word_label	yy_26	yy_26	26	-0.24046448811165694
sub-17	meta_metaphor	meta_R_AG	yy	YY	word_label	yy_27	yy_27	27	-0.18158795784415796
sub-17	meta_metaphor	meta_R_AG	yy	YY	word_label	yy_22	yy_22	22	-0.21304001338436615
sub-17	meta_metaphor	meta_R_AG	kj	KJ	word_label	kj_28	kj_28	28	0.2586249274576799
sub-17	meta_metaphor	meta_R_AG	kj	KJ	word_label	kj_31	kj_31	31	-0.21610021900211485
sub-17	meta_metaphor	meta_R_AG	kj	KJ	word_label	kj_2	kj_2	2	0.05454636988403049
sub-17	meta_metaphor	meta_R_AG	kj	KJ	word_label	kj_6	kj_6	6	0.11109797849845209
sub-17	meta_metaphor	meta_R_AG	kj	KJ	word_label	kj_21	kj_21	21	-0.1741649094279013
sub-17	meta_metaphor	meta_R_AG	kj	KJ	word_label	kj_26	kj_26	26	-0.40189767518783504
sub-17	meta_metaphor	meta_R_AG	kj	KJ	word_label	kj_11	kj_11	11	-0.17273655541170613
sub-17	meta_metaphor	meta_R_AG	kj	KJ	word_label	kj_16	kj_16	16	-0.09600694700041451
sub-17	meta_metaphor	meta_R_AG	kj	KJ	word_label	kj_5	kj_5	5	0.19502794377236835
sub-17	meta_metaphor	meta_R_AG	kj	KJ	word_label	kj_34	kj_34	34	0.023246574894734397
sub-17	meta_metaphor	meta_R_AG	kj	KJ	word_label	kj_10	kj_10	10	-0.05202826563395586
sub-17	meta_metaphor	meta_R_AG	kj	KJ	word_label	kj_3	kj_3	3	-0.04857840635003187
sub-17	meta_metaphor	meta_R_AG	kj	KJ	word_label	kj_8	kj_8	8	0.23443294171694268
sub-17	meta_metaphor	meta_R_AG	kj	KJ	word_label	kj_22	kj_22	22	0.28461279267756834
sub-17	meta_metaphor	meta_R_AG	kj	KJ	word_label	kj_12	kj_12	12	0.2558108814674986
sub-17	meta_metaphor	meta_R_AG	kj	KJ	word_label	kj_25	kj_25	25	0.11180662404821329
sub-17	meta_metaphor	meta_R_AG	kj	KJ	word_label	kj_24	kj_24	24	-0.05741510263602375
sub-17	meta_metaphor	meta_R_AG	kj	KJ	word_label	kj_17	kj_17	17	0.3413806025957633
sub-17	meta_metaphor	meta_R_AG	kj	KJ	word_label	kj_1	kj_1	1	0.49542634386552636
sub-17	meta_metaphor	meta_R_AG	kj	KJ	word_label	kj_20	kj_20	20	0.022481006433733134
sub-17	meta_metaphor	meta_R_AG	kj	KJ	word_label	kj_9	kj_9	9	-0.46439618310439906
sub-17	meta_metaphor	meta_R_AG	kj	KJ	word_label	kj_29	kj_29	29	-0.36649128629041855
sub-17	meta_metaphor	meta_R_AG	kj	KJ	word_label	kj_37	kj_37	37	0.42071808765112934
sub-17	meta_metaphor	meta_R_AG	kj	KJ	word_label	kj_39	kj_39	39	0.317608333035908
sub-17	meta_metaphor	meta_R_AG	kj	KJ	word_label	kj_19	kj_19	19	0.029965074859263342
sub-17	meta_metaphor	meta_R_AG	kj	KJ	word_label	kj_36	kj_36	36	0.16464548853687783
sub-17	meta_metaphor	meta_R_AG	kj	KJ	word_label	kj_7	kj_7	7	0.06947046398947188
sub-17	meta_metaphor	meta_R_AG	kj	KJ	word_label	kj_38	kj_38	38	-0.24685426655290324
sub-17	meta_metaphor	meta_R_AG	kj	KJ	word_label	kj_14	kj_14	14	-0.44510330776953194
sub-17	meta_metaphor	meta_R_AG	kj	KJ	word_label	kj_23	kj_23	23	-0.22203089007640825
sub-17	meta_metaphor	meta_R_AG	kj	KJ	word_label	kj_30	kj_30	30	-0.09958209468868572
sub-17	meta_metaphor	meta_R_AG	kj	KJ	word_label	kj_15	kj_15	15	-0.06934676783681895
sub-17	meta_metaphor	meta_R_AG	kj	KJ	word_label	kj_13	kj_13	13	0.12468045231500562
sub-17	meta_metaphor	meta_R_AG	kj	KJ	word_label	kj_33	kj_33	33	-0.33244578914174877
sub-17	meta_metaphor	meta_R_AG	kj	KJ	word_label	kj_27	kj_27	27	-0.19776552491655897
sub-17	meta_metaphor	meta_R_IFG	yy	YY	word_label	yy_1	yy_1	1	0.5880159927013868
sub-17	meta_metaphor	meta_R_IFG	yy	YY	word_label	yy_19	yy_19	19	0.3226856041114792
sub-17	meta_metaphor	meta_R_IFG	yy	YY	word_label	yy_24	yy_24	24	-0.16336672254237453
sub-17	meta_metaphor	meta_R_IFG	yy	YY	word_label	yy_21	yy_21	21	0.3596629028065471
sub-17	meta_metaphor	meta_R_IFG	yy	YY	word_label	yy_9	yy_9	9	0.1759126501429215
sub-17	meta_metaphor	meta_R_IFG	yy	YY	word_label	yy_37	yy_37	37	0.15822449648838735
sub-17	meta_metaphor	meta_R_IFG	yy	YY	word_label	yy_33	yy_33	33	-0.26615430324402134
sub-17	meta_metaphor	meta_R_IFG	yy	YY	word_label	yy_2	yy_2	2	-0.03197730334224795
sub-17	meta_metaphor	meta_R_IFG	yy	YY	word_label	yy_6	yy_6	6	-0.01586281606730624
sub-17	meta_metaphor	meta_R_IFG	yy	YY	word_label	yy_32	yy_32	32	0.03940621603404095
sub-17	meta_metaphor	meta_R_IFG	yy	YY	word_label	yy_14	yy_14	14	0.008841831760977307
sub-17	meta_metaphor	meta_R_IFG	yy	YY	word_label	yy_11	yy_11	11	0.22119492949167066
sub-17	meta_metaphor	meta_R_IFG	yy	YY	word_label	yy_35	yy_35	35	0.311526243984442
sub-17	meta_metaphor	meta_R_IFG	yy	YY	word_label	yy_29	yy_29	29	-0.1530415185692121
sub-17	meta_metaphor	meta_R_IFG	yy	YY	word_label	yy_16	yy_16	16	-0.07319699993123757
sub-17	meta_metaphor	meta_R_IFG	yy	YY	word_label	yy_5	yy_5	5	0.24519765717998357
sub-17	meta_metaphor	meta_R_IFG	yy	YY	word_label	yy_13	yy_13	13	0.5332758796683675
sub-17	meta_metaphor	meta_R_IFG	yy	YY	word_label	yy_40	yy_40	40	0.2303249538037886
sub-17	meta_metaphor	meta_R_IFG	yy	YY	word_label	yy_4	yy_4	4	0.3210070235163916
sub-17	meta_metaphor	meta_R_IFG	yy	YY	word_label	yy_39	yy_39	39	-0.14607338630597336
sub-17	meta_metaphor	meta_R_IFG	yy	YY	word_label	yy_15	yy_15	15	0.44395340904703573
sub-17	meta_metaphor	meta_R_IFG	yy	YY	word_label	yy_38	yy_38	38	0.34829595941648955
sub-17	meta_metaphor	meta_R_IFG	yy	YY	word_label	yy_10	yy_10	10	-0.03742932946899005
sub-17	meta_metaphor	meta_R_IFG	yy	YY	word_label	yy_12	yy_12	12	0.12419503458197773
sub-17	meta_metaphor	meta_R_IFG	yy	YY	word_label	yy_7	yy_7	7	0.13743826768360495
sub-17	meta_metaphor	meta_R_IFG	yy	YY	word_label	yy_36	yy_36	36	-0.22657186508808647
sub-17	meta_metaphor	meta_R_IFG	yy	YY	word_label	yy_3	yy_3	3	-0.10156410844994684
sub-17	meta_metaphor	meta_R_IFG	yy	YY	word_label	yy_17	yy_17	17	0.22951738202722075
sub-17	meta_metaphor	meta_R_IFG	yy	YY	word_label	yy_8	yy_8	8	-0.026103260135041027
sub-17	meta_metaphor	meta_R_IFG	yy	YY	word_label	yy_28	yy_28	28	-0.23128067888250428
sub-17	meta_metaphor	meta_R_IFG	yy	YY	word_label	yy_18	yy_18	18	0.13077832317709223
sub-17	meta_metaphor	meta_R_IFG	yy	YY	word_label	yy_23	yy_23	23	-0.019318135716691
sub-17	meta_metaphor	meta_R_IFG	yy	YY	word_label	yy_26	yy_26	26	-0.34462954025766257
sub-17	meta_metaphor	meta_R_IFG	yy	YY	word_label	yy_27	yy_27	27	-0.18833031938701575
sub-17	meta_metaphor	meta_R_IFG	yy	YY	word_label	yy_22	yy_22	22	0.16512129494160072
sub-17	meta_metaphor	meta_R_IFG	kj	KJ	word_label	kj_28	kj_28	28	-0.008579802436626458
sub-17	meta_metaphor	meta_R_IFG	kj	KJ	word_label	kj_31	kj_31	31	-0.09664450739719996
sub-17	meta_metaphor	meta_R_IFG	kj	KJ	word_label	kj_2	kj_2	2	0.2215755521386036
sub-17	meta_metaphor	meta_R_IFG	kj	KJ	word_label	kj_6	kj_6	6	-0.015312825735374978
sub-17	meta_metaphor	meta_R_IFG	kj	KJ	word_label	kj_21	kj_21	21	0.06058237890377187
sub-17	meta_metaphor	meta_R_IFG	kj	KJ	word_label	kj_26	kj_26	26	0.48471825969338633
sub-17	meta_metaphor	meta_R_IFG	kj	KJ	word_label	kj_11	kj_11	11	0.12842243243030924
sub-17	meta_metaphor	meta_R_IFG	kj	KJ	word_label	kj_16	kj_16	16	0.14323637360730776
sub-17	meta_metaphor	meta_R_IFG	kj	KJ	word_label	kj_5	kj_5	5	-0.15170602822916418
sub-17	meta_metaphor	meta_R_IFG	kj	KJ	word_label	kj_34	kj_34	34	0.061413708759348505
sub-17	meta_metaphor	meta_R_IFG	kj	KJ	word_label	kj_10	kj_10	10	0.03077276450322879
sub-17	meta_metaphor	meta_R_IFG	kj	KJ	word_label	kj_3	kj_3	3	0.1238119771830184
sub-17	meta_metaphor	meta_R_IFG	kj	KJ	word_label	kj_8	kj_8	8	0.35911984255462504
sub-17	meta_metaphor	meta_R_IFG	kj	KJ	word_label	kj_22	kj_22	22	0.1651429893985072
sub-17	meta_metaphor	meta_R_IFG	kj	KJ	word_label	kj_12	kj_12	12	-0.43461871950269015
sub-17	meta_metaphor	meta_R_IFG	kj	KJ	word_label	kj_25	kj_25	25	0.1609759630576605
sub-17	meta_metaphor	meta_R_IFG	kj	KJ	word_label	kj_24	kj_24	24	0.0009918385704495653
sub-17	meta_metaphor	meta_R_IFG	kj	KJ	word_label	kj_17	kj_17	17	0.37214346945143106
sub-17	meta_metaphor	meta_R_IFG	kj	KJ	word_label	kj_1	kj_1	1	0.07954045559983884
sub-17	meta_metaphor	meta_R_IFG	kj	KJ	word_label	kj_20	kj_20	20	-0.09620836834120493
sub-17	meta_metaphor	meta_R_IFG	kj	KJ	word_label	kj_9	kj_9	9	0.4074709190553861
sub-17	meta_metaphor	meta_R_IFG	kj	KJ	word_label	kj_29	kj_29	29	0.11043824388080259
sub-17	meta_metaphor	meta_R_IFG	kj	KJ	word_label	kj_37	kj_37	37	-0.32905595426524353
sub-17	meta_metaphor	meta_R_IFG	kj	KJ	word_label	kj_39	kj_39	39	0.5631551248656262
sub-17	meta_metaphor	meta_R_IFG	kj	KJ	word_label	kj_19	kj_19	19	-0.08629165010475288
sub-17	meta_metaphor	meta_R_IFG	kj	KJ	word_label	kj_36	kj_36	36	0.25310944611482766
sub-17	meta_metaphor	meta_R_IFG	kj	KJ	word_label	kj_7	kj_7	7	-0.11956388966318311
sub-17	meta_metaphor	meta_R_IFG	kj	KJ	word_label	kj_38	kj_38	38	0.07632432986628979
sub-17	meta_metaphor	meta_R_IFG	kj	KJ	word_label	kj_14	kj_14	14	-0.5236185309900425
sub-17	meta_metaphor	meta_R_IFG	kj	KJ	word_label	kj_23	kj_23	23	0.2935699822110527
sub-17	meta_metaphor	meta_R_IFG	kj	KJ	word_label	kj_30	kj_30	30	0.29865595495468344
sub-17	meta_metaphor	meta_R_IFG	kj	KJ	word_label	kj_15	kj_15	15	-0.07889876267445921
sub-17	meta_metaphor	meta_R_IFG	kj	KJ	word_label	kj_13	kj_13	13	0.446656038499981
sub-17	meta_metaphor	meta_R_IFG	kj	KJ	word_label	kj_33	kj_33	33	-0.14238272825450154
sub-17	meta_metaphor	meta_R_IFG	kj	KJ	word_label	kj_27	kj_27	27	-0.0068017130174506625
sub-17	meta_metaphor	meta_R_pMTG_pSTS	yy	YY	word_label	yy_1	yy_1	1	0.37013574361367035
sub-17	meta_metaphor	meta_R_pMTG_pSTS	yy	YY	word_label	yy_19	yy_19	19	0.14147315751325049
sub-17	meta_metaphor	meta_R_pMTG_pSTS	yy	YY	word_label	yy_24	yy_24	24	0.4166801076220873
sub-17	meta_metaphor	meta_R_pMTG_pSTS	yy	YY	word_label	yy_21	yy_21	21	0.5325903783844431
sub-17	meta_metaphor	meta_R_pMTG_pSTS	yy	YY	word_label	yy_9	yy_9	9	0.31566477626369055
sub-17	meta_metaphor	meta_R_pMTG_pSTS	yy	YY	word_label	yy_37	yy_37	37	-0.3509073113497787
sub-17	meta_metaphor	meta_R_pMTG_pSTS	yy	YY	word_label	yy_33	yy_33	33	-0.15054224574303013
sub-17	meta_metaphor	meta_R_pMTG_pSTS	yy	YY	word_label	yy_2	yy_2	2	-0.27809819343354764
sub-17	meta_metaphor	meta_R_pMTG_pSTS	yy	YY	word_label	yy_6	yy_6	6	0.41007589811944745
sub-17	meta_metaphor	meta_R_pMTG_pSTS	yy	YY	word_label	yy_32	yy_32	32	0.5251164650753652
sub-17	meta_metaphor	meta_R_pMTG_pSTS	yy	YY	word_label	yy_14	yy_14	14	0.2690809790968744
sub-17	meta_metaphor	meta_R_pMTG_pSTS	yy	YY	word_label	yy_11	yy_11	11	0.5261193152913667
sub-17	meta_metaphor	meta_R_pMTG_pSTS	yy	YY	word_label	yy_35	yy_35	35	0.33801684099592655
sub-17	meta_metaphor	meta_R_pMTG_pSTS	yy	YY	word_label	yy_29	yy_29	29	0.6839220213228857
sub-17	meta_metaphor	meta_R_pMTG_pSTS	yy	YY	word_label	yy_16	yy_16	16	0.6733089205930811
sub-17	meta_metaphor	meta_R_pMTG_pSTS	yy	YY	word_label	yy_5	yy_5	5	0.2547533884933436
sub-17	meta_metaphor	meta_R_pMTG_pSTS	yy	YY	word_label	yy_13	yy_13	13	0.04400797627934062
sub-17	meta_metaphor	meta_R_pMTG_pSTS	yy	YY	word_label	yy_40	yy_40	40	0.42448431682210813
sub-17	meta_metaphor	meta_R_pMTG_pSTS	yy	YY	word_label	yy_4	yy_4	4	0.43167093701880044
sub-17	meta_metaphor	meta_R_pMTG_pSTS	yy	YY	word_label	yy_39	yy_39	39	-0.0898128309563222
sub-17	meta_metaphor	meta_R_pMTG_pSTS	yy	YY	word_label	yy_15	yy_15	15	-0.13051036160597654
sub-17	meta_metaphor	meta_R_pMTG_pSTS	yy	YY	word_label	yy_38	yy_38	38	-0.27257286729644753
sub-17	meta_metaphor	meta_R_pMTG_pSTS	yy	YY	word_label	yy_10	yy_10	10	-0.4268646330310967
sub-17	meta_metaphor	meta_R_pMTG_pSTS	yy	YY	word_label	yy_12	yy_12	12	0.1655785397608502
sub-17	meta_metaphor	meta_R_pMTG_pSTS	yy	YY	word_label	yy_7	yy_7	7	0.2007065379551279
sub-17	meta_metaphor	meta_R_pMTG_pSTS	yy	YY	word_label	yy_36	yy_36	36	0.12139397660382106
sub-17	meta_metaphor	meta_R_pMTG_pSTS	yy	YY	word_label	yy_3	yy_3	3	0.16088367473044188
sub-17	meta_metaphor	meta_R_pMTG_pSTS	yy	YY	word_label	yy_17	yy_17	17	-0.124824445748633
sub-17	meta_metaphor	meta_R_pMTG_pSTS	yy	YY	word_label	yy_8	yy_8	8	0.017214857908722375
sub-17	meta_metaphor	meta_R_pMTG_pSTS	yy	YY	word_label	yy_28	yy_28	28	-0.09702584486387383
sub-17	meta_metaphor	meta_R_pMTG_pSTS	yy	YY	word_label	yy_18	yy_18	18	0.05817546134804151
sub-17	meta_metaphor	meta_R_pMTG_pSTS	yy	YY	word_label	yy_23	yy_23	23	0.05966573487555524
sub-17	meta_metaphor	meta_R_pMTG_pSTS	yy	YY	word_label	yy_26	yy_26	26	-0.2311022973138279
sub-17	meta_metaphor	meta_R_pMTG_pSTS	yy	YY	word_label	yy_27	yy_27	27	0.393444487965906
sub-17	meta_metaphor	meta_R_pMTG_pSTS	yy	YY	word_label	yy_22	yy_22	22	-0.4540013288829
sub-17	meta_metaphor	meta_R_pMTG_pSTS	kj	KJ	word_label	kj_28	kj_28	28	0.08347565758289158
sub-17	meta_metaphor	meta_R_pMTG_pSTS	kj	KJ	word_label	kj_31	kj_31	31	0.560173431357372
sub-17	meta_metaphor	meta_R_pMTG_pSTS	kj	KJ	word_label	kj_2	kj_2	2	0.4536321898459513
sub-17	meta_metaphor	meta_R_pMTG_pSTS	kj	KJ	word_label	kj_6	kj_6	6	-0.11060755765252858
sub-17	meta_metaphor	meta_R_pMTG_pSTS	kj	KJ	word_label	kj_21	kj_21	21	0.5578648023109383
sub-17	meta_metaphor	meta_R_pMTG_pSTS	kj	KJ	word_label	kj_26	kj_26	26	-0.646768975170583
sub-17	meta_metaphor	meta_R_pMTG_pSTS	kj	KJ	word_label	kj_11	kj_11	11	0.01620718009938105
sub-17	meta_metaphor	meta_R_pMTG_pSTS	kj	KJ	word_label	kj_16	kj_16	16	0.755956487164355
sub-17	meta_metaphor	meta_R_pMTG_pSTS	kj	KJ	word_label	kj_5	kj_5	5	0.14497375613465033
sub-17	meta_metaphor	meta_R_pMTG_pSTS	kj	KJ	word_label	kj_34	kj_34	34	0.26084605158534724
sub-17	meta_metaphor	meta_R_pMTG_pSTS	kj	KJ	word_label	kj_10	kj_10	10	0.36591889877325123
sub-17	meta_metaphor	meta_R_pMTG_pSTS	kj	KJ	word_label	kj_3	kj_3	3	0.7441959254394457
sub-17	meta_metaphor	meta_R_pMTG_pSTS	kj	KJ	word_label	kj_8	kj_8	8	0.6220502631389567
sub-17	meta_metaphor	meta_R_pMTG_pSTS	kj	KJ	word_label	kj_22	kj_22	22	0.6138120572683147
sub-17	meta_metaphor	meta_R_pMTG_pSTS	kj	KJ	word_label	kj_12	kj_12	12	0.0755040074133553
sub-17	meta_metaphor	meta_R_pMTG_pSTS	kj	KJ	word_label	kj_25	kj_25	25	0.46646650975296033
sub-17	meta_metaphor	meta_R_pMTG_pSTS	kj	KJ	word_label	kj_24	kj_24	24	-0.38032904047482147
sub-17	meta_metaphor	meta_R_pMTG_pSTS	kj	KJ	word_label	kj_17	kj_17	17	-0.18715659018953917
sub-17	meta_metaphor	meta_R_pMTG_pSTS	kj	KJ	word_label	kj_1	kj_1	1	0.5477900520504927
sub-17	meta_metaphor	meta_R_pMTG_pSTS	kj	KJ	word_label	kj_20	kj_20	20	0.5094062211889187
sub-17	meta_metaphor	meta_R_pMTG_pSTS	kj	KJ	word_label	kj_9	kj_9	9	0.2879485471715735
sub-17	meta_metaphor	meta_R_pMTG_pSTS	kj	KJ	word_label	kj_29	kj_29	29	-0.09448506499316593
sub-17	meta_metaphor	meta_R_pMTG_pSTS	kj	KJ	word_label	kj_37	kj_37	37	0.8088811598714287
sub-17	meta_metaphor	meta_R_pMTG_pSTS	kj	KJ	word_label	kj_39	kj_39	39	0.13248859635665888
sub-17	meta_metaphor	meta_R_pMTG_pSTS	kj	KJ	word_label	kj_19	kj_19	19	0.2791490104186492
sub-17	meta_metaphor	meta_R_pMTG_pSTS	kj	KJ	word_label	kj_36	kj_36	36	0.75476426637042
sub-17	meta_metaphor	meta_R_pMTG_pSTS	kj	KJ	word_label	kj_7	kj_7	7	-0.23158804516934656
sub-17	meta_metaphor	meta_R_pMTG_pSTS	kj	KJ	word_label	kj_38	kj_38	38	-0.6644755103482634
sub-17	meta_metaphor	meta_R_pMTG_pSTS	kj	KJ	word_label	kj_14	kj_14	14	-0.5036007731232373
sub-17	meta_metaphor	meta_R_pMTG_pSTS	kj	KJ	word_label	kj_23	kj_23	23	0.3685904568706378
sub-17	meta_metaphor	meta_R_pMTG_pSTS	kj	KJ	word_label	kj_30	kj_30	30	0.16169942894469577
sub-17	meta_metaphor	meta_R_pMTG_pSTS	kj	KJ	word_label	kj_15	kj_15	15	-0.3481282067316252
sub-17	meta_metaphor	meta_R_pMTG_pSTS	kj	KJ	word_label	kj_13	kj_13	13	-0.679338478222265
sub-17	meta_metaphor	meta_R_pMTG_pSTS	kj	KJ	word_label	kj_33	kj_33	33	-0.6656503708731466
sub-17	meta_metaphor	meta_R_pMTG_pSTS	kj	KJ	word_label	kj_27	kj_27	27	0.39296321846122123
sub-17	meta_metaphor	meta_R_temporal_pole	yy	YY	word_label	yy_1	yy_1	1	-0.36188535350682466
sub-17	meta_metaphor	meta_R_temporal_pole	yy	YY	word_label	yy_19	yy_19	19	-0.46705689130698597
sub-17	meta_metaphor	meta_R_temporal_pole	yy	YY	word_label	yy_24	yy_24	24	-0.3451145708831736
sub-17	meta_metaphor	meta_R_temporal_pole	yy	YY	word_label	yy_21	yy_21	21	-0.7335278905045496
sub-17	meta_metaphor	meta_R_temporal_pole	yy	YY	word_label	yy_9	yy_9	9	-0.7359680513106454
sub-17	meta_metaphor	meta_R_temporal_pole	yy	YY	word_label	yy_37	yy_37	37	-0.22003451067474475
sub-17	meta_metaphor	meta_R_temporal_pole	yy	YY	word_label	yy_33	yy_33	33	-0.21825688801549492
sub-17	meta_metaphor	meta_R_temporal_pole	yy	YY	word_label	yy_2	yy_2	2	0.15374982896109754
sub-17	meta_metaphor	meta_R_temporal_pole	yy	YY	word_label	yy_6	yy_6	6	0.29687613154503795
sub-17	meta_metaphor	meta_R_temporal_pole	yy	YY	word_label	yy_32	yy_32	32	-0.3139613936864899
sub-17	meta_metaphor	meta_R_temporal_pole	yy	YY	word_label	yy_14	yy_14	14	-0.6278364815120727
sub-17	meta_metaphor	meta_R_temporal_pole	yy	YY	word_label	yy_11	yy_11	11	-0.2749692311917115
sub-17	meta_metaphor	meta_R_temporal_pole	yy	YY	word_label	yy_35	yy_35	35	0.8248856449388566
sub-17	meta_metaphor	meta_R_temporal_pole	yy	YY	word_label	yy_29	yy_29	29	-0.42933005319760703
sub-17	meta_metaphor	meta_R_temporal_pole	yy	YY	word_label	yy_16	yy_16	16	0.027476866941016566
sub-17	meta_metaphor	meta_R_temporal_pole	yy	YY	word_label	yy_5	yy_5	5	-0.5238233488125613
sub-17	meta_metaphor	meta_R_temporal_pole	yy	YY	word_label	yy_13	yy_13	13	-0.47896103271541896
sub-17	meta_metaphor	meta_R_temporal_pole	yy	YY	word_label	yy_40	yy_40	40	0.4218810870796071
sub-17	meta_metaphor	meta_R_temporal_pole	yy	YY	word_label	yy_4	yy_4	4	0.11994995807158047
sub-17	meta_metaphor	meta_R_temporal_pole	yy	YY	word_label	yy_39	yy_39	39	-0.9635483448337918
sub-17	meta_metaphor	meta_R_temporal_pole	yy	YY	word_label	yy_15	yy_15	15	-0.6764187114217138
sub-17	meta_metaphor	meta_R_temporal_pole	yy	YY	word_label	yy_38	yy_38	38	0.2400289635028743
sub-17	meta_metaphor	meta_R_temporal_pole	yy	YY	word_label	yy_10	yy_10	10	0.19709509370482228
sub-17	meta_metaphor	meta_R_temporal_pole	yy	YY	word_label	yy_12	yy_12	12	-0.8495220233771713
sub-17	meta_metaphor	meta_R_temporal_pole	yy	YY	word_label	yy_7	yy_7	7	0.6446605726807639
sub-17	meta_metaphor	meta_R_temporal_pole	yy	YY	word_label	yy_36	yy_36	36	-0.1752309305164645
sub-17	meta_metaphor	meta_R_temporal_pole	yy	YY	word_label	yy_3	yy_3	3	0.23618598232738167
sub-17	meta_metaphor	meta_R_temporal_pole	yy	YY	word_label	yy_17	yy_17	17	-0.0487572107613051
sub-17	meta_metaphor	meta_R_temporal_pole	yy	YY	word_label	yy_8	yy_8	8	0.709286894201153
sub-17	meta_metaphor	meta_R_temporal_pole	yy	YY	word_label	yy_28	yy_28	28	-0.5369130951979683
sub-17	meta_metaphor	meta_R_temporal_pole	yy	YY	word_label	yy_18	yy_18	18	0.6726560941754792
sub-17	meta_metaphor	meta_R_temporal_pole	yy	YY	word_label	yy_23	yy_23	23	0.8333536090256783
sub-17	meta_metaphor	meta_R_temporal_pole	yy	YY	word_label	yy_26	yy_26	26	0.02221550948787924
sub-17	meta_metaphor	meta_R_temporal_pole	yy	YY	word_label	yy_27	yy_27	27	-0.2585723140000939
sub-17	meta_metaphor	meta_R_temporal_pole	yy	YY	word_label	yy_22	yy_22	22	-0.28055769030804106
sub-17	meta_metaphor	meta_R_temporal_pole	kj	KJ	word_label	kj_28	kj_28	28	0.8270744615213218
sub-17	meta_metaphor	meta_R_temporal_pole	kj	KJ	word_label	kj_31	kj_31	31	-0.1603733110130622
sub-17	meta_metaphor	meta_R_temporal_pole	kj	KJ	word_label	kj_2	kj_2	2	-0.13774069692079044
sub-17	meta_metaphor	meta_R_temporal_pole	kj	KJ	word_label	kj_6	kj_6	6	0.04436231770068114
sub-17	meta_metaphor	meta_R_temporal_pole	kj	KJ	word_label	kj_21	kj_21	21	-0.5105326686901034
sub-17	meta_metaphor	meta_R_temporal_pole	kj	KJ	word_label	kj_26	kj_26	26	-0.5024061952984827
sub-17	meta_metaphor	meta_R_temporal_pole	kj	KJ	word_label	kj_11	kj_11	11	0.4055093762085354
sub-17	meta_metaphor	meta_R_temporal_pole	kj	KJ	word_label	kj_16	kj_16	16	-0.31715883782280463
sub-17	meta_metaphor	meta_R_temporal_pole	kj	KJ	word_label	kj_5	kj_5	5	0.03160586907636186
sub-17	meta_metaphor	meta_R_temporal_pole	kj	KJ	word_label	kj_34	kj_34	34	0.8869678091914759
sub-17	meta_metaphor	meta_R_temporal_pole	kj	KJ	word_label	kj_10	kj_10	10	0.6186527110257628
sub-17	meta_metaphor	meta_R_temporal_pole	kj	KJ	word_label	kj_3	kj_3	3	-0.5834435047317441
sub-17	meta_metaphor	meta_R_temporal_pole	kj	KJ	word_label	kj_8	kj_8	8	-0.469826820869358
sub-17	meta_metaphor	meta_R_temporal_pole	kj	KJ	word_label	kj_22	kj_22	22	-0.2635657112172308
sub-17	meta_metaphor	meta_R_temporal_pole	kj	KJ	word_label	kj_12	kj_12	12	-0.5304514807347409
sub-17	meta_metaphor	meta_R_temporal_pole	kj	KJ	word_label	kj_25	kj_25	25	-0.3873218309198979
sub-17	meta_metaphor	meta_R_temporal_pole	kj	KJ	word_label	kj_24	kj_24	24	-0.034778141048888475
sub-17	meta_metaphor	meta_R_temporal_pole	kj	KJ	word_label	kj_17	kj_17	17	0.9584808147817593
sub-17	meta_metaphor	meta_R_temporal_pole	kj	KJ	word_label	kj_1	kj_1	1	0.46742177191495105
sub-17	meta_metaphor	meta_R_temporal_pole	kj	KJ	word_label	kj_20	kj_20	20	-0.44190599958447463
sub-17	meta_metaphor	meta_R_temporal_pole	kj	KJ	word_label	kj_9	kj_9	9	0.8009129168718624
sub-17	meta_metaphor	meta_R_temporal_pole	kj	KJ	word_label	kj_29	kj_29	29	0.8573579019955335
sub-17	meta_metaphor	meta_R_temporal_pole	kj	KJ	word_label	kj_37	kj_37	37	-0.47542081205381453
sub-17	meta_metaphor	meta_R_temporal_pole	kj	KJ	word_label	kj_39	kj_39	39	-0.7856801573544266
sub-17	meta_metaphor	meta_R_temporal_pole	kj	KJ	word_label	kj_19	kj_19	19	-0.682930140004975
sub-17	meta_metaphor	meta_R_temporal_pole	kj	KJ	word_label	kj_36	kj_36	36	-0.0973537189141402
sub-17	meta_metaphor	meta_R_temporal_pole	kj	KJ	word_label	kj_7	kj_7	7	-0.2767769754933932
sub-17	meta_metaphor	meta_R_temporal_pole	kj	KJ	word_label	kj_38	kj_38	38	-0.5517415826189004
sub-17	meta_metaphor	meta_R_temporal_pole	kj	KJ	word_label	kj_14	kj_14	14	0.4084054076524565
sub-17	meta_metaphor	meta_R_temporal_pole	kj	KJ	word_label	kj_23	kj_23	23	-0.5993880549342848
sub-17	meta_metaphor	meta_R_temporal_pole	kj	KJ	word_label	kj_30	kj_30	30	0.203922795443546
sub-17	meta_metaphor	meta_R_temporal_pole	kj	KJ	word_label	kj_15	kj_15	15	0.000726670019278892
sub-17	meta_metaphor	meta_R_temporal_pole	kj	KJ	word_label	kj_13	kj_13	13	0.7950823153753197
sub-17	meta_metaphor	meta_R_temporal_pole	kj	KJ	word_label	kj_33	kj_33	33	0.8551043615587477
sub-17	meta_metaphor	meta_R_temporal_pole	kj	KJ	word_label	kj_27	kj_27	27	-0.7848998970833687
sub-18	meta_metaphor	meta_L_AG	yy	YY	word_label	yy_18	yy_18	18	0.2109139649188539
sub-18	meta_metaphor	meta_L_AG	yy	YY	word_label	yy_33	yy_33	33	-0.5349572606948563
sub-18	meta_metaphor	meta_L_AG	yy	YY	word_label	yy_29	yy_29	29	0.38016268126162306
sub-18	meta_metaphor	meta_L_AG	yy	YY	word_label	yy_40	yy_40	40	-0.48010835528894696
sub-18	meta_metaphor	meta_L_AG	yy	YY	word_label	yy_5	yy_5	5	-0.010176318197100636
sub-18	meta_metaphor	meta_L_AG	yy	YY	word_label	yy_19	yy_19	19	-0.6267354371270989
sub-18	meta_metaphor	meta_L_AG	yy	YY	word_label	yy_6	yy_6	6	-0.16451632544863956
sub-18	meta_metaphor	meta_L_AG	yy	YY	word_label	yy_1	yy_1	1	-0.0431261632704454
sub-18	meta_metaphor	meta_L_AG	yy	YY	word_label	yy_13	yy_13	13	-0.03175415573580176
sub-18	meta_metaphor	meta_L_AG	yy	YY	word_label	yy_37	yy_37	37	-0.05854734834260126
sub-18	meta_metaphor	meta_L_AG	yy	YY	word_label	yy_11	yy_11	11	-0.01554463280495508
sub-18	meta_metaphor	meta_L_AG	yy	YY	word_label	yy_16	yy_16	16	0.5817798958365926
sub-18	meta_metaphor	meta_L_AG	yy	YY	word_label	yy_14	yy_14	14	-0.2748363961478209
sub-18	meta_metaphor	meta_L_AG	yy	YY	word_label	yy_23	yy_23	23	0.02360301077492021
sub-18	meta_metaphor	meta_L_AG	yy	YY	word_label	yy_24	yy_24	24	-0.4472466050233712
sub-18	meta_metaphor	meta_L_AG	yy	YY	word_label	yy_2	yy_2	2	0.02715638023420096
sub-18	meta_metaphor	meta_L_AG	yy	YY	word_label	yy_27	yy_27	27	-0.4901941028952785
sub-18	meta_metaphor	meta_L_AG	yy	YY	word_label	yy_7	yy_7	7	-0.49785728793662104
sub-18	meta_metaphor	meta_L_AG	yy	YY	word_label	yy_12	yy_12	12	0.3069047122787485
sub-18	meta_metaphor	meta_L_AG	yy	YY	word_label	yy_9	yy_9	9	-0.5220156845955185
sub-18	meta_metaphor	meta_L_AG	yy	YY	word_label	yy_39	yy_39	39	0.2688167592187925
sub-18	meta_metaphor	meta_L_AG	yy	YY	word_label	yy_21	yy_21	21	0.09280749774877817
sub-18	meta_metaphor	meta_L_AG	yy	YY	word_label	yy_22	yy_22	22	0.3004616294192562
sub-18	meta_metaphor	meta_L_AG	yy	YY	word_label	yy_17	yy_17	17	-0.6470239517885826
sub-18	meta_metaphor	meta_L_AG	yy	YY	word_label	yy_28	yy_28	28	-0.5792750507791274
sub-18	meta_metaphor	meta_L_AG	yy	YY	word_label	yy_32	yy_32	32	0.5604628395199767
sub-18	meta_metaphor	meta_L_AG	yy	YY	word_label	yy_35	yy_35	35	0.12264418570957497
sub-18	meta_metaphor	meta_L_AG	yy	YY	word_label	yy_3	yy_3	3	0.20722575218910105
sub-18	meta_metaphor	meta_L_AG	yy	YY	word_label	yy_15	yy_15	15	0.7249700773239938
sub-18	meta_metaphor	meta_L_AG	yy	YY	word_label	yy_8	yy_8	8	-0.287487710940939
sub-18	meta_metaphor	meta_L_AG	yy	YY	word_label	yy_26	yy_26	26	0.09784903050930643
sub-18	meta_metaphor	meta_L_AG	yy	YY	word_label	yy_36	yy_36	36	0.5593784315162779
sub-18	meta_metaphor	meta_L_AG	yy	YY	word_label	yy_38	yy_38	38	0.04355800192180112
sub-18	meta_metaphor	meta_L_AG	yy	YY	word_label	yy_4	yy_4	4	-0.44820737699948615
sub-18	meta_metaphor	meta_L_AG	yy	YY	word_label	yy_10	yy_10	10	-0.23099687112912984
sub-18	meta_metaphor	meta_L_AG	kj	KJ	word_label	kj_37	kj_37	37	0.47799182972794324
sub-18	meta_metaphor	meta_L_AG	kj	KJ	word_label	kj_10	kj_10	10	-0.13555529341938535
sub-18	meta_metaphor	meta_L_AG	kj	KJ	word_label	kj_21	kj_21	21	0.026874176180329886
sub-18	meta_metaphor	meta_L_AG	kj	KJ	word_label	kj_1	kj_1	1	0.3075963626508322
sub-18	meta_metaphor	meta_L_AG	kj	KJ	word_label	kj_39	kj_39	39	-0.5430451757080715
sub-18	meta_metaphor	meta_L_AG	kj	KJ	word_label	kj_15	kj_15	15	0.3659633071829857
sub-18	meta_metaphor	meta_L_AG	kj	KJ	word_label	kj_16	kj_16	16	-0.2068052944992359
sub-18	meta_metaphor	meta_L_AG	kj	KJ	word_label	kj_11	kj_11	11	0.22856104911676248
sub-18	meta_metaphor	meta_L_AG	kj	KJ	word_label	kj_9	kj_9	9	0.4001047297882668
sub-18	meta_metaphor	meta_L_AG	kj	KJ	word_label	kj_25	kj_25	25	0.1702214442310226
sub-18	meta_metaphor	meta_L_AG	kj	KJ	word_label	kj_5	kj_5	5	-0.25735695563936156
sub-18	meta_metaphor	meta_L_AG	kj	KJ	word_label	kj_12	kj_12	12	0.05531588904248963
sub-18	meta_metaphor	meta_L_AG	kj	KJ	word_label	kj_6	kj_6	6	0.691167087608729
sub-18	meta_metaphor	meta_L_AG	kj	KJ	word_label	kj_31	kj_31	31	0.05726229842917466
sub-18	meta_metaphor	meta_L_AG	kj	KJ	word_label	kj_2	kj_2	2	0.09558147397050074
sub-18	meta_metaphor	meta_L_AG	kj	KJ	word_label	kj_33	kj_33	33	0.029031119917586702
sub-18	meta_metaphor	meta_L_AG	kj	KJ	word_label	kj_17	kj_17	17	-0.07946274053304239
sub-18	meta_metaphor	meta_L_AG	kj	KJ	word_label	kj_30	kj_30	30	-0.1941615826319887
sub-18	meta_metaphor	meta_L_AG	kj	KJ	word_label	kj_13	kj_13	13	-0.06816857251343611
sub-18	meta_metaphor	meta_L_AG	kj	KJ	word_label	kj_22	kj_22	22	-0.22827154483679463
sub-18	meta_metaphor	meta_L_AG	kj	KJ	word_label	kj_28	kj_28	28	0.26956771394663087
sub-18	meta_metaphor	meta_L_AG	kj	KJ	word_label	kj_36	kj_36	36	-0.3166543907353526
sub-18	meta_metaphor	meta_L_AG	kj	KJ	word_label	kj_23	kj_23	23	-0.31038783507400175
sub-18	meta_metaphor	meta_L_AG	kj	KJ	word_label	kj_26	kj_26	26	0.42736213815406826
sub-18	meta_metaphor	meta_L_AG	kj	KJ	word_label	kj_8	kj_8	8	0.23227520683348565
sub-18	meta_metaphor	meta_L_AG	kj	KJ	word_label	kj_14	kj_14	14	-0.24294647049976115
sub-18	meta_metaphor	meta_L_AG	kj	KJ	word_label	kj_38	kj_38	38	0.34440629436183207
sub-18	meta_metaphor	meta_L_AG	kj	KJ	word_label	kj_34	kj_34	34	-0.23206709472078932
sub-18	meta_metaphor	meta_L_AG	kj	KJ	word_label	kj_24	kj_24	24	0.03416175317851657
sub-18	meta_metaphor	meta_L_AG	kj	KJ	word_label	kj_29	kj_29	29	-0.787673663662075
sub-18	meta_metaphor	meta_L_AG	kj	KJ	word_label	kj_3	kj_3	3	0.26764668352228344
sub-18	meta_metaphor	meta_L_AG	kj	KJ	word_label	kj_19	kj_19	19	0.009219663619184847
sub-18	meta_metaphor	meta_L_AG	kj	KJ	word_label	kj_27	kj_27	27	-0.299493031678068
sub-18	meta_metaphor	meta_L_AG	kj	KJ	word_label	kj_7	kj_7	7	-0.5029907382620648
sub-18	meta_metaphor	meta_L_AG	kj	KJ	word_label	kj_20	kj_20	20	0.07610503509065505
sub-18	meta_metaphor	meta_L_IFG	yy	YY	word_label	yy_18	yy_18	18	0.0801478943078273
sub-18	meta_metaphor	meta_L_IFG	yy	YY	word_label	yy_33	yy_33	33	0.07859675866618823
sub-18	meta_metaphor	meta_L_IFG	yy	YY	word_label	yy_29	yy_29	29	-0.10421022666342757
sub-18	meta_metaphor	meta_L_IFG	yy	YY	word_label	yy_40	yy_40	40	0.3837581764168218
sub-18	meta_metaphor	meta_L_IFG	yy	YY	word_label	yy_5	yy_5	5	0.28296266834697675
sub-18	meta_metaphor	meta_L_IFG	yy	YY	word_label	yy_19	yy_19	19	0.1253884623069063
sub-18	meta_metaphor	meta_L_IFG	yy	YY	word_label	yy_6	yy_6	6	-0.06974648285100832
sub-18	meta_metaphor	meta_L_IFG	yy	YY	word_label	yy_1	yy_1	1	0.015569053694211292
sub-18	meta_metaphor	meta_L_IFG	yy	YY	word_label	yy_13	yy_13	13	-0.11437938873346788
sub-18	meta_metaphor	meta_L_IFG	yy	YY	word_label	yy_37	yy_37	37	-0.006074474329589975
sub-18	meta_metaphor	meta_L_IFG	yy	YY	word_label	yy_11	yy_11	11	0.0442103996659975
sub-18	meta_metaphor	meta_L_IFG	yy	YY	word_label	yy_16	yy_16	16	-0.23096763900194975
sub-18	meta_metaphor	meta_L_IFG	yy	YY	word_label	yy_14	yy_14	14	0.03212821608634415
sub-18	meta_metaphor	meta_L_IFG	yy	YY	word_label	yy_23	yy_23	23	-0.01361797449235993
sub-18	meta_metaphor	meta_L_IFG	yy	YY	word_label	yy_24	yy_24	24	-0.43883359485911777
sub-18	meta_metaphor	meta_L_IFG	yy	YY	word_label	yy_2	yy_2	2	0.11755622699791433
sub-18	meta_metaphor	meta_L_IFG	yy	YY	word_label	yy_27	yy_27	27	0.16631310702171676
sub-18	meta_metaphor	meta_L_IFG	yy	YY	word_label	yy_7	yy_7	7	0.3303064578941616
sub-18	meta_metaphor	meta_L_IFG	yy	YY	word_label	yy_12	yy_12	12	-0.14188503815576542
sub-18	meta_metaphor	meta_L_IFG	yy	YY	word_label	yy_9	yy_9	9	-0.3186577936789508
sub-18	meta_metaphor	meta_L_IFG	yy	YY	word_label	yy_39	yy_39	39	0.15566059587969347
sub-18	meta_metaphor	meta_L_IFG	yy	YY	word_label	yy_21	yy_21	21	0.37160454495312295
sub-18	meta_metaphor	meta_L_IFG	yy	YY	word_label	yy_22	yy_22	22	0.350353423967313
sub-18	meta_metaphor	meta_L_IFG	yy	YY	word_label	yy_17	yy_17	17	-0.025826184122601042
sub-18	meta_metaphor	meta_L_IFG	yy	YY	word_label	yy_28	yy_28	28	0.11067368067132155
sub-18	meta_metaphor	meta_L_IFG	yy	YY	word_label	yy_32	yy_32	32	-0.05352936008926368
sub-18	meta_metaphor	meta_L_IFG	yy	YY	word_label	yy_35	yy_35	35	0.042203800391801
sub-18	meta_metaphor	meta_L_IFG	yy	YY	word_label	yy_3	yy_3	3	-0.4259662645279534
sub-18	meta_metaphor	meta_L_IFG	yy	YY	word_label	yy_15	yy_15	15	-0.2722733287082079
sub-18	meta_metaphor	meta_L_IFG	yy	YY	word_label	yy_8	yy_8	8	0.08239820800101538
sub-18	meta_metaphor	meta_L_IFG	yy	YY	word_label	yy_26	yy_26	26	0.09057627512166702
sub-18	meta_metaphor	meta_L_IFG	yy	YY	word_label	yy_36	yy_36	36	0.24641297306051635
sub-18	meta_metaphor	meta_L_IFG	yy	YY	word_label	yy_38	yy_38	38	0.22961230363137083
sub-18	meta_metaphor	meta_L_IFG	yy	YY	word_label	yy_4	yy_4	4	-0.2587752969993585
sub-18	meta_metaphor	meta_L_IFG	yy	YY	word_label	yy_10	yy_10	10	-0.30081944909779135
sub-18	meta_metaphor	meta_L_IFG	kj	KJ	word_label	kj_37	kj_37	37	0.2600904247380835
sub-18	meta_metaphor	meta_L_IFG	kj	KJ	word_label	kj_10	kj_10	10	0.25263280891485324
sub-18	meta_metaphor	meta_L_IFG	kj	KJ	word_label	kj_21	kj_21	21	-0.10591090291942633
sub-18	meta_metaphor	meta_L_IFG	kj	KJ	word_label	kj_1	kj_1	1	-0.2875593988429801
sub-18	meta_metaphor	meta_L_IFG	kj	KJ	word_label	kj_39	kj_39	39	0.43752100567470453
sub-18	meta_metaphor	meta_L_IFG	kj	KJ	word_label	kj_15	kj_15	15	-0.3165812684598722
sub-18	meta_metaphor	meta_L_IFG	kj	KJ	word_label	kj_16	kj_16	16	-0.21038297423762536
sub-18	meta_metaphor	meta_L_IFG	kj	KJ	word_label	kj_11	kj_11	11	0.27512188770899276
sub-18	meta_metaphor	meta_L_IFG	kj	KJ	word_label	kj_9	kj_9	9	0.0010353015297284356
sub-18	meta_metaphor	meta_L_IFG	kj	KJ	word_label	kj_25	kj_25	25	-0.27309837159845635
sub-18	meta_metaphor	meta_L_IFG	kj	KJ	word_label	kj_5	kj_5	5	0.022803701306336632
sub-18	meta_metaphor	meta_L_IFG	kj	KJ	word_label	kj_12	kj_12	12	0.05230478630409961
sub-18	meta_metaphor	meta_L_IFG	kj	KJ	word_label	kj_6	kj_6	6	0.36892602218999965
sub-18	meta_metaphor	meta_L_IFG	kj	KJ	word_label	kj_31	kj_31	31	0.18035747508548705
sub-18	meta_metaphor	meta_L_IFG	kj	KJ	word_label	kj_2	kj_2	2	-0.18156946096551285
sub-18	meta_metaphor	meta_L_IFG	kj	KJ	word_label	kj_33	kj_33	33	0.17549257289245493
sub-18	meta_metaphor	meta_L_IFG	kj	KJ	word_label	kj_17	kj_17	17	-0.39015234787028685
sub-18	meta_metaphor	meta_L_IFG	kj	KJ	word_label	kj_30	kj_30	30	0.0876630039635221
sub-18	meta_metaphor	meta_L_IFG	kj	KJ	word_label	kj_13	kj_13	13	-0.10970693054195137
sub-18	meta_metaphor	meta_L_IFG	kj	KJ	word_label	kj_22	kj_22	22	-0.5762103894962562
sub-18	meta_metaphor	meta_L_IFG	kj	KJ	word_label	kj_28	kj_28	28	-0.13667433853512487
sub-18	meta_metaphor	meta_L_IFG	kj	KJ	word_label	kj_36	kj_36	36	-0.1944720335443086
sub-18	meta_metaphor	meta_L_IFG	kj	KJ	word_label	kj_23	kj_23	23	-0.3215669314390597
sub-18	meta_metaphor	meta_L_IFG	kj	KJ	word_label	kj_26	kj_26	26	0.2794995104649807
sub-18	meta_metaphor	meta_L_IFG	kj	KJ	word_label	kj_8	kj_8	8	0.028980007541183544
sub-18	meta_metaphor	meta_L_IFG	kj	KJ	word_label	kj_14	kj_14	14	-0.2320713497205153
sub-18	meta_metaphor	meta_L_IFG	kj	KJ	word_label	kj_38	kj_38	38	-0.15311216436023642
sub-18	meta_metaphor	meta_L_IFG	kj	KJ	word_label	kj_34	kj_34	34	-0.13409898731182454
sub-18	meta_metaphor	meta_L_IFG	kj	KJ	word_label	kj_24	kj_24	24	0.07577402793498386
sub-18	meta_metaphor	meta_L_IFG	kj	KJ	word_label	kj_29	kj_29	29	-0.3175435413059722
sub-18	meta_metaphor	meta_L_IFG	kj	KJ	word_label	kj_3	kj_3	3	0.31638405767931316
sub-18	meta_metaphor	meta_L_IFG	kj	KJ	word_label	kj_19	kj_19	19	0.058129854591011186
sub-18	meta_metaphor	meta_L_IFG	kj	KJ	word_label	kj_27	kj_27	27	0.03979726190164023
sub-18	meta_metaphor	meta_L_IFG	kj	KJ	word_label	kj_7	kj_7	7	0.03881417303699392
sub-18	meta_metaphor	meta_L_IFG	kj	KJ	word_label	kj_20	kj_20	20	0.28868523575433513
sub-18	meta_metaphor	meta_L_pMTG_pSTS	yy	YY	word_label	yy_18	yy_18	18	0.41675329958050417
sub-18	meta_metaphor	meta_L_pMTG_pSTS	yy	YY	word_label	yy_33	yy_33	33	0.24367878389990164
sub-18	meta_metaphor	meta_L_pMTG_pSTS	yy	YY	word_label	yy_29	yy_29	29	-0.4046289450930955
sub-18	meta_metaphor	meta_L_pMTG_pSTS	yy	YY	word_label	yy_40	yy_40	40	-0.09823951920979408
sub-18	meta_metaphor	meta_L_pMTG_pSTS	yy	YY	word_label	yy_5	yy_5	5	0.26068932739901324
sub-18	meta_metaphor	meta_L_pMTG_pSTS	yy	YY	word_label	yy_19	yy_19	19	-0.1727896770238814
sub-18	meta_metaphor	meta_L_pMTG_pSTS	yy	YY	word_label	yy_6	yy_6	6	0.19878306984707136
sub-18	meta_metaphor	meta_L_pMTG_pSTS	yy	YY	word_label	yy_1	yy_1	1	0.009771738758540559
sub-18	meta_metaphor	meta_L_pMTG_pSTS	yy	YY	word_label	yy_13	yy_13	13	0.4951219558964904
sub-18	meta_metaphor	meta_L_pMTG_pSTS	yy	YY	word_label	yy_37	yy_37	37	-0.3456645437053571
sub-18	meta_metaphor	meta_L_pMTG_pSTS	yy	YY	word_label	yy_11	yy_11	11	0.20170930605885032
sub-18	meta_metaphor	meta_L_pMTG_pSTS	yy	YY	word_label	yy_16	yy_16	16	0.29676334438439056
sub-18	meta_metaphor	meta_L_pMTG_pSTS	yy	YY	word_label	yy_14	yy_14	14	-0.23076531517903426
sub-18	meta_metaphor	meta_L_pMTG_pSTS	yy	YY	word_label	yy_23	yy_23	23	0.6328526983693677
sub-18	meta_metaphor	meta_L_pMTG_pSTS	yy	YY	word_label	yy_24	yy_24	24	0.39370300526236657
sub-18	meta_metaphor	meta_L_pMTG_pSTS	yy	YY	word_label	yy_2	yy_2	2	0.2955178747892804
sub-18	meta_metaphor	meta_L_pMTG_pSTS	yy	YY	word_label	yy_27	yy_27	27	-0.43775101372170816
sub-18	meta_metaphor	meta_L_pMTG_pSTS	yy	YY	word_label	yy_7	yy_7	7	-0.3475692349786844
sub-18	meta_metaphor	meta_L_pMTG_pSTS	yy	YY	word_label	yy_12	yy_12	12	0.4138587232222545
sub-18	meta_metaphor	meta_L_pMTG_pSTS	yy	YY	word_label	yy_9	yy_9	9	0.09147278658355364
sub-18	meta_metaphor	meta_L_pMTG_pSTS	yy	YY	word_label	yy_39	yy_39	39	-0.5934807087313114
sub-18	meta_metaphor	meta_L_pMTG_pSTS	yy	YY	word_label	yy_21	yy_21	21	0.6807557100748556
sub-18	meta_metaphor	meta_L_pMTG_pSTS	yy	YY	word_label	yy_22	yy_22	22	0.6016973035043284
sub-18	meta_metaphor	meta_L_pMTG_pSTS	yy	YY	word_label	yy_17	yy_17	17	0.7529191479714316
sub-18	meta_metaphor	meta_L_pMTG_pSTS	yy	YY	word_label	yy_28	yy_28	28	0.24535428698822234
sub-18	meta_metaphor	meta_L_pMTG_pSTS	yy	YY	word_label	yy_32	yy_32	32	0.39962993980844236
sub-18	meta_metaphor	meta_L_pMTG_pSTS	yy	YY	word_label	yy_35	yy_35	35	0.06989234918870528
sub-18	meta_metaphor	meta_L_pMTG_pSTS	yy	YY	word_label	yy_3	yy_3	3	0.041962211517584884
sub-18	meta_metaphor	meta_L_pMTG_pSTS	yy	YY	word_label	yy_15	yy_15	15	0.5216464670678842
sub-18	meta_metaphor	meta_L_pMTG_pSTS	yy	YY	word_label	yy_8	yy_8	8	-0.46176970734722894
sub-18	meta_metaphor	meta_L_pMTG_pSTS	yy	YY	word_label	yy_26	yy_26	26	0.7086092448850305
sub-18	meta_metaphor	meta_L_pMTG_pSTS	yy	YY	word_label	yy_36	yy_36	36	0.8351946941412615
sub-18	meta_metaphor	meta_L_pMTG_pSTS	yy	YY	word_label	yy_38	yy_38	38	0.3587996482207639
sub-18	meta_metaphor	meta_L_pMTG_pSTS	yy	YY	word_label	yy_4	yy_4	4	-0.6624971811072968
sub-18	meta_metaphor	meta_L_pMTG_pSTS	yy	YY	word_label	yy_10	yy_10	10	-0.3453885683075462
sub-18	meta_metaphor	meta_L_pMTG_pSTS	kj	KJ	word_label	kj_37	kj_37	37	0.15661874436924053
sub-18	meta_metaphor	meta_L_pMTG_pSTS	kj	KJ	word_label	kj_10	kj_10	10	0.27621098652157733
sub-18	meta_metaphor	meta_L_pMTG_pSTS	kj	KJ	word_label	kj_21	kj_21	21	-0.1472107916064373
sub-18	meta_metaphor	meta_L_pMTG_pSTS	kj	KJ	word_label	kj_1	kj_1	1	0.03519880517624328
sub-18	meta_metaphor	meta_L_pMTG_pSTS	kj	KJ	word_label	kj_39	kj_39	39	0.2219120133368196
sub-18	meta_metaphor	meta_L_pMTG_pSTS	kj	KJ	word_label	kj_15	kj_15	15	0.47215362851747117
sub-18	meta_metaphor	meta_L_pMTG_pSTS	kj	KJ	word_label	kj_16	kj_16	16	-0.24275798255157724
sub-18	meta_metaphor	meta_L_pMTG_pSTS	kj	KJ	word_label	kj_11	kj_11	11	0.24656179157927546
sub-18	meta_metaphor	meta_L_pMTG_pSTS	kj	KJ	word_label	kj_9	kj_9	9	0.4564012227585653
sub-18	meta_metaphor	meta_L_pMTG_pSTS	kj	KJ	word_label	kj_25	kj_25	25	-0.3524877433894845
sub-18	meta_metaphor	meta_L_pMTG_pSTS	kj	KJ	word_label	kj_5	kj_5	5	-0.010074702049291647
sub-18	meta_metaphor	meta_L_pMTG_pSTS	kj	KJ	word_label	kj_12	kj_12	12	0.23729454932427682
sub-18	meta_metaphor	meta_L_pMTG_pSTS	kj	KJ	word_label	kj_6	kj_6	6	0.11065537772864135
sub-18	meta_metaphor	meta_L_pMTG_pSTS	kj	KJ	word_label	kj_31	kj_31	31	0.5125385468331258
sub-18	meta_metaphor	meta_L_pMTG_pSTS	kj	KJ	word_label	kj_2	kj_2	2	-0.46747123527015727
sub-18	meta_metaphor	meta_L_pMTG_pSTS	kj	KJ	word_label	kj_33	kj_33	33	0.28156531887990943
sub-18	meta_metaphor	meta_L_pMTG_pSTS	kj	KJ	word_label	kj_17	kj_17	17	0.09422832263035819
sub-18	meta_metaphor	meta_L_pMTG_pSTS	kj	KJ	word_label	kj_30	kj_30	30	0.4403073309489136
sub-18	meta_metaphor	meta_L_pMTG_pSTS	kj	KJ	word_label	kj_13	kj_13	13	0.20021465487236564
sub-18	meta_metaphor	meta_L_pMTG_pSTS	kj	KJ	word_label	kj_22	kj_22	22	-0.3170728587092396
sub-18	meta_metaphor	meta_L_pMTG_pSTS	kj	KJ	word_label	kj_28	kj_28	28	0.6904408140460647
sub-18	meta_metaphor	meta_L_pMTG_pSTS	kj	KJ	word_label	kj_36	kj_36	36	-0.041821711414673376
sub-18	meta_metaphor	meta_L_pMTG_pSTS	kj	KJ	word_label	kj_23	kj_23	23	-0.3226725632056535
sub-18	meta_metaphor	meta_L_pMTG_pSTS	kj	KJ	word_label	kj_26	kj_26	26	0.6505133685182861
sub-18	meta_metaphor	meta_L_pMTG_pSTS	kj	KJ	word_label	kj_8	kj_8	8	0.1761713385846317
sub-18	meta_metaphor	meta_L_pMTG_pSTS	kj	KJ	word_label	kj_14	kj_14	14	-0.17747294703972818
sub-18	meta_metaphor	meta_L_pMTG_pSTS	kj	KJ	word_label	kj_38	kj_38	38	-0.4872051702130989
sub-18	meta_metaphor	meta_L_pMTG_pSTS	kj	KJ	word_label	kj_34	kj_34	34	0.7026181858369365
sub-18	meta_metaphor	meta_L_pMTG_pSTS	kj	KJ	word_label	kj_24	kj_24	24	0.4027530017398185
sub-18	meta_metaphor	meta_L_pMTG_pSTS	kj	KJ	word_label	kj_29	kj_29	29	-0.2786737257961137
sub-18	meta_metaphor	meta_L_pMTG_pSTS	kj	KJ	word_label	kj_3	kj_3	3	0.30375516006464875
sub-18	meta_metaphor	meta_L_pMTG_pSTS	kj	KJ	word_label	kj_19	kj_19	19	-0.32676432199479455
sub-18	meta_metaphor	meta_L_pMTG_pSTS	kj	KJ	word_label	kj_27	kj_27	27	0.3932873217639115
sub-18	meta_metaphor	meta_L_pMTG_pSTS	kj	KJ	word_label	kj_7	kj_7	7	0.08133780818201199
sub-18	meta_metaphor	meta_L_pMTG_pSTS	kj	KJ	word_label	kj_20	kj_20	20	0.5716424702412709
sub-18	meta_metaphor	meta_L_temporal_pole	yy	YY	word_label	yy_18	yy_18	18	0.09220834985875616
sub-18	meta_metaphor	meta_L_temporal_pole	yy	YY	word_label	yy_33	yy_33	33	0.6502050360210365
sub-18	meta_metaphor	meta_L_temporal_pole	yy	YY	word_label	yy_29	yy_29	29	-0.16691115881225294
sub-18	meta_metaphor	meta_L_temporal_pole	yy	YY	word_label	yy_40	yy_40	40	0.34070086316572235
sub-18	meta_metaphor	meta_L_temporal_pole	yy	YY	word_label	yy_5	yy_5	5	-0.2608719002666354
sub-18	meta_metaphor	meta_L_temporal_pole	yy	YY	word_label	yy_19	yy_19	19	0.6748252180749177
sub-18	meta_metaphor	meta_L_temporal_pole	yy	YY	word_label	yy_6	yy_6	6	-0.1102419982579646
sub-18	meta_metaphor	meta_L_temporal_pole	yy	YY	word_label	yy_1	yy_1	1	0.12295369123128351
sub-18	meta_metaphor	meta_L_temporal_pole	yy	YY	word_label	yy_13	yy_13	13	0.18109824864357688
sub-18	meta_metaphor	meta_L_temporal_pole	yy	YY	word_label	yy_37	yy_37	37	-0.23410846777570704
sub-18	meta_metaphor	meta_L_temporal_pole	yy	YY	word_label	yy_11	yy_11	11	-0.5240415059212877
sub-18	meta_metaphor	meta_L_temporal_pole	yy	YY	word_label	yy_16	yy_16	16	0.19587814834995748
sub-18	meta_metaphor	meta_L_temporal_pole	yy	YY	word_label	yy_14	yy_14	14	-0.08140032011616793
sub-18	meta_metaphor	meta_L_temporal_pole	yy	YY	word_label	yy_23	yy_23	23	0.7236089145057628
sub-18	meta_metaphor	meta_L_temporal_pole	yy	YY	word_label	yy_24	yy_24	24	0.5610726019738455
sub-18	meta_metaphor	meta_L_temporal_pole	yy	YY	word_label	yy_2	yy_2	2	0.5772316020257784
sub-18	meta_metaphor	meta_L_temporal_pole	yy	YY	word_label	yy_27	yy_27	27	-0.437365620041859
sub-18	meta_metaphor	meta_L_temporal_pole	yy	YY	word_label	yy_7	yy_7	7	0.04576707110187088
sub-18	meta_metaphor	meta_L_temporal_pole	yy	YY	word_label	yy_12	yy_12	12	0.11988786571313231
sub-18	meta_metaphor	meta_L_temporal_pole	yy	YY	word_label	yy_9	yy_9	9	-0.08769047843129343
sub-18	meta_metaphor	meta_L_temporal_pole	yy	YY	word_label	yy_39	yy_39	39	0.0797617793181724
sub-18	meta_metaphor	meta_L_temporal_pole	yy	YY	word_label	yy_21	yy_21	21	0.7040595443122467
sub-18	meta_metaphor	meta_L_temporal_pole	yy	YY	word_label	yy_22	yy_22	22	-0.35359587829126915
sub-18	meta_metaphor	meta_L_temporal_pole	yy	YY	word_label	yy_17	yy_17	17	0.7192047689422574
sub-18	meta_metaphor	meta_L_temporal_pole	yy	YY	word_label	yy_28	yy_28	28	-0.546562333447863
sub-18	meta_metaphor	meta_L_temporal_pole	yy	YY	word_label	yy_32	yy_32	32	0.4598028008008959
sub-18	meta_metaphor	meta_L_temporal_pole	yy	YY	word_label	yy_35	yy_35	35	-0.13790797017042725
sub-18	meta_metaphor	meta_L_temporal_pole	yy	YY	word_label	yy_3	yy_3	3	0.2151247018670373
sub-18	meta_metaphor	meta_L_temporal_pole	yy	YY	word_label	yy_15	yy_15	15	0.5604576585210124
sub-18	meta_metaphor	meta_L_temporal_pole	yy	YY	word_label	yy_8	yy_8	8	-0.11166643730226768
sub-18	meta_metaphor	meta_L_temporal_pole	yy	YY	word_label	yy_26	yy_26	26	0.6758836684949849
sub-18	meta_metaphor	meta_L_temporal_pole	yy	YY	word_label	yy_36	yy_36	36	0.3315109777623748
sub-18	meta_metaphor	meta_L_temporal_pole	yy	YY	word_label	yy_38	yy_38	38	0.2583043810048095
sub-18	meta_metaphor	meta_L_temporal_pole	yy	YY	word_label	yy_4	yy_4	4	-0.16812155693948297
sub-18	meta_metaphor	meta_L_temporal_pole	yy	YY	word_label	yy_10	yy_10	10	0.04461567555797475
sub-18	meta_metaphor	meta_L_temporal_pole	kj	KJ	word_label	kj_37	kj_37	37	0.3963135326323328
sub-18	meta_metaphor	meta_L_temporal_pole	kj	KJ	word_label	kj_10	kj_10	10	0.4942698978372398
sub-18	meta_metaphor	meta_L_temporal_pole	kj	KJ	word_label	kj_21	kj_21	21	-0.32758768306003055
sub-18	meta_metaphor	meta_L_temporal_pole	kj	KJ	word_label	kj_1	kj_1	1	-0.3844759211943485
sub-18	meta_metaphor	meta_L_temporal_pole	kj	KJ	word_label	kj_39	kj_39	39	0.6065610405426035
sub-18	meta_metaphor	meta_L_temporal_pole	kj	KJ	word_label	kj_15	kj_15	15	0.766575787270355
sub-18	meta_metaphor	meta_L_temporal_pole	kj	KJ	word_label	kj_16	kj_16	16	0.5559889685414169
sub-18	meta_metaphor	meta_L_temporal_pole	kj	KJ	word_label	kj_11	kj_11	11	0.7084461236712771
sub-18	meta_metaphor	meta_L_temporal_pole	kj	KJ	word_label	kj_9	kj_9	9	-0.1482699468155683
sub-18	meta_metaphor	meta_L_temporal_pole	kj	KJ	word_label	kj_25	kj_25	25	-0.5239307010971199
sub-18	meta_metaphor	meta_L_temporal_pole	kj	KJ	word_label	kj_5	kj_5	5	-0.6012040076045252
sub-18	meta_metaphor	meta_L_temporal_pole	kj	KJ	word_label	kj_12	kj_12	12	-0.4574218109643691
sub-18	meta_metaphor	meta_L_temporal_pole	kj	KJ	word_label	kj_6	kj_6	6	0.0004409551485168387
sub-18	meta_metaphor	meta_L_temporal_pole	kj	KJ	word_label	kj_31	kj_31	31	0.5095657870379057
sub-18	meta_metaphor	meta_L_temporal_pole	kj	KJ	word_label	kj_2	kj_2	2	-0.13092460430689204
sub-18	meta_metaphor	meta_L_temporal_pole	kj	KJ	word_label	kj_33	kj_33	33	0.823848353178974
sub-18	meta_metaphor	meta_L_temporal_pole	kj	KJ	word_label	kj_17	kj_17	17	0.13981294478625714
sub-18	meta_metaphor	meta_L_temporal_pole	kj	KJ	word_label	kj_30	kj_30	30	0.17633541677102693
sub-18	meta_metaphor	meta_L_temporal_pole	kj	KJ	word_label	kj_13	kj_13	13	-0.43050655457812853
sub-18	meta_metaphor	meta_L_temporal_pole	kj	KJ	word_label	kj_22	kj_22	22	-0.08226471590573704
sub-18	meta_metaphor	meta_L_temporal_pole	kj	KJ	word_label	kj_28	kj_28	28	0.6266746634633298
sub-18	meta_metaphor	meta_L_temporal_pole	kj	KJ	word_label	kj_36	kj_36	36	0.6017517448760428
sub-18	meta_metaphor	meta_L_temporal_pole	kj	KJ	word_label	kj_23	kj_23	23	0.16268706540121675
sub-18	meta_metaphor	meta_L_temporal_pole	kj	KJ	word_label	kj_26	kj_26	26	-0.2520239699114999
sub-18	meta_metaphor	meta_L_temporal_pole	kj	KJ	word_label	kj_8	kj_8	8	-0.14691527431189777
sub-18	meta_metaphor	meta_L_temporal_pole	kj	KJ	word_label	kj_14	kj_14	14	0.7208411256776815
sub-18	meta_metaphor	meta_L_temporal_pole	kj	KJ	word_label	kj_38	kj_38	38	0.04227137992532415
sub-18	meta_metaphor	meta_L_temporal_pole	kj	KJ	word_label	kj_34	kj_34	34	0.6291354946717878
sub-18	meta_metaphor	meta_L_temporal_pole	kj	KJ	word_label	kj_24	kj_24	24	0.4169360891699724
sub-18	meta_metaphor	meta_L_temporal_pole	kj	KJ	word_label	kj_29	kj_29	29	-0.15787515010327213
sub-18	meta_metaphor	meta_L_temporal_pole	kj	KJ	word_label	kj_3	kj_3	3	0.26810676591062876
sub-18	meta_metaphor	meta_L_temporal_pole	kj	KJ	word_label	kj_19	kj_19	19	0.36047654556319964
sub-18	meta_metaphor	meta_L_temporal_pole	kj	KJ	word_label	kj_27	kj_27	27	0.0710692462474399
sub-18	meta_metaphor	meta_L_temporal_pole	kj	KJ	word_label	kj_7	kj_7	7	-0.3020766855540073
sub-18	meta_metaphor	meta_L_temporal_pole	kj	KJ	word_label	kj_20	kj_20	20	-0.3695174804353822
sub-18	meta_metaphor	meta_R_AG	yy	YY	word_label	yy_18	yy_18	18	0.10562197424344343
sub-18	meta_metaphor	meta_R_AG	yy	YY	word_label	yy_33	yy_33	33	-0.5405423792643433
sub-18	meta_metaphor	meta_R_AG	yy	YY	word_label	yy_29	yy_29	29	-0.4767287951918619
sub-18	meta_metaphor	meta_R_AG	yy	YY	word_label	yy_40	yy_40	40	-0.2979803641781806
sub-18	meta_metaphor	meta_R_AG	yy	YY	word_label	yy_5	yy_5	5	-0.19574512831212987
sub-18	meta_metaphor	meta_R_AG	yy	YY	word_label	yy_19	yy_19	19	-0.1420484338548868
sub-18	meta_metaphor	meta_R_AG	yy	YY	word_label	yy_6	yy_6	6	0.019495310460409292
sub-18	meta_metaphor	meta_R_AG	yy	YY	word_label	yy_1	yy_1	1	0.3730648297752828
sub-18	meta_metaphor	meta_R_AG	yy	YY	word_label	yy_13	yy_13	13	0.21590827751291833
sub-18	meta_metaphor	meta_R_AG	yy	YY	word_label	yy_37	yy_37	37	-0.017412498150059453
sub-18	meta_metaphor	meta_R_AG	yy	YY	word_label	yy_11	yy_11	11	0.38523796385449305
sub-18	meta_metaphor	meta_R_AG	yy	YY	word_label	yy_16	yy_16	16	-0.6502226762476154
sub-18	meta_metaphor	meta_R_AG	yy	YY	word_label	yy_14	yy_14	14	-0.3871011879038416
sub-18	meta_metaphor	meta_R_AG	yy	YY	word_label	yy_23	yy_23	23	0.5200567327050177
sub-18	meta_metaphor	meta_R_AG	yy	YY	word_label	yy_24	yy_24	24	0.043619256736742634
sub-18	meta_metaphor	meta_R_AG	yy	YY	word_label	yy_2	yy_2	2	-0.02197746318814324
sub-18	meta_metaphor	meta_R_AG	yy	YY	word_label	yy_27	yy_27	27	-0.26171285596474025
sub-18	meta_metaphor	meta_R_AG	yy	YY	word_label	yy_7	yy_7	7	0.3430167977531139
sub-18	meta_metaphor	meta_R_AG	yy	YY	word_label	yy_12	yy_12	12	0.01707354964925972
sub-18	meta_metaphor	meta_R_AG	yy	YY	word_label	yy_9	yy_9	9	0.1339222217233563
sub-18	meta_metaphor	meta_R_AG	yy	YY	word_label	yy_39	yy_39	39	0.30824322441933566
sub-18	meta_metaphor	meta_R_AG	yy	YY	word_label	yy_21	yy_21	21	0.5084023704688846
sub-18	meta_metaphor	meta_R_AG	yy	YY	word_label	yy_22	yy_22	22	-0.6107460352343906
sub-18	meta_metaphor	meta_R_AG	yy	YY	word_label	yy_17	yy_17	17	-0.1488270750113064
sub-18	meta_metaphor	meta_R_AG	yy	YY	word_label	yy_28	yy_28	28	0.33451273485336663
sub-18	meta_metaphor	meta_R_AG	yy	YY	word_label	yy_32	yy_32	32	0.474092888601198
sub-18	meta_metaphor	meta_R_AG	yy	YY	word_label	yy_35	yy_35	35	0.5156708906351539
sub-18	meta_metaphor	meta_R_AG	yy	YY	word_label	yy_3	yy_3	3	-0.6886998812106666
sub-18	meta_metaphor	meta_R_AG	yy	YY	word_label	yy_15	yy_15	15	-0.04997777989017613
sub-18	meta_metaphor	meta_R_AG	yy	YY	word_label	yy_8	yy_8	8	0.6178861156542265
sub-18	meta_metaphor	meta_R_AG	yy	YY	word_label	yy_26	yy_26	26	0.6474833315333703
sub-18	meta_metaphor	meta_R_AG	yy	YY	word_label	yy_36	yy_36	36	0.7338524746444689
sub-18	meta_metaphor	meta_R_AG	yy	YY	word_label	yy_38	yy_38	38	0.03698379519601931
sub-18	meta_metaphor	meta_R_AG	yy	YY	word_label	yy_4	yy_4	4	-0.541592839135916
sub-18	meta_metaphor	meta_R_AG	yy	YY	word_label	yy_10	yy_10	10	-0.3258729636470123
sub-18	meta_metaphor	meta_R_AG	kj	KJ	word_label	kj_37	kj_37	37	0.6145367087078804
sub-18	meta_metaphor	meta_R_AG	kj	KJ	word_label	kj_10	kj_10	10	0.6898500784394482
sub-18	meta_metaphor	meta_R_AG	kj	KJ	word_label	kj_21	kj_21	21	-0.11329634883220589
sub-18	meta_metaphor	meta_R_AG	kj	KJ	word_label	kj_1	kj_1	1	0.5588014379395946
sub-18	meta_metaphor	meta_R_AG	kj	KJ	word_label	kj_39	kj_39	39	0.3312462383592902
sub-18	meta_metaphor	meta_R_AG	kj	KJ	word_label	kj_15	kj_15	15	-0.42105000701185474
sub-18	meta_metaphor	meta_R_AG	kj	KJ	word_label	kj_16	kj_16	16	-0.37578518795494376
sub-18	meta_metaphor	meta_R_AG	kj	KJ	word_label	kj_11	kj_11	11	0.20312492613592692
sub-18	meta_metaphor	meta_R_AG	kj	KJ	word_label	kj_9	kj_9	9	0.879862974601903
sub-18	meta_metaphor	meta_R_AG	kj	KJ	word_label	kj_25	kj_25	25	0.4401221119584497
sub-18	meta_metaphor	meta_R_AG	kj	KJ	word_label	kj_5	kj_5	5	-0.015137317293853493
sub-18	meta_metaphor	meta_R_AG	kj	KJ	word_label	kj_12	kj_12	12	0.3977772458098554
sub-18	meta_metaphor	meta_R_AG	kj	KJ	word_label	kj_6	kj_6	6	0.6683738727753068
sub-18	meta_metaphor	meta_R_AG	kj	KJ	word_label	kj_31	kj_31	31	0.2788190412657296
sub-18	meta_metaphor	meta_R_AG	kj	KJ	word_label	kj_2	kj_2	2	-0.09476585490396078
sub-18	meta_metaphor	meta_R_AG	kj	KJ	word_label	kj_33	kj_33	33	-0.10925098096411949
sub-18	meta_metaphor	meta_R_AG	kj	KJ	word_label	kj_17	kj_17	17	-0.08289443613278542
sub-18	meta_metaphor	meta_R_AG	kj	KJ	word_label	kj_30	kj_30	30	0.06177487761102906
sub-18	meta_metaphor	meta_R_AG	kj	KJ	word_label	kj_13	kj_13	13	0.333298563407708
sub-18	meta_metaphor	meta_R_AG	kj	KJ	word_label	kj_22	kj_22	22	0.2312513862227186
sub-18	meta_metaphor	meta_R_AG	kj	KJ	word_label	kj_28	kj_28	28	0.16209436565344185
sub-18	meta_metaphor	meta_R_AG	kj	KJ	word_label	kj_36	kj_36	36	0.5249678795286161
sub-18	meta_metaphor	meta_R_AG	kj	KJ	word_label	kj_23	kj_23	23	0.2901919365852714
sub-18	meta_metaphor	meta_R_AG	kj	KJ	word_label	kj_26	kj_26	26	0.37265312175827636
sub-18	meta_metaphor	meta_R_AG	kj	KJ	word_label	kj_8	kj_8	8	0.20118931883060273
sub-18	meta_metaphor	meta_R_AG	kj	KJ	word_label	kj_14	kj_14	14	-0.07502991047765593
sub-18	meta_metaphor	meta_R_AG	kj	KJ	word_label	kj_38	kj_38	38	0.1120341536130979
sub-18	meta_metaphor	meta_R_AG	kj	KJ	word_label	kj_34	kj_34	34	0.2900739769470691
sub-18	meta_metaphor	meta_R_AG	kj	KJ	word_label	kj_24	kj_24	24	0.3838001216857728
sub-18	meta_metaphor	meta_R_AG	kj	KJ	word_label	kj_29	kj_29	29	0.43890958709418765
sub-18	meta_metaphor	meta_R_AG	kj	KJ	word_label	kj_3	kj_3	3	0.4495172082449249
sub-18	meta_metaphor	meta_R_AG	kj	KJ	word_label	kj_19	kj_19	19	-0.21992748479842983
sub-18	meta_metaphor	meta_R_AG	kj	KJ	word_label	kj_27	kj_27	27	0.3167214837735156
sub-18	meta_metaphor	meta_R_AG	kj	KJ	word_label	kj_7	kj_7	7	0.22285645620440778
sub-18	meta_metaphor	meta_R_AG	kj	KJ	word_label	kj_20	kj_20	20	0.6251630756933054
sub-18	meta_metaphor	meta_R_IFG	yy	YY	word_label	yy_18	yy_18	18	-0.034552655891834254
sub-18	meta_metaphor	meta_R_IFG	yy	YY	word_label	yy_33	yy_33	33	-0.4601485897894345
sub-18	meta_metaphor	meta_R_IFG	yy	YY	word_label	yy_29	yy_29	29	0.16921293780839422
sub-18	meta_metaphor	meta_R_IFG	yy	YY	word_label	yy_40	yy_40	40	0.6472682942775279
sub-18	meta_metaphor	meta_R_IFG	yy	YY	word_label	yy_5	yy_5	5	0.16682125607672665
sub-18	meta_metaphor	meta_R_IFG	yy	YY	word_label	yy_19	yy_19	19	-0.35005518674092895
sub-18	meta_metaphor	meta_R_IFG	yy	YY	word_label	yy_6	yy_6	6	0.03550123476515255
sub-18	meta_metaphor	meta_R_IFG	yy	YY	word_label	yy_1	yy_1	1	0.14809883850659405
sub-18	meta_metaphor	meta_R_IFG	yy	YY	word_label	yy_13	yy_13	13	0.104930000892114
sub-18	meta_metaphor	meta_R_IFG	yy	YY	word_label	yy_37	yy_37	37	0.05329986736038757
sub-18	meta_metaphor	meta_R_IFG	yy	YY	word_label	yy_11	yy_11	11	-0.5896230172019266
sub-18	meta_metaphor	meta_R_IFG	yy	YY	word_label	yy_16	yy_16	16	0.2379279151531915
sub-18	meta_metaphor	meta_R_IFG	yy	YY	word_label	yy_14	yy_14	14	0.13354985308674486
sub-18	meta_metaphor	meta_R_IFG	yy	YY	word_label	yy_23	yy_23	23	0.41283765446003556
sub-18	meta_metaphor	meta_R_IFG	yy	YY	word_label	yy_24	yy_24	24	0.07833855460284234
sub-18	meta_metaphor	meta_R_IFG	yy	YY	word_label	yy_2	yy_2	2	0.09632258633659518
sub-18	meta_metaphor	meta_R_IFG	yy	YY	word_label	yy_27	yy_27	27	-0.08728686384499788
sub-18	meta_metaphor	meta_R_IFG	yy	YY	word_label	yy_7	yy_7	7	0.030991838527550802
sub-18	meta_metaphor	meta_R_IFG	yy	YY	word_label	yy_12	yy_12	12	0.19346252185396276
sub-18	meta_metaphor	meta_R_IFG	yy	YY	word_label	yy_9	yy_9	9	-0.45769154978345933
sub-18	meta_metaphor	meta_R_IFG	yy	YY	word_label	yy_39	yy_39	39	0.3678324297799257
sub-18	meta_metaphor	meta_R_IFG	yy	YY	word_label	yy_21	yy_21	21	0.06460343445529054
sub-18	meta_metaphor	meta_R_IFG	yy	YY	word_label	yy_22	yy_22	22	0.36466657331553326
sub-18	meta_metaphor	meta_R_IFG	yy	YY	word_label	yy_17	yy_17	17	-0.24024358306395188
sub-18	meta_metaphor	meta_R_IFG	yy	YY	word_label	yy_28	yy_28	28	-0.39637831876780266
sub-18	meta_metaphor	meta_R_IFG	yy	YY	word_label	yy_32	yy_32	32	0.09818657121275992
sub-18	meta_metaphor	meta_R_IFG	yy	YY	word_label	yy_35	yy_35	35	-0.003289859266137953
sub-18	meta_metaphor	meta_R_IFG	yy	YY	word_label	yy_3	yy_3	3	-0.47367885812254396
sub-18	meta_metaphor	meta_R_IFG	yy	YY	word_label	yy_15	yy_15	15	-0.475309862853051
sub-18	meta_metaphor	meta_R_IFG	yy	YY	word_label	yy_8	yy_8	8	0.3689190831663552
sub-18	meta_metaphor	meta_R_IFG	yy	YY	word_label	yy_26	yy_26	26	0.15928040357845247
sub-18	meta_metaphor	meta_R_IFG	yy	YY	word_label	yy_36	yy_36	36	0.5069383573810508
sub-18	meta_metaphor	meta_R_IFG	yy	YY	word_label	yy_38	yy_38	38	-0.3765942466322981
sub-18	meta_metaphor	meta_R_IFG	yy	YY	word_label	yy_4	yy_4	4	-0.39490121970950864
sub-18	meta_metaphor	meta_R_IFG	yy	YY	word_label	yy_10	yy_10	10	-0.584019466829242
sub-18	meta_metaphor	meta_R_IFG	kj	KJ	word_label	kj_37	kj_37	37	0.4365040941025299
sub-18	meta_metaphor	meta_R_IFG	kj	KJ	word_label	kj_10	kj_10	10	-0.2201862714188626
sub-18	meta_metaphor	meta_R_IFG	kj	KJ	word_label	kj_21	kj_21	21	0.16244641108672447
sub-18	meta_metaphor	meta_R_IFG	kj	KJ	word_label	kj_1	kj_1	1	0.11265702606614134
sub-18	meta_metaphor	meta_R_IFG	kj	KJ	word_label	kj_39	kj_39	39	-0.4845119960374754
sub-18	meta_metaphor	meta_R_IFG	kj	KJ	word_label	kj_15	kj_15	15	-0.6126993346657953
sub-18	meta_metaphor	meta_R_IFG	kj	KJ	word_label	kj_16	kj_16	16	-0.28506724320466853
sub-18	meta_metaphor	meta_R_IFG	kj	KJ	word_label	kj_11	kj_11	11	-0.015261931021540123
sub-18	meta_metaphor	meta_R_IFG	kj	KJ	word_label	kj_9	kj_9	9	0.2192606698098542
sub-18	meta_metaphor	meta_R_IFG	kj	KJ	word_label	kj_25	kj_25	25	-0.33028974506719033
sub-18	meta_metaphor	meta_R_IFG	kj	KJ	word_label	kj_5	kj_5	5	0.42020163839533753
sub-18	meta_metaphor	meta_R_IFG	kj	KJ	word_label	kj_12	kj_12	12	-0.5426207662661673
sub-18	meta_metaphor	meta_R_IFG	kj	KJ	word_label	kj_6	kj_6	6	0.685827253321287
sub-18	meta_metaphor	meta_R_IFG	kj	KJ	word_label	kj_31	kj_31	31	-0.5515575396310385
sub-18	meta_metaphor	meta_R_IFG	kj	KJ	word_label	kj_2	kj_2	2	0.19157245837895598
sub-18	meta_metaphor	meta_R_IFG	kj	KJ	word_label	kj_33	kj_33	33	-0.1449861500702989
sub-18	meta_metaphor	meta_R_IFG	kj	KJ	word_label	kj_17	kj_17	17	0.1591502848608735
sub-18	meta_metaphor	meta_R_IFG	kj	KJ	word_label	kj_30	kj_30	30	0.16569341456067407
sub-18	meta_metaphor	meta_R_IFG	kj	KJ	word_label	kj_13	kj_13	13	-0.2819379163326043
sub-18	meta_metaphor	meta_R_IFG	kj	KJ	word_label	kj_22	kj_22	22	0.1146525312723144
sub-18	meta_metaphor	meta_R_IFG	kj	KJ	word_label	kj_28	kj_28	28	-0.12729888003790604
sub-18	meta_metaphor	meta_R_IFG	kj	KJ	word_label	kj_36	kj_36	36	-0.31587666378541607
sub-18	meta_metaphor	meta_R_IFG	kj	KJ	word_label	kj_23	kj_23	23	0.4740119035659778
sub-18	meta_metaphor	meta_R_IFG	kj	KJ	word_label	kj_26	kj_26	26	0.14686421730203447
sub-18	meta_metaphor	meta_R_IFG	kj	KJ	word_label	kj_8	kj_8	8	0.5524654016408636
sub-18	meta_metaphor	meta_R_IFG	kj	KJ	word_label	kj_14	kj_14	14	-0.3747737971130523
sub-18	meta_metaphor	meta_R_IFG	kj	KJ	word_label	kj_38	kj_38	38	-0.5420163893797614
sub-18	meta_metaphor	meta_R_IFG	kj	KJ	word_label	kj_34	kj_34	34	0.11005928078180963
sub-18	meta_metaphor	meta_R_IFG	kj	KJ	word_label	kj_24	kj_24	24	0.25348464070888627
sub-18	meta_metaphor	meta_R_IFG	kj	KJ	word_label	kj_29	kj_29	29	-0.8263816144156628
sub-18	meta_metaphor	meta_R_IFG	kj	KJ	word_label	kj_3	kj_3	3	0.2886625900322376
sub-18	meta_metaphor	meta_R_IFG	kj	KJ	word_label	kj_19	kj_19	19	0.06509192766217711
sub-18	meta_metaphor	meta_R_IFG	kj	KJ	word_label	kj_27	kj_27	27	-0.02956688706877595
sub-18	meta_metaphor	meta_R_IFG	kj	KJ	word_label	kj_7	kj_7	7	0.1652417706151809
sub-18	meta_metaphor	meta_R_IFG	kj	KJ	word_label	kj_20	kj_20	20	0.44926066343892784
sub-18	meta_metaphor	meta_R_pMTG_pSTS	yy	YY	word_label	yy_18	yy_18	18	-0.025080329101490006
sub-18	meta_metaphor	meta_R_pMTG_pSTS	yy	YY	word_label	yy_33	yy_33	33	-0.08188331197184504
sub-18	meta_metaphor	meta_R_pMTG_pSTS	yy	YY	word_label	yy_29	yy_29	29	0.20288206729073824
sub-18	meta_metaphor	meta_R_pMTG_pSTS	yy	YY	word_label	yy_40	yy_40	40	-0.24716242916557526
sub-18	meta_metaphor	meta_R_pMTG_pSTS	yy	YY	word_label	yy_5	yy_5	5	-0.31998836572346073
sub-18	meta_metaphor	meta_R_pMTG_pSTS	yy	YY	word_label	yy_19	yy_19	19	-0.45658325632425695
sub-18	meta_metaphor	meta_R_pMTG_pSTS	yy	YY	word_label	yy_6	yy_6	6	-0.3723844210343576
sub-18	meta_metaphor	meta_R_pMTG_pSTS	yy	YY	word_label	yy_1	yy_1	1	0.03488703668259961
sub-18	meta_metaphor	meta_R_pMTG_pSTS	yy	YY	word_label	yy_13	yy_13	13	0.454262423662056
sub-18	meta_metaphor	meta_R_pMTG_pSTS	yy	YY	word_label	yy_37	yy_37	37	-0.4403219957901604
sub-18	meta_metaphor	meta_R_pMTG_pSTS	yy	YY	word_label	yy_11	yy_11	11	0.05869271316873071
sub-18	meta_metaphor	meta_R_pMTG_pSTS	yy	YY	word_label	yy_16	yy_16	16	0.00458574198897389
sub-18	meta_metaphor	meta_R_pMTG_pSTS	yy	YY	word_label	yy_14	yy_14	14	-0.05860699696871974
sub-18	meta_metaphor	meta_R_pMTG_pSTS	yy	YY	word_label	yy_23	yy_23	23	0.14882889849577854
sub-18	meta_metaphor	meta_R_pMTG_pSTS	yy	YY	word_label	yy_24	yy_24	24	-0.285830821659909
sub-18	meta_metaphor	meta_R_pMTG_pSTS	yy	YY	word_label	yy_2	yy_2	2	0.055841091640183096
sub-18	meta_metaphor	meta_R_pMTG_pSTS	yy	YY	word_label	yy_27	yy_27	27	-0.2666619266044436
sub-18	meta_metaphor	meta_R_pMTG_pSTS	yy	YY	word_label	yy_7	yy_7	7	0.040767795791962276
sub-18	meta_metaphor	meta_R_pMTG_pSTS	yy	YY	word_label	yy_12	yy_12	12	0.04954969517817526
sub-18	meta_metaphor	meta_R_pMTG_pSTS	yy	YY	word_label	yy_9	yy_9	9	-0.46230039487716396
sub-18	meta_metaphor	meta_R_pMTG_pSTS	yy	YY	word_label	yy_39	yy_39	39	0.03120519892592246
sub-18	meta_metaphor	meta_R_pMTG_pSTS	yy	YY	word_label	yy_21	yy_21	21	0.1460421027271907
sub-18	meta_metaphor	meta_R_pMTG_pSTS	yy	YY	word_label	yy_22	yy_22	22	-0.14803247959010485
sub-18	meta_metaphor	meta_R_pMTG_pSTS	yy	YY	word_label	yy_17	yy_17	17	-0.35284430284284984
sub-18	meta_metaphor	meta_R_pMTG_pSTS	yy	YY	word_label	yy_28	yy_28	28	-0.5302767726891193
sub-18	meta_metaphor	meta_R_pMTG_pSTS	yy	YY	word_label	yy_32	yy_32	32	0.22723964211110856
sub-18	meta_metaphor	meta_R_pMTG_pSTS	yy	YY	word_label	yy_35	yy_35	35	-0.7359803783047345
sub-18	meta_metaphor	meta_R_pMTG_pSTS	yy	YY	word_label	yy_3	yy_3	3	-0.4453227092045242
sub-18	meta_metaphor	meta_R_pMTG_pSTS	yy	YY	word_label	yy_15	yy_15	15	-0.2161824921563025
sub-18	meta_metaphor	meta_R_pMTG_pSTS	yy	YY	word_label	yy_8	yy_8	8	0.4228592957601152
sub-18	meta_metaphor	meta_R_pMTG_pSTS	yy	YY	word_label	yy_26	yy_26	26	0.14652306881490754
sub-18	meta_metaphor	meta_R_pMTG_pSTS	yy	YY	word_label	yy_36	yy_36	36	0.28230351902610007
sub-18	meta_metaphor	meta_R_pMTG_pSTS	yy	YY	word_label	yy_38	yy_38	38	0.10767685023584976
sub-18	meta_metaphor	meta_R_pMTG_pSTS	yy	YY	word_label	yy_4	yy_4	4	-0.04382719745183772
sub-18	meta_metaphor	meta_R_pMTG_pSTS	yy	YY	word_label	yy_10	yy_10	10	-0.414195301043646
sub-18	meta_metaphor	meta_R_pMTG_pSTS	kj	KJ	word_label	kj_37	kj_37	37	0.18383762610356003
sub-18	meta_metaphor	meta_R_pMTG_pSTS	kj	KJ	word_label	kj_10	kj_10	10	-0.09682663638263128
sub-18	meta_metaphor	meta_R_pMTG_pSTS	kj	KJ	word_label	kj_21	kj_21	21	0.179087195270057
sub-18	meta_metaphor	meta_R_pMTG_pSTS	kj	KJ	word_label	kj_1	kj_1	1	0.10709188819373279
sub-18	meta_metaphor	meta_R_pMTG_pSTS	kj	KJ	word_label	kj_39	kj_39	39	-0.1966169819451434
sub-18	meta_metaphor	meta_R_pMTG_pSTS	kj	KJ	word_label	kj_15	kj_15	15	0.22247330915568805
sub-18	meta_metaphor	meta_R_pMTG_pSTS	kj	KJ	word_label	kj_16	kj_16	16	0.028510185452551327
sub-18	meta_metaphor	meta_R_pMTG_pSTS	kj	KJ	word_label	kj_11	kj_11	11	-0.021592622485017293
sub-18	meta_metaphor	meta_R_pMTG_pSTS	kj	KJ	word_label	kj_9	kj_9	9	0.11294347144697058
sub-18	meta_metaphor	meta_R_pMTG_pSTS	kj	KJ	word_label	kj_25	kj_25	25	-0.050540018013950645
sub-18	meta_metaphor	meta_R_pMTG_pSTS	kj	KJ	word_label	kj_5	kj_5	5	-0.06506152242476354
sub-18	meta_metaphor	meta_R_pMTG_pSTS	kj	KJ	word_label	kj_12	kj_12	12	-0.012700395608956264
sub-18	meta_metaphor	meta_R_pMTG_pSTS	kj	KJ	word_label	kj_6	kj_6	6	0.0008144430192525794
sub-18	meta_metaphor	meta_R_pMTG_pSTS	kj	KJ	word_label	kj_31	kj_31	31	0.15644913742199565
sub-18	meta_metaphor	meta_R_pMTG_pSTS	kj	KJ	word_label	kj_2	kj_2	2	0.20756397981814406
sub-18	meta_metaphor	meta_R_pMTG_pSTS	kj	KJ	word_label	kj_33	kj_33	33	0.43450775553391247
sub-18	meta_metaphor	meta_R_pMTG_pSTS	kj	KJ	word_label	kj_17	kj_17	17	0.03261057090452907
sub-18	meta_metaphor	meta_R_pMTG_pSTS	kj	KJ	word_label	kj_30	kj_30	30	-0.10909565880056739
sub-18	meta_metaphor	meta_R_pMTG_pSTS	kj	KJ	word_label	kj_13	kj_13	13	0.4302777073579975
sub-18	meta_metaphor	meta_R_pMTG_pSTS	kj	KJ	word_label	kj_22	kj_22	22	0.3801516874633628
sub-18	meta_metaphor	meta_R_pMTG_pSTS	kj	KJ	word_label	kj_28	kj_28	28	0.30587605574928184
sub-18	meta_metaphor	meta_R_pMTG_pSTS	kj	KJ	word_label	kj_36	kj_36	36	-0.05195538443385901
sub-18	meta_metaphor	meta_R_pMTG_pSTS	kj	KJ	word_label	kj_23	kj_23	23	0.3130313259333378
sub-18	meta_metaphor	meta_R_pMTG_pSTS	kj	KJ	word_label	kj_26	kj_26	26	-0.19570021271642196
sub-18	meta_metaphor	meta_R_pMTG_pSTS	kj	KJ	word_label	kj_8	kj_8	8	0.2682316238169166
sub-18	meta_metaphor	meta_R_pMTG_pSTS	kj	KJ	word_label	kj_14	kj_14	14	0.1263467867148296
sub-18	meta_metaphor	meta_R_pMTG_pSTS	kj	KJ	word_label	kj_38	kj_38	38	0.22812189354606838
sub-18	meta_metaphor	meta_R_pMTG_pSTS	kj	KJ	word_label	kj_34	kj_34	34	0.15214767136134352
sub-18	meta_metaphor	meta_R_pMTG_pSTS	kj	KJ	word_label	kj_24	kj_24	24	0.061306420572375946
sub-18	meta_metaphor	meta_R_pMTG_pSTS	kj	KJ	word_label	kj_29	kj_29	29	0.35788292754308815
sub-18	meta_metaphor	meta_R_pMTG_pSTS	kj	KJ	word_label	kj_3	kj_3	3	-0.2291454509732739
sub-18	meta_metaphor	meta_R_pMTG_pSTS	kj	KJ	word_label	kj_19	kj_19	19	0.2759533661886766
sub-18	meta_metaphor	meta_R_pMTG_pSTS	kj	KJ	word_label	kj_27	kj_27	27	0.24726238227344818
sub-18	meta_metaphor	meta_R_pMTG_pSTS	kj	KJ	word_label	kj_7	kj_7	7	0.17554093589293765
sub-18	meta_metaphor	meta_R_pMTG_pSTS	kj	KJ	word_label	kj_20	kj_20	20	-0.1938281428765083
sub-18	meta_metaphor	meta_R_temporal_pole	yy	YY	word_label	yy_18	yy_18	18	-0.48470998254532677
sub-18	meta_metaphor	meta_R_temporal_pole	yy	YY	word_label	yy_33	yy_33	33	0.07933171764261882
sub-18	meta_metaphor	meta_R_temporal_pole	yy	YY	word_label	yy_29	yy_29	29	-0.181062781942772
sub-18	meta_metaphor	meta_R_temporal_pole	yy	YY	word_label	yy_40	yy_40	40	0.10302257902960094
sub-18	meta_metaphor	meta_R_temporal_pole	yy	YY	word_label	yy_5	yy_5	5	0.04789885534204378
sub-18	meta_metaphor	meta_R_temporal_pole	yy	YY	word_label	yy_19	yy_19	19	0.16331035483736506
sub-18	meta_metaphor	meta_R_temporal_pole	yy	YY	word_label	yy_6	yy_6	6	-0.05361045402837865
sub-18	meta_metaphor	meta_R_temporal_pole	yy	YY	word_label	yy_1	yy_1	1	0.1481780194032442
sub-18	meta_metaphor	meta_R_temporal_pole	yy	YY	word_label	yy_13	yy_13	13	-0.16350958693910317
sub-18	meta_metaphor	meta_R_temporal_pole	yy	YY	word_label	yy_37	yy_37	37	-0.044108906340563386
sub-18	meta_metaphor	meta_R_temporal_pole	yy	YY	word_label	yy_11	yy_11	11	0.5161784702146994
sub-18	meta_metaphor	meta_R_temporal_pole	yy	YY	word_label	yy_16	yy_16	16	-0.42407303349360337
sub-18	meta_metaphor	meta_R_temporal_pole	yy	YY	word_label	yy_14	yy_14	14	-0.45466925595331004
sub-18	meta_metaphor	meta_R_temporal_pole	yy	YY	word_label	yy_23	yy_23	23	-0.16001188670967018
sub-18	meta_metaphor	meta_R_temporal_pole	yy	YY	word_label	yy_24	yy_24	24	-0.3043725984626283
sub-18	meta_metaphor	meta_R_temporal_pole	yy	YY	word_label	yy_2	yy_2	2	-0.4388697819490145
sub-18	meta_metaphor	meta_R_temporal_pole	yy	YY	word_label	yy_27	yy_27	27	0.004098571613496301
sub-18	meta_metaphor	meta_R_temporal_pole	yy	YY	word_label	yy_7	yy_7	7	-0.44832661381968136
sub-18	meta_metaphor	meta_R_temporal_pole	yy	YY	word_label	yy_12	yy_12	12	-0.30299622360028433
sub-18	meta_metaphor	meta_R_temporal_pole	yy	YY	word_label	yy_9	yy_9	9	-0.08676702206409284
sub-18	meta_metaphor	meta_R_temporal_pole	yy	YY	word_label	yy_39	yy_39	39	0.08264335211117259
sub-18	meta_metaphor	meta_R_temporal_pole	yy	YY	word_label	yy_21	yy_21	21	-0.2322440583014343
sub-18	meta_metaphor	meta_R_temporal_pole	yy	YY	word_label	yy_22	yy_22	22	0.22669950690882537
sub-18	meta_metaphor	meta_R_temporal_pole	yy	YY	word_label	yy_17	yy_17	17	-0.36398197656797593
sub-18	meta_metaphor	meta_R_temporal_pole	yy	YY	word_label	yy_28	yy_28	28	0.3341728623913523
sub-18	meta_metaphor	meta_R_temporal_pole	yy	YY	word_label	yy_32	yy_32	32	0.19860881481495057
sub-18	meta_metaphor	meta_R_temporal_pole	yy	YY	word_label	yy_35	yy_35	35	0.5768390723515792
sub-18	meta_metaphor	meta_R_temporal_pole	yy	YY	word_label	yy_3	yy_3	3	0.4903686325828252
sub-18	meta_metaphor	meta_R_temporal_pole	yy	YY	word_label	yy_15	yy_15	15	0.24061813549360814
sub-18	meta_metaphor	meta_R_temporal_pole	yy	YY	word_label	yy_8	yy_8	8	0.6089929897072538
sub-18	meta_metaphor	meta_R_temporal_pole	yy	YY	word_label	yy_26	yy_26	26	-0.2999869755381325
sub-18	meta_metaphor	meta_R_temporal_pole	yy	YY	word_label	yy_36	yy_36	36	-0.001592277441984931
sub-18	meta_metaphor	meta_R_temporal_pole	yy	YY	word_label	yy_38	yy_38	38	-0.49889211838884284
sub-18	meta_metaphor	meta_R_temporal_pole	yy	YY	word_label	yy_4	yy_4	4	0.16578280726915406
sub-18	meta_metaphor	meta_R_temporal_pole	yy	YY	word_label	yy_10	yy_10	10	-0.2051034660509477
sub-18	meta_metaphor	meta_R_temporal_pole	kj	KJ	word_label	kj_37	kj_37	37	0.5669393319477465
sub-18	meta_metaphor	meta_R_temporal_pole	kj	KJ	word_label	kj_10	kj_10	10	-0.04513804514525428
sub-18	meta_metaphor	meta_R_temporal_pole	kj	KJ	word_label	kj_21	kj_21	21	0.1614391152551661
sub-18	meta_metaphor	meta_R_temporal_pole	kj	KJ	word_label	kj_1	kj_1	1	-0.6101855908566333
sub-18	meta_metaphor	meta_R_temporal_pole	kj	KJ	word_label	kj_39	kj_39	39	-0.46735280169089655
sub-18	meta_metaphor	meta_R_temporal_pole	kj	KJ	word_label	kj_15	kj_15	15	0.0015861241535575252
sub-18	meta_metaphor	meta_R_temporal_pole	kj	KJ	word_label	kj_16	kj_16	16	-0.39731047602953107
sub-18	meta_metaphor	meta_R_temporal_pole	kj	KJ	word_label	kj_11	kj_11	11	0.3153374258942242
sub-18	meta_metaphor	meta_R_temporal_pole	kj	KJ	word_label	kj_9	kj_9	9	0.19256300814666588
sub-18	meta_metaphor	meta_R_temporal_pole	kj	KJ	word_label	kj_25	kj_25	25	-0.39381848964697114
sub-18	meta_metaphor	meta_R_temporal_pole	kj	KJ	word_label	kj_5	kj_5	5	-0.6698184915262076
sub-18	meta_metaphor	meta_R_temporal_pole	kj	KJ	word_label	kj_12	kj_12	12	-0.12744942544827806
sub-18	meta_metaphor	meta_R_temporal_pole	kj	KJ	word_label	kj_6	kj_6	6	0.13706365393264883
sub-18	meta_metaphor	meta_R_temporal_pole	kj	KJ	word_label	kj_31	kj_31	31	-0.1676399837051321
sub-18	meta_metaphor	meta_R_temporal_pole	kj	KJ	word_label	kj_2	kj_2	2	0.3805258682855262
sub-18	meta_metaphor	meta_R_temporal_pole	kj	KJ	word_label	kj_33	kj_33	33	-0.2025861006581184
sub-18	meta_metaphor	meta_R_temporal_pole	kj	KJ	word_label	kj_17	kj_17	17	-0.28827659112268395
sub-18	meta_metaphor	meta_R_temporal_pole	kj	KJ	word_label	kj_30	kj_30	30	0.5387477943213949
sub-18	meta_metaphor	meta_R_temporal_pole	kj	KJ	word_label	kj_13	kj_13	13	0.2981817155109686
sub-18	meta_metaphor	meta_R_temporal_pole	kj	KJ	word_label	kj_22	kj_22	22	0.3991243862307004
sub-18	meta_metaphor	meta_R_temporal_pole	kj	KJ	word_label	kj_28	kj_28	28	0.049548339893474215
sub-18	meta_metaphor	meta_R_temporal_pole	kj	KJ	word_label	kj_36	kj_36	36	-0.6586377489722233
sub-18	meta_metaphor	meta_R_temporal_pole	kj	KJ	word_label	kj_23	kj_23	23	0.13516077229239445
sub-18	meta_metaphor	meta_R_temporal_pole	kj	KJ	word_label	kj_26	kj_26	26	-0.05205583991705323
sub-18	meta_metaphor	meta_R_temporal_pole	kj	KJ	word_label	kj_8	kj_8	8	-0.22878183614456585
sub-18	meta_metaphor	meta_R_temporal_pole	kj	KJ	word_label	kj_14	kj_14	14	-0.2578782329357119
sub-18	meta_metaphor	meta_R_temporal_pole	kj	KJ	word_label	kj_38	kj_38	38	0.7772166365966019
sub-18	meta_metaphor	meta_R_temporal_pole	kj	KJ	word_label	kj_34	kj_34	34	0.321796754400708
sub-18	meta_metaphor	meta_R_temporal_pole	kj	KJ	word_label	kj_24	kj_24	24	-0.029958167599716735
sub-18	meta_metaphor	meta_R_temporal_pole	kj	KJ	word_label	kj_29	kj_29	29	-0.11579453526569308
sub-18	meta_metaphor	meta_R_temporal_pole	kj	KJ	word_label	kj_3	kj_3	3	0.19920955944198665
sub-18	meta_metaphor	meta_R_temporal_pole	kj	KJ	word_label	kj_19	kj_19	19	-0.5148153286629087
sub-18	meta_metaphor	meta_R_temporal_pole	kj	KJ	word_label	kj_27	kj_27	27	0.0636073153686158
sub-18	meta_metaphor	meta_R_temporal_pole	kj	KJ	word_label	kj_7	kj_7	7	-0.16085117524713716
sub-18	meta_metaphor	meta_R_temporal_pole	kj	KJ	word_label	kj_20	kj_20	20	-0.42635352349383393
sub-19	meta_metaphor	meta_L_AG	yy	YY	word_label	yy_22	yy_22	22	0.5056262856617061
sub-19	meta_metaphor	meta_L_AG	yy	YY	word_label	yy_40	yy_40	40	-0.18611093387182343
sub-19	meta_metaphor	meta_L_AG	yy	YY	word_label	yy_24	yy_24	24	-0.18422341008844229
sub-19	meta_metaphor	meta_L_AG	yy	YY	word_label	yy_5	yy_5	5	-0.11882061830372276
sub-19	meta_metaphor	meta_L_AG	yy	YY	word_label	yy_2	yy_2	2	0.32537331323112006
sub-19	meta_metaphor	meta_L_AG	yy	YY	word_label	yy_39	yy_39	39	-0.5355929546877973
sub-19	meta_metaphor	meta_L_AG	yy	YY	word_label	yy_4	yy_4	4	0.5485006165816599
sub-19	meta_metaphor	meta_L_AG	yy	YY	word_label	yy_35	yy_35	35	-0.09148509191859028
sub-19	meta_metaphor	meta_L_AG	yy	YY	word_label	yy_6	yy_6	6	0.0226596501571713
sub-19	meta_metaphor	meta_L_AG	yy	YY	word_label	yy_15	yy_15	15	0.4172399642676371
sub-19	meta_metaphor	meta_L_AG	yy	YY	word_label	yy_12	yy_12	12	0.6453422389292949
sub-19	meta_metaphor	meta_L_AG	yy	YY	word_label	yy_14	yy_14	14	-0.3627949835766028
sub-19	meta_metaphor	meta_L_AG	yy	YY	word_label	yy_38	yy_38	38	0.1971985117066003
sub-19	meta_metaphor	meta_L_AG	yy	YY	word_label	yy_36	yy_36	36	0.026192101075451956
sub-19	meta_metaphor	meta_L_AG	yy	YY	word_label	yy_37	yy_37	37	0.17991774713796405
sub-19	meta_metaphor	meta_L_AG	yy	YY	word_label	yy_8	yy_8	8	0.3738013337566314
sub-19	meta_metaphor	meta_L_AG	yy	YY	word_label	yy_33	yy_33	33	0.4152760855114618
sub-19	meta_metaphor	meta_L_AG	yy	YY	word_label	yy_32	yy_32	32	0.7064589593142157
sub-19	meta_metaphor	meta_L_AG	yy	YY	word_label	yy_17	yy_17	17	0.09310567433624918
sub-19	meta_metaphor	meta_L_AG	yy	YY	word_label	yy_3	yy_3	3	0.03904363953816601
sub-19	meta_metaphor	meta_L_AG	yy	YY	word_label	yy_9	yy_9	9	-0.0986911211359868
sub-19	meta_metaphor	meta_L_AG	yy	YY	word_label	yy_11	yy_11	11	-0.01689767501481786
sub-19	meta_metaphor	meta_L_AG	yy	YY	word_label	yy_19	yy_19	19	-0.5532242226686126
sub-19	meta_metaphor	meta_L_AG	yy	YY	word_label	yy_10	yy_10	10	0.6534666034208368
sub-19	meta_metaphor	meta_L_AG	yy	YY	word_label	yy_1	yy_1	1	0.12927876506785263
sub-19	meta_metaphor	meta_L_AG	yy	YY	word_label	yy_29	yy_29	29	-0.19568434461542347
sub-19	meta_metaphor	meta_L_AG	yy	YY	word_label	yy_28	yy_28	28	0.5428551910355386
sub-19	meta_metaphor	meta_L_AG	yy	YY	word_label	yy_18	yy_18	18	-0.2618819817717958
sub-19	meta_metaphor	meta_L_AG	yy	YY	word_label	yy_16	yy_16	16	0.37896463844809264
sub-19	meta_metaphor	meta_L_AG	yy	YY	word_label	yy_23	yy_23	23	0.35211636611238983
sub-19	meta_metaphor	meta_L_AG	yy	YY	word_label	yy_21	yy_21	21	0.13933036794279607
sub-19	meta_metaphor	meta_L_AG	yy	YY	word_label	yy_26	yy_26	26	0.17341677262883706
sub-19	meta_metaphor	meta_L_AG	yy	YY	word_label	yy_7	yy_7	7	0.5787828766810716
sub-19	meta_metaphor	meta_L_AG	yy	YY	word_label	yy_13	yy_13	13	0.2465197672436703
sub-19	meta_metaphor	meta_L_AG	yy	YY	word_label	yy_27	yy_27	27	0.7134089418191563
sub-19	meta_metaphor	meta_L_AG	kj	KJ	word_label	kj_11	kj_11	11	0.16999642528025818
sub-19	meta_metaphor	meta_L_AG	kj	KJ	word_label	kj_28	kj_28	28	0.3474033083368611
sub-19	meta_metaphor	meta_L_AG	kj	KJ	word_label	kj_12	kj_12	12	0.6441755770110074
sub-19	meta_metaphor	meta_L_AG	kj	KJ	word_label	kj_16	kj_16	16	-0.14635699444211622
sub-19	meta_metaphor	meta_L_AG	kj	KJ	word_label	kj_20	kj_20	20	-0.207315345212322
sub-19	meta_metaphor	meta_L_AG	kj	KJ	word_label	kj_29	kj_29	29	0.10941060029404338
sub-19	meta_metaphor	meta_L_AG	kj	KJ	word_label	kj_5	kj_5	5	0.6404384437528353
sub-19	meta_metaphor	meta_L_AG	kj	KJ	word_label	kj_22	kj_22	22	0.15928193834274307
sub-19	meta_metaphor	meta_L_AG	kj	KJ	word_label	kj_13	kj_13	13	-0.0511231520227276
sub-19	meta_metaphor	meta_L_AG	kj	KJ	word_label	kj_37	kj_37	37	-0.4472098886111066
sub-19	meta_metaphor	meta_L_AG	kj	KJ	word_label	kj_25	kj_25	25	-0.41949993535538244
sub-19	meta_metaphor	meta_L_AG	kj	KJ	word_label	kj_3	kj_3	3	0.31252932021784036
sub-19	meta_metaphor	meta_L_AG	kj	KJ	word_label	kj_19	kj_19	19	0.26350017725361025
sub-19	meta_metaphor	meta_L_AG	kj	KJ	word_label	kj_36	kj_36	36	-0.05928402756308623
sub-19	meta_metaphor	meta_L_AG	kj	KJ	word_label	kj_2	kj_2	2	-0.31549810734919287
sub-19	meta_metaphor	meta_L_AG	kj	KJ	word_label	kj_24	kj_24	24	-0.019599287933499087
sub-19	meta_metaphor	meta_L_AG	kj	KJ	word_label	kj_21	kj_21	21	0.311213116044428
sub-19	meta_metaphor	meta_L_AG	kj	KJ	word_label	kj_31	kj_31	31	0.32825727132035226
sub-19	meta_metaphor	meta_L_AG	kj	KJ	word_label	kj_10	kj_10	10	-0.21688774770620073
sub-19	meta_metaphor	meta_L_AG	kj	KJ	word_label	kj_8	kj_8	8	0.24152700610137004
sub-19	meta_metaphor	meta_L_AG	kj	KJ	word_label	kj_26	kj_26	26	0.09613997412843688
sub-19	meta_metaphor	meta_L_AG	kj	KJ	word_label	kj_1	kj_1	1	-0.03795747982292107
sub-19	meta_metaphor	meta_L_AG	kj	KJ	word_label	kj_23	kj_23	23	-0.10157843729591048
sub-19	meta_metaphor	meta_L_AG	kj	KJ	word_label	kj_38	kj_38	38	0.031512454414887384
sub-19	meta_metaphor	meta_L_AG	kj	KJ	word_label	kj_9	kj_9	9	0.49349373223733184
sub-19	meta_metaphor	meta_L_AG	kj	KJ	word_label	kj_33	kj_33	33	0.23569486266680695
sub-19	meta_metaphor	meta_L_AG	kj	KJ	word_label	kj_15	kj_15	15	-0.19887468273310366
sub-19	meta_metaphor	meta_L_AG	kj	KJ	word_label	kj_27	kj_27	27	0.31224148234892424
sub-19	meta_metaphor	meta_L_AG	kj	KJ	word_label	kj_30	kj_30	30	0.07224114369565371
sub-19	meta_metaphor	meta_L_AG	kj	KJ	word_label	kj_39	kj_39	39	-0.1816071891399618
sub-19	meta_metaphor	meta_L_AG	kj	KJ	word_label	kj_17	kj_17	17	0.11233148144808365
sub-19	meta_metaphor	meta_L_AG	kj	KJ	word_label	kj_6	kj_6	6	0.008201086294245036
sub-19	meta_metaphor	meta_L_AG	kj	KJ	word_label	kj_7	kj_7	7	0.36348376287150075
sub-19	meta_metaphor	meta_L_AG	kj	KJ	word_label	kj_14	kj_14	14	0.3144182782226527
sub-19	meta_metaphor	meta_L_AG	kj	KJ	word_label	kj_34	kj_34	34	-0.29039647784563366
sub-19	meta_metaphor	meta_L_IFG	yy	YY	word_label	yy_22	yy_22	22	0.3010608683498541
sub-19	meta_metaphor	meta_L_IFG	yy	YY	word_label	yy_40	yy_40	40	-0.5536423454551229
sub-19	meta_metaphor	meta_L_IFG	yy	YY	word_label	yy_24	yy_24	24	-0.21581629380687747
sub-19	meta_metaphor	meta_L_IFG	yy	YY	word_label	yy_5	yy_5	5	-0.08825400712338131
sub-19	meta_metaphor	meta_L_IFG	yy	YY	word_label	yy_2	yy_2	2	0.6093166411124131
sub-19	meta_metaphor	meta_L_IFG	yy	YY	word_label	yy_39	yy_39	39	0.1863390789563025
sub-19	meta_metaphor	meta_L_IFG	yy	YY	word_label	yy_4	yy_4	4	0.6177432130542284
sub-19	meta_metaphor	meta_L_IFG	yy	YY	word_label	yy_35	yy_35	35	0.6178040805798929
sub-19	meta_metaphor	meta_L_IFG	yy	YY	word_label	yy_6	yy_6	6	-0.6053929362528233
sub-19	meta_metaphor	meta_L_IFG	yy	YY	word_label	yy_15	yy_15	15	0.08627270979802498
sub-19	meta_metaphor	meta_L_IFG	yy	YY	word_label	yy_12	yy_12	12	0.26570756412196167
sub-19	meta_metaphor	meta_L_IFG	yy	YY	word_label	yy_14	yy_14	14	-0.4329742614907719
sub-19	meta_metaphor	meta_L_IFG	yy	YY	word_label	yy_38	yy_38	38	-0.1784047689809699
sub-19	meta_metaphor	meta_L_IFG	yy	YY	word_label	yy_36	yy_36	36	0.2813628513169589
sub-19	meta_metaphor	meta_L_IFG	yy	YY	word_label	yy_37	yy_37	37	-0.1777977180024039
sub-19	meta_metaphor	meta_L_IFG	yy	YY	word_label	yy_8	yy_8	8	0.6273240271738532
sub-19	meta_metaphor	meta_L_IFG	yy	YY	word_label	yy_33	yy_33	33	0.5490110816190296
sub-19	meta_metaphor	meta_L_IFG	yy	YY	word_label	yy_32	yy_32	32	0.2639611360569511
sub-19	meta_metaphor	meta_L_IFG	yy	YY	word_label	yy_17	yy_17	17	0.54479273206661
sub-19	meta_metaphor	meta_L_IFG	yy	YY	word_label	yy_3	yy_3	3	0.600465210739281
sub-19	meta_metaphor	meta_L_IFG	yy	YY	word_label	yy_9	yy_9	9	0.42593627410206847
sub-19	meta_metaphor	meta_L_IFG	yy	YY	word_label	yy_11	yy_11	11	-0.21231978966339002
sub-19	meta_metaphor	meta_L_IFG	yy	YY	word_label	yy_19	yy_19	19	0.34822496675462816
sub-19	meta_metaphor	meta_L_IFG	yy	YY	word_label	yy_10	yy_10	10	0.264102670659072
sub-19	meta_metaphor	meta_L_IFG	yy	YY	word_label	yy_1	yy_1	1	-0.04759869889327383
sub-19	meta_metaphor	meta_L_IFG	yy	YY	word_label	yy_29	yy_29	29	-0.2664732150211686
sub-19	meta_metaphor	meta_L_IFG	yy	YY	word_label	yy_28	yy_28	28	-0.29272556445094555
sub-19	meta_metaphor	meta_L_IFG	yy	YY	word_label	yy_18	yy_18	18	-0.5112001499651085
sub-19	meta_metaphor	meta_L_IFG	yy	YY	word_label	yy_16	yy_16	16	-0.14507662758189155
sub-19	meta_metaphor	meta_L_IFG	yy	YY	word_label	yy_23	yy_23	23	0.05119028174138503
sub-19	meta_metaphor	meta_L_IFG	yy	YY	word_label	yy_21	yy_21	21	-0.08491900286393579
sub-19	meta_metaphor	meta_L_IFG	yy	YY	word_label	yy_26	yy_26	26	-0.2451261002457356
sub-19	meta_metaphor	meta_L_IFG	yy	YY	word_label	yy_7	yy_7	7	0.2467059803769372
sub-19	meta_metaphor	meta_L_IFG	yy	YY	word_label	yy_13	yy_13	13	0.1478941549285373
sub-19	meta_metaphor	meta_L_IFG	yy	YY	word_label	yy_27	yy_27	27	-0.6806365010668229
sub-19	meta_metaphor	meta_L_IFG	kj	KJ	word_label	kj_11	kj_11	11	-0.023830396098673247
sub-19	meta_metaphor	meta_L_IFG	kj	KJ	word_label	kj_28	kj_28	28	0.5838023012282059
sub-19	meta_metaphor	meta_L_IFG	kj	KJ	word_label	kj_12	kj_12	12	0.5411877843287479
sub-19	meta_metaphor	meta_L_IFG	kj	KJ	word_label	kj_16	kj_16	16	-0.2563796187782707
sub-19	meta_metaphor	meta_L_IFG	kj	KJ	word_label	kj_20	kj_20	20	-0.5863652782123636
sub-19	meta_metaphor	meta_L_IFG	kj	KJ	word_label	kj_29	kj_29	29	-0.006557325380848165
sub-19	meta_metaphor	meta_L_IFG	kj	KJ	word_label	kj_5	kj_5	5	-0.41722605335661106
sub-19	meta_metaphor	meta_L_IFG	kj	KJ	word_label	kj_22	kj_22	22	-0.09397366310365804
sub-19	meta_metaphor	meta_L_IFG	kj	KJ	word_label	kj_13	kj_13	13	0.5083301813008531
sub-19	meta_metaphor	meta_L_IFG	kj	KJ	word_label	kj_37	kj_37	37	0.5514940976858992
sub-19	meta_metaphor	meta_L_IFG	kj	KJ	word_label	kj_25	kj_25	25	0.44759558366505886
sub-19	meta_metaphor	meta_L_IFG	kj	KJ	word_label	kj_3	kj_3	3	0.10657671948335899
sub-19	meta_metaphor	meta_L_IFG	kj	KJ	word_label	kj_19	kj_19	19	0.30558340098404324
sub-19	meta_metaphor	meta_L_IFG	kj	KJ	word_label	kj_36	kj_36	36	-0.06468797028292447
sub-19	meta_metaphor	meta_L_IFG	kj	KJ	word_label	kj_2	kj_2	2	-0.31216394736390407
sub-19	meta_metaphor	meta_L_IFG	kj	KJ	word_label	kj_24	kj_24	24	0.24549438225800183
sub-19	meta_metaphor	meta_L_IFG	kj	KJ	word_label	kj_21	kj_21	21	-0.28854619176664675
sub-19	meta_metaphor	meta_L_IFG	kj	KJ	word_label	kj_31	kj_31	31	0.69361353637505
sub-19	meta_metaphor	meta_L_IFG	kj	KJ	word_label	kj_10	kj_10	10	0.32535871313966264
sub-19	meta_metaphor	meta_L_IFG	kj	KJ	word_label	kj_8	kj_8	8	-0.29962048191514634
sub-19	meta_metaphor	meta_L_IFG	kj	KJ	word_label	kj_26	kj_26	26	0.4940759743017905
sub-19	meta_metaphor	meta_L_IFG	kj	KJ	word_label	kj_1	kj_1	1	0.15935128593503525
sub-19	meta_metaphor	meta_L_IFG	kj	KJ	word_label	kj_23	kj_23	23	0.010440797279740096
sub-19	meta_metaphor	meta_L_IFG	kj	KJ	word_label	kj_38	kj_38	38	0.6490302663061961
sub-19	meta_metaphor	meta_L_IFG	kj	KJ	word_label	kj_9	kj_9	9	0.6231778336548214
sub-19	meta_metaphor	meta_L_IFG	kj	KJ	word_label	kj_33	kj_33	33	0.2839625403294763
sub-19	meta_metaphor	meta_L_IFG	kj	KJ	word_label	kj_15	kj_15	15	-0.01476635678750496
sub-19	meta_metaphor	meta_L_IFG	kj	KJ	word_label	kj_27	kj_27	27	0.20087342025945268
sub-19	meta_metaphor	meta_L_IFG	kj	KJ	word_label	kj_30	kj_30	30	0.21151118274381817
sub-19	meta_metaphor	meta_L_IFG	kj	KJ	word_label	kj_39	kj_39	39	-0.48048169704482263
sub-19	meta_metaphor	meta_L_IFG	kj	KJ	word_label	kj_17	kj_17	17	-0.513794247780824
sub-19	meta_metaphor	meta_L_IFG	kj	KJ	word_label	kj_6	kj_6	6	0.029673481113856207
sub-19	meta_metaphor	meta_L_IFG	kj	KJ	word_label	kj_7	kj_7	7	0.13517133905057616
sub-19	meta_metaphor	meta_L_IFG	kj	KJ	word_label	kj_14	kj_14	14	-0.609053379047263
sub-19	meta_metaphor	meta_L_IFG	kj	KJ	word_label	kj_34	kj_34	34	-0.09737205942575371
sub-19	meta_metaphor	meta_L_pMTG_pSTS	yy	YY	word_label	yy_22	yy_22	22	-0.28804733804879173
sub-19	meta_metaphor	meta_L_pMTG_pSTS	yy	YY	word_label	yy_40	yy_40	40	-0.5929044812760712
sub-19	meta_metaphor	meta_L_pMTG_pSTS	yy	YY	word_label	yy_24	yy_24	24	0.5584374202620278
sub-19	meta_metaphor	meta_L_pMTG_pSTS	yy	YY	word_label	yy_5	yy_5	5	0.3341030823155714
sub-19	meta_metaphor	meta_L_pMTG_pSTS	yy	YY	word_label	yy_2	yy_2	2	0.2661494977050841
sub-19	meta_metaphor	meta_L_pMTG_pSTS	yy	YY	word_label	yy_39	yy_39	39	0.4086911933060921
sub-19	meta_metaphor	meta_L_pMTG_pSTS	yy	YY	word_label	yy_4	yy_4	4	0.1741431510540748
sub-19	meta_metaphor	meta_L_pMTG_pSTS	yy	YY	word_label	yy_35	yy_35	35	0.5198842612698976
sub-19	meta_metaphor	meta_L_pMTG_pSTS	yy	YY	word_label	yy_6	yy_6	6	0.05175589259032796
sub-19	meta_metaphor	meta_L_pMTG_pSTS	yy	YY	word_label	yy_15	yy_15	15	0.5407046541547903
sub-19	meta_metaphor	meta_L_pMTG_pSTS	yy	YY	word_label	yy_12	yy_12	12	-0.05680503055744025
sub-19	meta_metaphor	meta_L_pMTG_pSTS	yy	YY	word_label	yy_14	yy_14	14	0.23008683197683893
sub-19	meta_metaphor	meta_L_pMTG_pSTS	yy	YY	word_label	yy_38	yy_38	38	-0.026163961842724903
sub-19	meta_metaphor	meta_L_pMTG_pSTS	yy	YY	word_label	yy_36	yy_36	36	-0.33403454972140867
sub-19	meta_metaphor	meta_L_pMTG_pSTS	yy	YY	word_label	yy_37	yy_37	37	0.11380916835693886
sub-19	meta_metaphor	meta_L_pMTG_pSTS	yy	YY	word_label	yy_8	yy_8	8	0.7287559307434661
sub-19	meta_metaphor	meta_L_pMTG_pSTS	yy	YY	word_label	yy_33	yy_33	33	0.7372943171515235
sub-19	meta_metaphor	meta_L_pMTG_pSTS	yy	YY	word_label	yy_32	yy_32	32	0.5836309940000728
sub-19	meta_metaphor	meta_L_pMTG_pSTS	yy	YY	word_label	yy_17	yy_17	17	0.306438894778108
sub-19	meta_metaphor	meta_L_pMTG_pSTS	yy	YY	word_label	yy_3	yy_3	3	0.7716374247632395
sub-19	meta_metaphor	meta_L_pMTG_pSTS	yy	YY	word_label	yy_9	yy_9	9	0.5983297771523907
sub-19	meta_metaphor	meta_L_pMTG_pSTS	yy	YY	word_label	yy_11	yy_11	11	0.377564566237276
sub-19	meta_metaphor	meta_L_pMTG_pSTS	yy	YY	word_label	yy_19	yy_19	19	0.7194769691512134
sub-19	meta_metaphor	meta_L_pMTG_pSTS	yy	YY	word_label	yy_10	yy_10	10	-0.03788409087546073
sub-19	meta_metaphor	meta_L_pMTG_pSTS	yy	YY	word_label	yy_1	yy_1	1	-0.26225184591063894
sub-19	meta_metaphor	meta_L_pMTG_pSTS	yy	YY	word_label	yy_29	yy_29	29	-0.5374879021999487
sub-19	meta_metaphor	meta_L_pMTG_pSTS	yy	YY	word_label	yy_28	yy_28	28	0.04558788090892401
sub-19	meta_metaphor	meta_L_pMTG_pSTS	yy	YY	word_label	yy_18	yy_18	18	-0.4315915934755857
sub-19	meta_metaphor	meta_L_pMTG_pSTS	yy	YY	word_label	yy_16	yy_16	16	0.5021188283619719
sub-19	meta_metaphor	meta_L_pMTG_pSTS	yy	YY	word_label	yy_23	yy_23	23	0.1733741730619246
sub-19	meta_metaphor	meta_L_pMTG_pSTS	yy	YY	word_label	yy_21	yy_21	21	0.10588313215449531
sub-19	meta_metaphor	meta_L_pMTG_pSTS	yy	YY	word_label	yy_26	yy_26	26	0.7205526605960495
sub-19	meta_metaphor	meta_L_pMTG_pSTS	yy	YY	word_label	yy_7	yy_7	7	0.6199842512856395
sub-19	meta_metaphor	meta_L_pMTG_pSTS	yy	YY	word_label	yy_13	yy_13	13	-0.5932138855077728
sub-19	meta_metaphor	meta_L_pMTG_pSTS	yy	YY	word_label	yy_27	yy_27	27	-0.6648853512252073
sub-19	meta_metaphor	meta_L_pMTG_pSTS	kj	KJ	word_label	kj_11	kj_11	11	-0.1636847998766613
sub-19	meta_metaphor	meta_L_pMTG_pSTS	kj	KJ	word_label	kj_28	kj_28	28	0.7026421335481655
sub-19	meta_metaphor	meta_L_pMTG_pSTS	kj	KJ	word_label	kj_12	kj_12	12	0.6749496776306095
sub-19	meta_metaphor	meta_L_pMTG_pSTS	kj	KJ	word_label	kj_16	kj_16	16	0.06120389325987278
sub-19	meta_metaphor	meta_L_pMTG_pSTS	kj	KJ	word_label	kj_20	kj_20	20	0.4910584281346022
sub-19	meta_metaphor	meta_L_pMTG_pSTS	kj	KJ	word_label	kj_29	kj_29	29	0.030199542985663422
sub-19	meta_metaphor	meta_L_pMTG_pSTS	kj	KJ	word_label	kj_5	kj_5	5	-0.3395533892435358
sub-19	meta_metaphor	meta_L_pMTG_pSTS	kj	KJ	word_label	kj_22	kj_22	22	0.460234140325314
sub-19	meta_metaphor	meta_L_pMTG_pSTS	kj	KJ	word_label	kj_13	kj_13	13	0.49081433840848665
sub-19	meta_metaphor	meta_L_pMTG_pSTS	kj	KJ	word_label	kj_37	kj_37	37	0.511347327150815
sub-19	meta_metaphor	meta_L_pMTG_pSTS	kj	KJ	word_label	kj_25	kj_25	25	-0.12717923852176963
sub-19	meta_metaphor	meta_L_pMTG_pSTS	kj	KJ	word_label	kj_3	kj_3	3	-0.23071928468307862
sub-19	meta_metaphor	meta_L_pMTG_pSTS	kj	KJ	word_label	kj_19	kj_19	19	-0.581972431450941
sub-19	meta_metaphor	meta_L_pMTG_pSTS	kj	KJ	word_label	kj_36	kj_36	36	0.5213173400462249
sub-19	meta_metaphor	meta_L_pMTG_pSTS	kj	KJ	word_label	kj_2	kj_2	2	-0.23103070396528275
sub-19	meta_metaphor	meta_L_pMTG_pSTS	kj	KJ	word_label	kj_24	kj_24	24	-0.32169490125874717
sub-19	meta_metaphor	meta_L_pMTG_pSTS	kj	KJ	word_label	kj_21	kj_21	21	0.7721858941240626
sub-19	meta_metaphor	meta_L_pMTG_pSTS	kj	KJ	word_label	kj_31	kj_31	31	0.289724371040879
sub-19	meta_metaphor	meta_L_pMTG_pSTS	kj	KJ	word_label	kj_10	kj_10	10	0.5844667598986014
sub-19	meta_metaphor	meta_L_pMTG_pSTS	kj	KJ	word_label	kj_8	kj_8	8	-0.5752963116264007
sub-19	meta_metaphor	meta_L_pMTG_pSTS	kj	KJ	word_label	kj_26	kj_26	26	0.49849983713471785
sub-19	meta_metaphor	meta_L_pMTG_pSTS	kj	KJ	word_label	kj_1	kj_1	1	-0.06916377912574034
sub-19	meta_metaphor	meta_L_pMTG_pSTS	kj	KJ	word_label	kj_23	kj_23	23	0.14031633584902692
sub-19	meta_metaphor	meta_L_pMTG_pSTS	kj	KJ	word_label	kj_38	kj_38	38	-0.4297178053535168
sub-19	meta_metaphor	meta_L_pMTG_pSTS	kj	KJ	word_label	kj_9	kj_9	9	0.3815454511047567
sub-19	meta_metaphor	meta_L_pMTG_pSTS	kj	KJ	word_label	kj_33	kj_33	33	0.3830798552506292
sub-19	meta_metaphor	meta_L_pMTG_pSTS	kj	KJ	word_label	kj_15	kj_15	15	-0.18182975388079922
sub-19	meta_metaphor	meta_L_pMTG_pSTS	kj	KJ	word_label	kj_27	kj_27	27	0.5269236343214022
sub-19	meta_metaphor	meta_L_pMTG_pSTS	kj	KJ	word_label	kj_30	kj_30	30	0.2119687458676808
sub-19	meta_metaphor	meta_L_pMTG_pSTS	kj	KJ	word_label	kj_39	kj_39	39	-0.5634215540334043
sub-19	meta_metaphor	meta_L_pMTG_pSTS	kj	KJ	word_label	kj_17	kj_17	17	0.23059481769513346
sub-19	meta_metaphor	meta_L_pMTG_pSTS	kj	KJ	word_label	kj_6	kj_6	6	0.08688636317228587
sub-19	meta_metaphor	meta_L_pMTG_pSTS	kj	KJ	word_label	kj_7	kj_7	7	-0.3401301777388683
sub-19	meta_metaphor	meta_L_pMTG_pSTS	kj	KJ	word_label	kj_14	kj_14	14	0.4363894913150125
sub-19	meta_metaphor	meta_L_pMTG_pSTS	kj	KJ	word_label	kj_34	kj_34	34	0.5342028166141375
sub-19	meta_metaphor	meta_L_temporal_pole	yy	YY	word_label	yy_22	yy_22	22	0.09706510164020085
sub-19	meta_metaphor	meta_L_temporal_pole	yy	YY	word_label	yy_40	yy_40	40	0.15684205454867828
sub-19	meta_metaphor	meta_L_temporal_pole	yy	YY	word_label	yy_24	yy_24	24	-0.018738308624003285
sub-19	meta_metaphor	meta_L_temporal_pole	yy	YY	word_label	yy_5	yy_5	5	0.10935818336551657
sub-19	meta_metaphor	meta_L_temporal_pole	yy	YY	word_label	yy_2	yy_2	2	-0.01447042111258034
sub-19	meta_metaphor	meta_L_temporal_pole	yy	YY	word_label	yy_39	yy_39	39	0.06887073442358743
sub-19	meta_metaphor	meta_L_temporal_pole	yy	YY	word_label	yy_4	yy_4	4	-0.22697634710708597
sub-19	meta_metaphor	meta_L_temporal_pole	yy	YY	word_label	yy_35	yy_35	35	-0.2623202428255655
sub-19	meta_metaphor	meta_L_temporal_pole	yy	YY	word_label	yy_6	yy_6	6	0.2119131815848824
sub-19	meta_metaphor	meta_L_temporal_pole	yy	YY	word_label	yy_15	yy_15	15	-0.02392274701034933
sub-19	meta_metaphor	meta_L_temporal_pole	yy	YY	word_label	yy_12	yy_12	12	0.11934613779239586
sub-19	meta_metaphor	meta_L_temporal_pole	yy	YY	word_label	yy_14	yy_14	14	0.25410379772582814
sub-19	meta_metaphor	meta_L_temporal_pole	yy	YY	word_label	yy_38	yy_38	38	-0.40128445804846996
sub-19	meta_metaphor	meta_L_temporal_pole	yy	YY	word_label	yy_36	yy_36	36	-0.47368422003401195
sub-19	meta_metaphor	meta_L_temporal_pole	yy	YY	word_label	yy_37	yy_37	37	-0.33234482631516077
sub-19	meta_metaphor	meta_L_temporal_pole	yy	YY	word_label	yy_8	yy_8	8	-0.08473533645103759
sub-19	meta_metaphor	meta_L_temporal_pole	yy	YY	word_label	yy_33	yy_33	33	-0.3225945738181734
sub-19	meta_metaphor	meta_L_temporal_pole	yy	YY	word_label	yy_32	yy_32	32	0.3605808888512647
sub-19	meta_metaphor	meta_L_temporal_pole	yy	YY	word_label	yy_17	yy_17	17	0.153777300325625
sub-19	meta_metaphor	meta_L_temporal_pole	yy	YY	word_label	yy_3	yy_3	3	-0.7270033373949121
sub-19	meta_metaphor	meta_L_temporal_pole	yy	YY	word_label	yy_9	yy_9	9	0.23016860564734634
sub-19	meta_metaphor	meta_L_temporal_pole	yy	YY	word_label	yy_11	yy_11	11	-0.25390942827369606
sub-19	meta_metaphor	meta_L_temporal_pole	yy	YY	word_label	yy_19	yy_19	19	-0.36943085564157657
sub-19	meta_metaphor	meta_L_temporal_pole	yy	YY	word_label	yy_10	yy_10	10	0.45307913092939217
sub-19	meta_metaphor	meta_L_temporal_pole	yy	YY	word_label	yy_1	yy_1	1	0.03231080001239664
sub-19	meta_metaphor	meta_L_temporal_pole	yy	YY	word_label	yy_29	yy_29	29	0.24068842520372008
sub-19	meta_metaphor	meta_L_temporal_pole	yy	YY	word_label	yy_28	yy_28	28	-0.1879352284439015
sub-19	meta_metaphor	meta_L_temporal_pole	yy	YY	word_label	yy_18	yy_18	18	-0.15850896354953725
sub-19	meta_metaphor	meta_L_temporal_pole	yy	YY	word_label	yy_16	yy_16	16	0.15290338627656805
sub-19	meta_metaphor	meta_L_temporal_pole	yy	YY	word_label	yy_23	yy_23	23	0.17110988502460597
sub-19	meta_metaphor	meta_L_temporal_pole	yy	YY	word_label	yy_21	yy_21	21	-0.23898095471104938
sub-19	meta_metaphor	meta_L_temporal_pole	yy	YY	word_label	yy_26	yy_26	26	0.5761310625987596
sub-19	meta_metaphor	meta_L_temporal_pole	yy	YY	word_label	yy_7	yy_7	7	-0.016054181306107942
sub-19	meta_metaphor	meta_L_temporal_pole	yy	YY	word_label	yy_13	yy_13	13	-0.1339522363607948
sub-19	meta_metaphor	meta_L_temporal_pole	yy	YY	word_label	yy_27	yy_27	27	-0.005498922328941816
sub-19	meta_metaphor	meta_L_temporal_pole	kj	KJ	word_label	kj_11	kj_11	11	-0.18864820584250933
sub-19	meta_metaphor	meta_L_temporal_pole	kj	KJ	word_label	kj_28	kj_28	28	-0.05395372542125375
sub-19	meta_metaphor	meta_L_temporal_pole	kj	KJ	word_label	kj_12	kj_12	12	0.01936417201482057
sub-19	meta_metaphor	meta_L_temporal_pole	kj	KJ	word_label	kj_16	kj_16	16	-0.3375767190526445
sub-19	meta_metaphor	meta_L_temporal_pole	kj	KJ	word_label	kj_20	kj_20	20	0.39217844890779624
sub-19	meta_metaphor	meta_L_temporal_pole	kj	KJ	word_label	kj_29	kj_29	29	0.3726305469126209
sub-19	meta_metaphor	meta_L_temporal_pole	kj	KJ	word_label	kj_5	kj_5	5	-0.24819495608058056
sub-19	meta_metaphor	meta_L_temporal_pole	kj	KJ	word_label	kj_22	kj_22	22	-0.13689341973644584
sub-19	meta_metaphor	meta_L_temporal_pole	kj	KJ	word_label	kj_13	kj_13	13	-0.4777227832200704
sub-19	meta_metaphor	meta_L_temporal_pole	kj	KJ	word_label	kj_37	kj_37	37	0.15727130276083548
sub-19	meta_metaphor	meta_L_temporal_pole	kj	KJ	word_label	kj_25	kj_25	25	0.26035920811450497
sub-19	meta_metaphor	meta_L_temporal_pole	kj	KJ	word_label	kj_3	kj_3	3	-0.5311131708386213
sub-19	meta_metaphor	meta_L_temporal_pole	kj	KJ	word_label	kj_19	kj_19	19	-0.6393310550122264
sub-19	meta_metaphor	meta_L_temporal_pole	kj	KJ	word_label	kj_36	kj_36	36	0.14798685808833803
sub-19	meta_metaphor	meta_L_temporal_pole	kj	KJ	word_label	kj_2	kj_2	2	-0.11878986137088005
sub-19	meta_metaphor	meta_L_temporal_pole	kj	KJ	word_label	kj_24	kj_24	24	0.3043348021810923
sub-19	meta_metaphor	meta_L_temporal_pole	kj	KJ	word_label	kj_21	kj_21	21	-0.06084830170568535
sub-19	meta_metaphor	meta_L_temporal_pole	kj	KJ	word_label	kj_31	kj_31	31	0.2473873890844857
sub-19	meta_metaphor	meta_L_temporal_pole	kj	KJ	word_label	kj_10	kj_10	10	0.20640818540790976
sub-19	meta_metaphor	meta_L_temporal_pole	kj	KJ	word_label	kj_8	kj_8	8	-0.13137147031999305
sub-19	meta_metaphor	meta_L_temporal_pole	kj	KJ	word_label	kj_26	kj_26	26	0.33806810810462623
sub-19	meta_metaphor	meta_L_temporal_pole	kj	KJ	word_label	kj_1	kj_1	1	-0.06360867506275987
sub-19	meta_metaphor	meta_L_temporal_pole	kj	KJ	word_label	kj_23	kj_23	23	-0.15136655600322182
sub-19	meta_metaphor	meta_L_temporal_pole	kj	KJ	word_label	kj_38	kj_38	38	0.26956778778792545
sub-19	meta_metaphor	meta_L_temporal_pole	kj	KJ	word_label	kj_9	kj_9	9	-0.5718921070526067
sub-19	meta_metaphor	meta_L_temporal_pole	kj	KJ	word_label	kj_33	kj_33	33	-0.21868018164072064
sub-19	meta_metaphor	meta_L_temporal_pole	kj	KJ	word_label	kj_15	kj_15	15	-0.11393764221129477
sub-19	meta_metaphor	meta_L_temporal_pole	kj	KJ	word_label	kj_27	kj_27	27	-0.6256073493622869
sub-19	meta_metaphor	meta_L_temporal_pole	kj	KJ	word_label	kj_30	kj_30	30	0.21600427472276773
sub-19	meta_metaphor	meta_L_temporal_pole	kj	KJ	word_label	kj_39	kj_39	39	-0.049178034185591954
sub-19	meta_metaphor	meta_L_temporal_pole	kj	KJ	word_label	kj_17	kj_17	17	0.39057961157901894
sub-19	meta_metaphor	meta_L_temporal_pole	kj	KJ	word_label	kj_6	kj_6	6	-0.2301144755544482
sub-19	meta_metaphor	meta_L_temporal_pole	kj	KJ	word_label	kj_7	kj_7	7	-0.27869976590280715
sub-19	meta_metaphor	meta_L_temporal_pole	kj	KJ	word_label	kj_14	kj_14	14	0.48726295640449524
sub-19	meta_metaphor	meta_L_temporal_pole	kj	KJ	word_label	kj_34	kj_34	34	0.048800603751164046
sub-19	meta_metaphor	meta_R_AG	yy	YY	word_label	yy_22	yy_22	22	0.47786575554430366
sub-19	meta_metaphor	meta_R_AG	yy	YY	word_label	yy_40	yy_40	40	0.001895612732510326
sub-19	meta_metaphor	meta_R_AG	yy	YY	word_label	yy_24	yy_24	24	-0.10648874621060243
sub-19	meta_metaphor	meta_R_AG	yy	YY	word_label	yy_5	yy_5	5	0.43789819540669145
sub-19	meta_metaphor	meta_R_AG	yy	YY	word_label	yy_2	yy_2	2	0.6152989330699458
sub-19	meta_metaphor	meta_R_AG	yy	YY	word_label	yy_39	yy_39	39	-0.018112952145055476
sub-19	meta_metaphor	meta_R_AG	yy	YY	word_label	yy_4	yy_4	4	0.35768476205417304
sub-19	meta_metaphor	meta_R_AG	yy	YY	word_label	yy_35	yy_35	35	-0.30110141051725475
sub-19	meta_metaphor	meta_R_AG	yy	YY	word_label	yy_6	yy_6	6	-0.29545225042274054
sub-19	meta_metaphor	meta_R_AG	yy	YY	word_label	yy_15	yy_15	15	-0.4106993381787918
sub-19	meta_metaphor	meta_R_AG	yy	YY	word_label	yy_12	yy_12	12	0.6532800027564969
sub-19	meta_metaphor	meta_R_AG	yy	YY	word_label	yy_14	yy_14	14	0.2400618994779149
sub-19	meta_metaphor	meta_R_AG	yy	YY	word_label	yy_38	yy_38	38	0.2541111957375644
sub-19	meta_metaphor	meta_R_AG	yy	YY	word_label	yy_36	yy_36	36	-0.16453859521066413
sub-19	meta_metaphor	meta_R_AG	yy	YY	word_label	yy_37	yy_37	37	-0.054985053503655346
sub-19	meta_metaphor	meta_R_AG	yy	YY	word_label	yy_8	yy_8	8	0.5254745333055539
sub-19	meta_metaphor	meta_R_AG	yy	YY	word_label	yy_33	yy_33	33	0.12173278933063221
sub-19	meta_metaphor	meta_R_AG	yy	YY	word_label	yy_32	yy_32	32	0.36248818661513055
sub-19	meta_metaphor	meta_R_AG	yy	YY	word_label	yy_17	yy_17	17	0.3369066234719617
sub-19	meta_metaphor	meta_R_AG	yy	YY	word_label	yy_3	yy_3	3	0.7146028387242812
sub-19	meta_metaphor	meta_R_AG	yy	YY	word_label	yy_9	yy_9	9	0.13371890817975576
sub-19	meta_metaphor	meta_R_AG	yy	YY	word_label	yy_11	yy_11	11	0.14701854365140005
sub-19	meta_metaphor	meta_R_AG	yy	YY	word_label	yy_19	yy_19	19	0.07798040647164145
sub-19	meta_metaphor	meta_R_AG	yy	YY	word_label	yy_10	yy_10	10	0.49087246828797
sub-19	meta_metaphor	meta_R_AG	yy	YY	word_label	yy_1	yy_1	1	0.23630558194950166
sub-19	meta_metaphor	meta_R_AG	yy	YY	word_label	yy_29	yy_29	29	-0.034582832590203116
sub-19	meta_metaphor	meta_R_AG	yy	YY	word_label	yy_28	yy_28	28	0.0030175650654813363
sub-19	meta_metaphor	meta_R_AG	yy	YY	word_label	yy_18	yy_18	18	-0.08380074718308693
sub-19	meta_metaphor	meta_R_AG	yy	YY	word_label	yy_16	yy_16	16	0.5160400857990356
sub-19	meta_metaphor	meta_R_AG	yy	YY	word_label	yy_23	yy_23	23	-0.009383451731915494
sub-19	meta_metaphor	meta_R_AG	yy	YY	word_label	yy_21	yy_21	21	-0.3803840589702389
sub-19	meta_metaphor	meta_R_AG	yy	YY	word_label	yy_26	yy_26	26	0.618898604099282
sub-19	meta_metaphor	meta_R_AG	yy	YY	word_label	yy_7	yy_7	7	0.43972302503059324
sub-19	meta_metaphor	meta_R_AG	yy	YY	word_label	yy_13	yy_13	13	0.01255159648669189
sub-19	meta_metaphor	meta_R_AG	yy	YY	word_label	yy_27	yy_27	27	-0.11210875626954309
sub-19	meta_metaphor	meta_R_AG	kj	KJ	word_label	kj_11	kj_11	11	0.439345822592769
sub-19	meta_metaphor	meta_R_AG	kj	KJ	word_label	kj_28	kj_28	28	0.255406587891297
sub-19	meta_metaphor	meta_R_AG	kj	KJ	word_label	kj_12	kj_12	12	0.3032014439044109
sub-19	meta_metaphor	meta_R_AG	kj	KJ	word_label	kj_16	kj_16	16	0.4842819044129202
sub-19	meta_metaphor	meta_R_AG	kj	KJ	word_label	kj_20	kj_20	20	-0.1798756082501315
sub-19	meta_metaphor	meta_R_AG	kj	KJ	word_label	kj_29	kj_29	29	0.2087092215633811
sub-19	meta_metaphor	meta_R_AG	kj	KJ	word_label	kj_5	kj_5	5	0.5437170729953517
sub-19	meta_metaphor	meta_R_AG	kj	KJ	word_label	kj_22	kj_22	22	-0.24354948691054967
sub-19	meta_metaphor	meta_R_AG	kj	KJ	word_label	kj_13	kj_13	13	0.5386254050959632
sub-19	meta_metaphor	meta_R_AG	kj	KJ	word_label	kj_37	kj_37	37	0.16463122079759576
sub-19	meta_metaphor	meta_R_AG	kj	KJ	word_label	kj_25	kj_25	25	0.476136895601077
sub-19	meta_metaphor	meta_R_AG	kj	KJ	word_label	kj_3	kj_3	3	0.4384307327383206
sub-19	meta_metaphor	meta_R_AG	kj	KJ	word_label	kj_19	kj_19	19	-0.15625874887135952
sub-19	meta_metaphor	meta_R_AG	kj	KJ	word_label	kj_36	kj_36	36	0.011607303713432562
sub-19	meta_metaphor	meta_R_AG	kj	KJ	word_label	kj_2	kj_2	2	0.2530557918294909
sub-19	meta_metaphor	meta_R_AG	kj	KJ	word_label	kj_24	kj_24	24	0.12940523505732973
sub-19	meta_metaphor	meta_R_AG	kj	KJ	word_label	kj_21	kj_21	21	0.1835121912400334
sub-19	meta_metaphor	meta_R_AG	kj	KJ	word_label	kj_31	kj_31	31	0.29206311909007715
sub-19	meta_metaphor	meta_R_AG	kj	KJ	word_label	kj_10	kj_10	10	0.18191386564966924
sub-19	meta_metaphor	meta_R_AG	kj	KJ	word_label	kj_8	kj_8	8	0.21341351041560927
sub-19	meta_metaphor	meta_R_AG	kj	KJ	word_label	kj_26	kj_26	26	-0.21703930472869695
sub-19	meta_metaphor	meta_R_AG	kj	KJ	word_label	kj_1	kj_1	1	0.3525832562462397
sub-19	meta_metaphor	meta_R_AG	kj	KJ	word_label	kj_23	kj_23	23	-0.2991772711580774
sub-19	meta_metaphor	meta_R_AG	kj	KJ	word_label	kj_38	kj_38	38	-0.16202885785589885
sub-19	meta_metaphor	meta_R_AG	kj	KJ	word_label	kj_9	kj_9	9	0.12012082670960152
sub-19	meta_metaphor	meta_R_AG	kj	KJ	word_label	kj_33	kj_33	33	0.6383299911384241
sub-19	meta_metaphor	meta_R_AG	kj	KJ	word_label	kj_15	kj_15	15	0.2760515851528105
sub-19	meta_metaphor	meta_R_AG	kj	KJ	word_label	kj_27	kj_27	27	0.1533213788003773
sub-19	meta_metaphor	meta_R_AG	kj	KJ	word_label	kj_30	kj_30	30	0.42265730247135913
sub-19	meta_metaphor	meta_R_AG	kj	KJ	word_label	kj_39	kj_39	39	0.4924724139223689
sub-19	meta_metaphor	meta_R_AG	kj	KJ	word_label	kj_17	kj_17	17	-0.08289461904038029
sub-19	meta_metaphor	meta_R_AG	kj	KJ	word_label	kj_6	kj_6	6	0.03283142254126586
sub-19	meta_metaphor	meta_R_AG	kj	KJ	word_label	kj_7	kj_7	7	0.5870563977450586
sub-19	meta_metaphor	meta_R_AG	kj	KJ	word_label	kj_14	kj_14	14	-0.21267131784346593
sub-19	meta_metaphor	meta_R_AG	kj	KJ	word_label	kj_34	kj_34	34	0.2928927216635454
sub-19	meta_metaphor	meta_R_IFG	yy	YY	word_label	yy_22	yy_22	22	0.42358609451186463
sub-19	meta_metaphor	meta_R_IFG	yy	YY	word_label	yy_40	yy_40	40	-0.0010675250514199733
sub-19	meta_metaphor	meta_R_IFG	yy	YY	word_label	yy_24	yy_24	24	0.04218224235201178
sub-19	meta_metaphor	meta_R_IFG	yy	YY	word_label	yy_5	yy_5	5	-0.6750520758045123
sub-19	meta_metaphor	meta_R_IFG	yy	YY	word_label	yy_2	yy_2	2	0.14055307941665438
sub-19	meta_metaphor	meta_R_IFG	yy	YY	word_label	yy_39	yy_39	39	0.13890786611345562
sub-19	meta_metaphor	meta_R_IFG	yy	YY	word_label	yy_4	yy_4	4	0.17966592408898255
sub-19	meta_metaphor	meta_R_IFG	yy	YY	word_label	yy_35	yy_35	35	-0.44109916568119945
sub-19	meta_metaphor	meta_R_IFG	yy	YY	word_label	yy_6	yy_6	6	0.22135552564940708
sub-19	meta_metaphor	meta_R_IFG	yy	YY	word_label	yy_15	yy_15	15	-0.008014665201542807
sub-19	meta_metaphor	meta_R_IFG	yy	YY	word_label	yy_12	yy_12	12	-0.3520762433847724
sub-19	meta_metaphor	meta_R_IFG	yy	YY	word_label	yy_14	yy_14	14	-0.01481912153449907
sub-19	meta_metaphor	meta_R_IFG	yy	YY	word_label	yy_38	yy_38	38	0.14704285410225093
sub-19	meta_metaphor	meta_R_IFG	yy	YY	word_label	yy_36	yy_36	36	-0.40203723156212706
sub-19	meta_metaphor	meta_R_IFG	yy	YY	word_label	yy_37	yy_37	37	-0.19248444555254937
sub-19	meta_metaphor	meta_R_IFG	yy	YY	word_label	yy_8	yy_8	8	0.20602349496122518
sub-19	meta_metaphor	meta_R_IFG	yy	YY	word_label	yy_33	yy_33	33	-0.11306188354185048
sub-19	meta_metaphor	meta_R_IFG	yy	YY	word_label	yy_32	yy_32	32	-0.38789709775403314
sub-19	meta_metaphor	meta_R_IFG	yy	YY	word_label	yy_17	yy_17	17	-0.3335475173536556
sub-19	meta_metaphor	meta_R_IFG	yy	YY	word_label	yy_3	yy_3	3	0.6256608411921167
sub-19	meta_metaphor	meta_R_IFG	yy	YY	word_label	yy_9	yy_9	9	-0.6576087874799663
sub-19	meta_metaphor	meta_R_IFG	yy	YY	word_label	yy_11	yy_11	11	-0.6135541539693139
sub-19	meta_metaphor	meta_R_IFG	yy	YY	word_label	yy_19	yy_19	19	0.10195706863857533
sub-19	meta_metaphor	meta_R_IFG	yy	YY	word_label	yy_10	yy_10	10	0.12658810189747108
sub-19	meta_metaphor	meta_R_IFG	yy	YY	word_label	yy_1	yy_1	1	0.05119573108678543
sub-19	meta_metaphor	meta_R_IFG	yy	YY	word_label	yy_29	yy_29	29	-0.7076686671047201
sub-19	meta_metaphor	meta_R_IFG	yy	YY	word_label	yy_28	yy_28	28	-0.6871599002604718
sub-19	meta_metaphor	meta_R_IFG	yy	YY	word_label	yy_18	yy_18	18	-0.13975648575103292
sub-19	meta_metaphor	meta_R_IFG	yy	YY	word_label	yy_16	yy_16	16	-0.16023339729431305
sub-19	meta_metaphor	meta_R_IFG	yy	YY	word_label	yy_23	yy_23	23	0.13420991307685082
sub-19	meta_metaphor	meta_R_IFG	yy	YY	word_label	yy_21	yy_21	21	0.0941244918953928
sub-19	meta_metaphor	meta_R_IFG	yy	YY	word_label	yy_26	yy_26	26	0.13258055379506034
sub-19	meta_metaphor	meta_R_IFG	yy	YY	word_label	yy_7	yy_7	7	-0.3637033331756731
sub-19	meta_metaphor	meta_R_IFG	yy	YY	word_label	yy_13	yy_13	13	0.7128380171733718
sub-19	meta_metaphor	meta_R_IFG	yy	YY	word_label	yy_27	yy_27	27	-0.7192353217511154
sub-19	meta_metaphor	meta_R_IFG	kj	KJ	word_label	kj_11	kj_11	11	0.28384504681809075
sub-19	meta_metaphor	meta_R_IFG	kj	KJ	word_label	kj_28	kj_28	28	0.4196758674224115
sub-19	meta_metaphor	meta_R_IFG	kj	KJ	word_label	kj_12	kj_12	12	0.10544953513002867
sub-19	meta_metaphor	meta_R_IFG	kj	KJ	word_label	kj_16	kj_16	16	-0.27974012442912854
sub-19	meta_metaphor	meta_R_IFG	kj	KJ	word_label	kj_20	kj_20	20	-0.4681777084662309
sub-19	meta_metaphor	meta_R_IFG	kj	KJ	word_label	kj_29	kj_29	29	-0.3725682719044625
sub-19	meta_metaphor	meta_R_IFG	kj	KJ	word_label	kj_5	kj_5	5	-0.13153619226902288
sub-19	meta_metaphor	meta_R_IFG	kj	KJ	word_label	kj_22	kj_22	22	-0.3145534339014358
sub-19	meta_metaphor	meta_R_IFG	kj	KJ	word_label	kj_13	kj_13	13	0.6230475102218306
sub-19	meta_metaphor	meta_R_IFG	kj	KJ	word_label	kj_37	kj_37	37	0.5744041135096394
sub-19	meta_metaphor	meta_R_IFG	kj	KJ	word_label	kj_25	kj_25	25	-0.2472171213327133
sub-19	meta_metaphor	meta_R_IFG	kj	KJ	word_label	kj_3	kj_3	3	0.5179495564159
sub-19	meta_metaphor	meta_R_IFG	kj	KJ	word_label	kj_19	kj_19	19	0.1402686001413402
sub-19	meta_metaphor	meta_R_IFG	kj	KJ	word_label	kj_36	kj_36	36	-0.1178487087704172
sub-19	meta_metaphor	meta_R_IFG	kj	KJ	word_label	kj_2	kj_2	2	-0.48634831614911483
sub-19	meta_metaphor	meta_R_IFG	kj	KJ	word_label	kj_24	kj_24	24	0.650122036147447
sub-19	meta_metaphor	meta_R_IFG	kj	KJ	word_label	kj_21	kj_21	21	0.5685436462104103
sub-19	meta_metaphor	meta_R_IFG	kj	KJ	word_label	kj_31	kj_31	31	0.44289157872439916
sub-19	meta_metaphor	meta_R_IFG	kj	KJ	word_label	kj_10	kj_10	10	0.0406334397587425
sub-19	meta_metaphor	meta_R_IFG	kj	KJ	word_label	kj_8	kj_8	8	-0.06663889957514231
sub-19	meta_metaphor	meta_R_IFG	kj	KJ	word_label	kj_26	kj_26	26	0.3176172974411484
sub-19	meta_metaphor	meta_R_IFG	kj	KJ	word_label	kj_1	kj_1	1	0.15424098779811526
sub-19	meta_metaphor	meta_R_IFG	kj	KJ	word_label	kj_23	kj_23	23	-0.8217499583467643
sub-19	meta_metaphor	meta_R_IFG	kj	KJ	word_label	kj_38	kj_38	38	-0.5196303490929012
sub-19	meta_metaphor	meta_R_IFG	kj	KJ	word_label	kj_9	kj_9	9	0.35244669193929506
sub-19	meta_metaphor	meta_R_IFG	kj	KJ	word_label	kj_33	kj_33	33	0.23377700070415325
sub-19	meta_metaphor	meta_R_IFG	kj	KJ	word_label	kj_15	kj_15	15	0.12900263077792737
sub-19	meta_metaphor	meta_R_IFG	kj	KJ	word_label	kj_27	kj_27	27	0.2103142958186469
sub-19	meta_metaphor	meta_R_IFG	kj	KJ	word_label	kj_30	kj_30	30	-0.816901931464335
sub-19	meta_metaphor	meta_R_IFG	kj	KJ	word_label	kj_39	kj_39	39	-0.4587287335165052
sub-19	meta_metaphor	meta_R_IFG	kj	KJ	word_label	kj_17	kj_17	17	-0.4425693978116607
sub-19	meta_metaphor	meta_R_IFG	kj	KJ	word_label	kj_6	kj_6	6	0.48049932801854145
sub-19	meta_metaphor	meta_R_IFG	kj	KJ	word_label	kj_7	kj_7	7	0.20412180508552413
sub-19	meta_metaphor	meta_R_IFG	kj	KJ	word_label	kj_14	kj_14	14	0.03580000801202138
sub-19	meta_metaphor	meta_R_IFG	kj	KJ	word_label	kj_34	kj_34	34	0.4165697103965583
sub-19	meta_metaphor	meta_R_pMTG_pSTS	yy	YY	word_label	yy_22	yy_22	22	0.19762462850295995
sub-19	meta_metaphor	meta_R_pMTG_pSTS	yy	YY	word_label	yy_40	yy_40	40	-0.05165943426092868
sub-19	meta_metaphor	meta_R_pMTG_pSTS	yy	YY	word_label	yy_24	yy_24	24	-0.3357721185967182
sub-19	meta_metaphor	meta_R_pMTG_pSTS	yy	YY	word_label	yy_5	yy_5	5	-0.250288634828691
sub-19	meta_metaphor	meta_R_pMTG_pSTS	yy	YY	word_label	yy_2	yy_2	2	0.20830406427243103
sub-19	meta_metaphor	meta_R_pMTG_pSTS	yy	YY	word_label	yy_39	yy_39	39	0.3478684878562804
sub-19	meta_metaphor	meta_R_pMTG_pSTS	yy	YY	word_label	yy_4	yy_4	4	0.4231555460163898
sub-19	meta_metaphor	meta_R_pMTG_pSTS	yy	YY	word_label	yy_35	yy_35	35	0.20505532045156852
sub-19	meta_metaphor	meta_R_pMTG_pSTS	yy	YY	word_label	yy_6	yy_6	6	0.28874474606363887
sub-19	meta_metaphor	meta_R_pMTG_pSTS	yy	YY	word_label	yy_15	yy_15	15	0.09852993485920675
sub-19	meta_metaphor	meta_R_pMTG_pSTS	yy	YY	word_label	yy_12	yy_12	12	0.2578316197636767
sub-19	meta_metaphor	meta_R_pMTG_pSTS	yy	YY	word_label	yy_14	yy_14	14	-0.1681833135109611
sub-19	meta_metaphor	meta_R_pMTG_pSTS	yy	YY	word_label	yy_38	yy_38	38	0.5791079159991577
sub-19	meta_metaphor	meta_R_pMTG_pSTS	yy	YY	word_label	yy_36	yy_36	36	0.03726158555799905
sub-19	meta_metaphor	meta_R_pMTG_pSTS	yy	YY	word_label	yy_37	yy_37	37	0.02049670263897794
sub-19	meta_metaphor	meta_R_pMTG_pSTS	yy	YY	word_label	yy_8	yy_8	8	0.5718215720819191
sub-19	meta_metaphor	meta_R_pMTG_pSTS	yy	YY	word_label	yy_33	yy_33	33	0.08151988445282438
sub-19	meta_metaphor	meta_R_pMTG_pSTS	yy	YY	word_label	yy_32	yy_32	32	0.48799281326756744
sub-19	meta_metaphor	meta_R_pMTG_pSTS	yy	YY	word_label	yy_17	yy_17	17	-0.12622013785325897
sub-19	meta_metaphor	meta_R_pMTG_pSTS	yy	YY	word_label	yy_3	yy_3	3	0.5501526765592897
sub-19	meta_metaphor	meta_R_pMTG_pSTS	yy	YY	word_label	yy_9	yy_9	9	-0.18188612773612334
sub-19	meta_metaphor	meta_R_pMTG_pSTS	yy	YY	word_label	yy_11	yy_11	11	0.14175846769691267
sub-19	meta_metaphor	meta_R_pMTG_pSTS	yy	YY	word_label	yy_19	yy_19	19	-0.16115527477018218
sub-19	meta_metaphor	meta_R_pMTG_pSTS	yy	YY	word_label	yy_10	yy_10	10	0.3771687658925762
sub-19	meta_metaphor	meta_R_pMTG_pSTS	yy	YY	word_label	yy_1	yy_1	1	0.5096063708182484
sub-19	meta_metaphor	meta_R_pMTG_pSTS	yy	YY	word_label	yy_29	yy_29	29	-0.3973905002602871
sub-19	meta_metaphor	meta_R_pMTG_pSTS	yy	YY	word_label	yy_28	yy_28	28	-0.251120599003856
sub-19	meta_metaphor	meta_R_pMTG_pSTS	yy	YY	word_label	yy_18	yy_18	18	-0.14621736139426486
sub-19	meta_metaphor	meta_R_pMTG_pSTS	yy	YY	word_label	yy_16	yy_16	16	0.5091924695983325
sub-19	meta_metaphor	meta_R_pMTG_pSTS	yy	YY	word_label	yy_23	yy_23	23	-0.09485346220588249
sub-19	meta_metaphor	meta_R_pMTG_pSTS	yy	YY	word_label	yy_21	yy_21	21	-0.11883589640176888
sub-19	meta_metaphor	meta_R_pMTG_pSTS	yy	YY	word_label	yy_26	yy_26	26	-0.4984219921091404
sub-19	meta_metaphor	meta_R_pMTG_pSTS	yy	YY	word_label	yy_7	yy_7	7	-0.004848014580084117
sub-19	meta_metaphor	meta_R_pMTG_pSTS	yy	YY	word_label	yy_13	yy_13	13	0.3035237461256871
sub-19	meta_metaphor	meta_R_pMTG_pSTS	yy	YY	word_label	yy_27	yy_27	27	-0.6031192423475089
sub-19	meta_metaphor	meta_R_pMTG_pSTS	kj	KJ	word_label	kj_11	kj_11	11	-0.3515240838957886
sub-19	meta_metaphor	meta_R_pMTG_pSTS	kj	KJ	word_label	kj_28	kj_28	28	0.03658645928045732
sub-19	meta_metaphor	meta_R_pMTG_pSTS	kj	KJ	word_label	kj_12	kj_12	12	0.21087986317978577
sub-19	meta_metaphor	meta_R_pMTG_pSTS	kj	KJ	word_label	kj_16	kj_16	16	0.19032493427045555
sub-19	meta_metaphor	meta_R_pMTG_pSTS	kj	KJ	word_label	kj_20	kj_20	20	0.06058520613044455
sub-19	meta_metaphor	meta_R_pMTG_pSTS	kj	KJ	word_label	kj_29	kj_29	29	-0.10073909296198526
sub-19	meta_metaphor	meta_R_pMTG_pSTS	kj	KJ	word_label	kj_5	kj_5	5	-0.2265055281983386
sub-19	meta_metaphor	meta_R_pMTG_pSTS	kj	KJ	word_label	kj_22	kj_22	22	-0.11564323620053998
sub-19	meta_metaphor	meta_R_pMTG_pSTS	kj	KJ	word_label	kj_13	kj_13	13	0.3273927960804656
sub-19	meta_metaphor	meta_R_pMTG_pSTS	kj	KJ	word_label	kj_37	kj_37	37	0.6509153391099582
sub-19	meta_metaphor	meta_R_pMTG_pSTS	kj	KJ	word_label	kj_25	kj_25	25	0.04709060134715496
sub-19	meta_metaphor	meta_R_pMTG_pSTS	kj	KJ	word_label	kj_3	kj_3	3	0.36545903154741016
sub-19	meta_metaphor	meta_R_pMTG_pSTS	kj	KJ	word_label	kj_19	kj_19	19	0.46432124210289455
sub-19	meta_metaphor	meta_R_pMTG_pSTS	kj	KJ	word_label	kj_36	kj_36	36	-0.08664727600825098
sub-19	meta_metaphor	meta_R_pMTG_pSTS	kj	KJ	word_label	kj_2	kj_2	2	-0.36028512923458256
sub-19	meta_metaphor	meta_R_pMTG_pSTS	kj	KJ	word_label	kj_24	kj_24	24	0.5380814410209079
sub-19	meta_metaphor	meta_R_pMTG_pSTS	kj	KJ	word_label	kj_21	kj_21	21	0.21396637779809802
sub-19	meta_metaphor	meta_R_pMTG_pSTS	kj	KJ	word_label	kj_31	kj_31	31	-0.014394489252749136
sub-19	meta_metaphor	meta_R_pMTG_pSTS	kj	KJ	word_label	kj_10	kj_10	10	0.4498465358293112
sub-19	meta_metaphor	meta_R_pMTG_pSTS	kj	KJ	word_label	kj_8	kj_8	8	-0.297348625075028
sub-19	meta_metaphor	meta_R_pMTG_pSTS	kj	KJ	word_label	kj_26	kj_26	26	0.5261917858312165
sub-19	meta_metaphor	meta_R_pMTG_pSTS	kj	KJ	word_label	kj_1	kj_1	1	0.09588900699815278
sub-19	meta_metaphor	meta_R_pMTG_pSTS	kj	KJ	word_label	kj_23	kj_23	23	-0.32462723927888903
sub-19	meta_metaphor	meta_R_pMTG_pSTS	kj	KJ	word_label	kj_38	kj_38	38	-0.19696615453998104
sub-19	meta_metaphor	meta_R_pMTG_pSTS	kj	KJ	word_label	kj_9	kj_9	9	0.544034111463907
sub-19	meta_metaphor	meta_R_pMTG_pSTS	kj	KJ	word_label	kj_33	kj_33	33	0.5084751740223944
sub-19	meta_metaphor	meta_R_pMTG_pSTS	kj	KJ	word_label	kj_15	kj_15	15	-0.05198403443061603
sub-19	meta_metaphor	meta_R_pMTG_pSTS	kj	KJ	word_label	kj_27	kj_27	27	-0.0024938913516537294
sub-19	meta_metaphor	meta_R_pMTG_pSTS	kj	KJ	word_label	kj_30	kj_30	30	0.017992574296429573
sub-19	meta_metaphor	meta_R_pMTG_pSTS	kj	KJ	word_label	kj_39	kj_39	39	0.3344953758386416
sub-19	meta_metaphor	meta_R_pMTG_pSTS	kj	KJ	word_label	kj_17	kj_17	17	-0.14233303154303079
sub-19	meta_metaphor	meta_R_pMTG_pSTS	kj	KJ	word_label	kj_6	kj_6	6	-0.2028709055218899
sub-19	meta_metaphor	meta_R_pMTG_pSTS	kj	KJ	word_label	kj_7	kj_7	7	0.013470619859725814
sub-19	meta_metaphor	meta_R_pMTG_pSTS	kj	KJ	word_label	kj_14	kj_14	14	0.057906739120291886
sub-19	meta_metaphor	meta_R_pMTG_pSTS	kj	KJ	word_label	kj_34	kj_34	34	-0.4000845745102238
sub-19	meta_metaphor	meta_R_temporal_pole	yy	YY	word_label	yy_22	yy_22	22	-0.005573779675827913
sub-19	meta_metaphor	meta_R_temporal_pole	yy	YY	word_label	yy_40	yy_40	40	0.26995196540513766
sub-19	meta_metaphor	meta_R_temporal_pole	yy	YY	word_label	yy_24	yy_24	24	0.1187561821112575
sub-19	meta_metaphor	meta_R_temporal_pole	yy	YY	word_label	yy_5	yy_5	5	0.1439393746027407
sub-19	meta_metaphor	meta_R_temporal_pole	yy	YY	word_label	yy_2	yy_2	2	0.5566124187963837
sub-19	meta_metaphor	meta_R_temporal_pole	yy	YY	word_label	yy_39	yy_39	39	-0.6311288713716784
sub-19	meta_metaphor	meta_R_temporal_pole	yy	YY	word_label	yy_4	yy_4	4	-0.005421388624343774
sub-19	meta_metaphor	meta_R_temporal_pole	yy	YY	word_label	yy_35	yy_35	35	-0.27022534201769904
sub-19	meta_metaphor	meta_R_temporal_pole	yy	YY	word_label	yy_6	yy_6	6	0.5582908506752803
sub-19	meta_metaphor	meta_R_temporal_pole	yy	YY	word_label	yy_15	yy_15	15	-0.37922279180410556
sub-19	meta_metaphor	meta_R_temporal_pole	yy	YY	word_label	yy_12	yy_12	12	0.4575632565326427
sub-19	meta_metaphor	meta_R_temporal_pole	yy	YY	word_label	yy_14	yy_14	14	-0.06473346999892553
sub-19	meta_metaphor	meta_R_temporal_pole	yy	YY	word_label	yy_38	yy_38	38	-0.398452709268831
sub-19	meta_metaphor	meta_R_temporal_pole	yy	YY	word_label	yy_36	yy_36	36	0.8320993720479054
sub-19	meta_metaphor	meta_R_temporal_pole	yy	YY	word_label	yy_37	yy_37	37	-0.4191904850795826
sub-19	meta_metaphor	meta_R_temporal_pole	yy	YY	word_label	yy_8	yy_8	8	0.18980984417477897
sub-19	meta_metaphor	meta_R_temporal_pole	yy	YY	word_label	yy_33	yy_33	33	-0.3555506563841222
sub-19	meta_metaphor	meta_R_temporal_pole	yy	YY	word_label	yy_32	yy_32	32	0.3698380791571023
sub-19	meta_metaphor	meta_R_temporal_pole	yy	YY	word_label	yy_17	yy_17	17	-0.07174429596129128
sub-19	meta_metaphor	meta_R_temporal_pole	yy	YY	word_label	yy_3	yy_3	3	-0.0850273148931019
sub-19	meta_metaphor	meta_R_temporal_pole	yy	YY	word_label	yy_9	yy_9	9	-0.0622435418868992
sub-19	meta_metaphor	meta_R_temporal_pole	yy	YY	word_label	yy_11	yy_11	11	-0.416571550022258
sub-19	meta_metaphor	meta_R_temporal_pole	yy	YY	word_label	yy_19	yy_19	19	0.39674144786949556
sub-19	meta_metaphor	meta_R_temporal_pole	yy	YY	word_label	yy_10	yy_10	10	0.07245165112971162
sub-19	meta_metaphor	meta_R_temporal_pole	yy	YY	word_label	yy_1	yy_1	1	0.18509657734807702
sub-19	meta_metaphor	meta_R_temporal_pole	yy	YY	word_label	yy_29	yy_29	29	-0.4324799704138702
sub-19	meta_metaphor	meta_R_temporal_pole	yy	YY	word_label	yy_28	yy_28	28	0.3662114116821366
sub-19	meta_metaphor	meta_R_temporal_pole	yy	YY	word_label	yy_18	yy_18	18	0.3940035562008465
sub-19	meta_metaphor	meta_R_temporal_pole	yy	YY	word_label	yy_16	yy_16	16	-0.04140039066714552
sub-19	meta_metaphor	meta_R_temporal_pole	yy	YY	word_label	yy_23	yy_23	23	0.33787524679084924
sub-19	meta_metaphor	meta_R_temporal_pole	yy	YY	word_label	yy_21	yy_21	21	0.4201277347760996
sub-19	meta_metaphor	meta_R_temporal_pole	yy	YY	word_label	yy_26	yy_26	26	-0.19304755410097293
sub-19	meta_metaphor	meta_R_temporal_pole	yy	YY	word_label	yy_7	yy_7	7	0.38208246681224034
sub-19	meta_metaphor	meta_R_temporal_pole	yy	YY	word_label	yy_13	yy_13	13	-0.3771596875775685
sub-19	meta_metaphor	meta_R_temporal_pole	yy	YY	word_label	yy_27	yy_27	27	0.39156246020853747
sub-19	meta_metaphor	meta_R_temporal_pole	kj	KJ	word_label	kj_11	kj_11	11	-0.08156329108287237
sub-19	meta_metaphor	meta_R_temporal_pole	kj	KJ	word_label	kj_28	kj_28	28	-0.06708081552489786
sub-19	meta_metaphor	meta_R_temporal_pole	kj	KJ	word_label	kj_12	kj_12	12	-0.008650721299801356
sub-19	meta_metaphor	meta_R_temporal_pole	kj	KJ	word_label	kj_16	kj_16	16	0.08971052912218969
sub-19	meta_metaphor	meta_R_temporal_pole	kj	KJ	word_label	kj_20	kj_20	20	0.30288117011722304
sub-19	meta_metaphor	meta_R_temporal_pole	kj	KJ	word_label	kj_29	kj_29	29	0.23129759363032906
sub-19	meta_metaphor	meta_R_temporal_pole	kj	KJ	word_label	kj_5	kj_5	5	-0.20810623632087538
sub-19	meta_metaphor	meta_R_temporal_pole	kj	KJ	word_label	kj_22	kj_22	22	0.2550209202955449
sub-19	meta_metaphor	meta_R_temporal_pole	kj	KJ	word_label	kj_13	kj_13	13	-0.019274983903721166
sub-19	meta_metaphor	meta_R_temporal_pole	kj	KJ	word_label	kj_37	kj_37	37	0.3497758833783629
sub-19	meta_metaphor	meta_R_temporal_pole	kj	KJ	word_label	kj_25	kj_25	25	-0.1346495372635943
sub-19	meta_metaphor	meta_R_temporal_pole	kj	KJ	word_label	kj_3	kj_3	3	-0.057479810296831024
sub-19	meta_metaphor	meta_R_temporal_pole	kj	KJ	word_label	kj_19	kj_19	19	-0.07493024794677462
sub-19	meta_metaphor	meta_R_temporal_pole	kj	KJ	word_label	kj_36	kj_36	36	-0.6473967703162254
sub-19	meta_metaphor	meta_R_temporal_pole	kj	KJ	word_label	kj_2	kj_2	2	0.232147912466112
sub-19	meta_metaphor	meta_R_temporal_pole	kj	KJ	word_label	kj_24	kj_24	24	0.21974679412656453
sub-19	meta_metaphor	meta_R_temporal_pole	kj	KJ	word_label	kj_21	kj_21	21	-0.2512648854159964
sub-19	meta_metaphor	meta_R_temporal_pole	kj	KJ	word_label	kj_31	kj_31	31	0.3752682452830697
sub-19	meta_metaphor	meta_R_temporal_pole	kj	KJ	word_label	kj_10	kj_10	10	-0.08242639865898282
sub-19	meta_metaphor	meta_R_temporal_pole	kj	KJ	word_label	kj_8	kj_8	8	0.21502555378360497
sub-19	meta_metaphor	meta_R_temporal_pole	kj	KJ	word_label	kj_26	kj_26	26	0.23500798895604513
sub-19	meta_metaphor	meta_R_temporal_pole	kj	KJ	word_label	kj_1	kj_1	1	-0.32879583173372223
sub-19	meta_metaphor	meta_R_temporal_pole	kj	KJ	word_label	kj_23	kj_23	23	0.43222594522341995
sub-19	meta_metaphor	meta_R_temporal_pole	kj	KJ	word_label	kj_38	kj_38	38	0.5485081948567884
sub-19	meta_metaphor	meta_R_temporal_pole	kj	KJ	word_label	kj_9	kj_9	9	0.03408340186687028
sub-19	meta_metaphor	meta_R_temporal_pole	kj	KJ	word_label	kj_33	kj_33	33	0.1888861756196374
sub-19	meta_metaphor	meta_R_temporal_pole	kj	KJ	word_label	kj_15	kj_15	15	-0.1369533953434905
sub-19	meta_metaphor	meta_R_temporal_pole	kj	KJ	word_label	kj_27	kj_27	27	-0.08313587305675135
sub-19	meta_metaphor	meta_R_temporal_pole	kj	KJ	word_label	kj_30	kj_30	30	-0.06602690379911427
sub-19	meta_metaphor	meta_R_temporal_pole	kj	KJ	word_label	kj_39	kj_39	39	0.02030945216132237
sub-19	meta_metaphor	meta_R_temporal_pole	kj	KJ	word_label	kj_17	kj_17	17	0.5375027187365489
sub-19	meta_metaphor	meta_R_temporal_pole	kj	KJ	word_label	kj_6	kj_6	6	0.027378776258992876
sub-19	meta_metaphor	meta_R_temporal_pole	kj	KJ	word_label	kj_7	kj_7	7	0.09253640770620661
sub-19	meta_metaphor	meta_R_temporal_pole	kj	KJ	word_label	kj_14	kj_14	14	-0.33948970395119016
sub-19	meta_metaphor	meta_R_temporal_pole	kj	KJ	word_label	kj_34	kj_34	34	-0.7835582195053193
sub-20	meta_metaphor	meta_L_AG	yy	YY	word_label	yy_13	yy_13	13	-0.4386102229088844
sub-20	meta_metaphor	meta_L_AG	yy	YY	word_label	yy_40	yy_40	40	0.6201736924962621
sub-20	meta_metaphor	meta_L_AG	yy	YY	word_label	yy_27	yy_27	27	-0.10558391988493979
sub-20	meta_metaphor	meta_L_AG	yy	YY	word_label	yy_28	yy_28	28	0.3741184420608237
sub-20	meta_metaphor	meta_L_AG	yy	YY	word_label	yy_24	yy_24	24	0.7863093505374308
sub-20	meta_metaphor	meta_L_AG	yy	YY	word_label	yy_5	yy_5	5	0.6141317186767462
sub-20	meta_metaphor	meta_L_AG	yy	YY	word_label	yy_2	yy_2	2	0.016799733212942806
sub-20	meta_metaphor	meta_L_AG	yy	YY	word_label	yy_35	yy_35	35	0.4589140817113015
sub-20	meta_metaphor	meta_L_AG	yy	YY	word_label	yy_14	yy_14	14	0.09312438324585846
sub-20	meta_metaphor	meta_L_AG	yy	YY	word_label	yy_29	yy_29	29	0.7062062145691101
sub-20	meta_metaphor	meta_L_AG	yy	YY	word_label	yy_10	yy_10	10	0.40941860623762344
sub-20	meta_metaphor	meta_L_AG	yy	YY	word_label	yy_33	yy_33	33	-0.27086795624025
sub-20	meta_metaphor	meta_L_AG	yy	YY	word_label	yy_15	yy_15	15	0.4032660189179447
sub-20	meta_metaphor	meta_L_AG	yy	YY	word_label	yy_23	yy_23	23	0.29655912227875414
sub-20	meta_metaphor	meta_L_AG	yy	YY	word_label	yy_11	yy_11	11	0.01090327042960176
sub-20	meta_metaphor	meta_L_AG	yy	YY	word_label	yy_21	yy_21	21	0.3946747654045043
sub-20	meta_metaphor	meta_L_AG	yy	YY	word_label	yy_8	yy_8	8	0.14166992803091114
sub-20	meta_metaphor	meta_L_AG	yy	YY	word_label	yy_18	yy_18	18	0.641130144226444
sub-20	meta_metaphor	meta_L_AG	yy	YY	word_label	yy_1	yy_1	1	0.5660685081440024
sub-20	meta_metaphor	meta_L_AG	yy	YY	word_label	yy_37	yy_37	37	-0.22132500863444324
sub-20	meta_metaphor	meta_L_AG	yy	YY	word_label	yy_12	yy_12	12	0.19931112909607893
sub-20	meta_metaphor	meta_L_AG	yy	YY	word_label	yy_6	yy_6	6	0.2282280601218627
sub-20	meta_metaphor	meta_L_AG	yy	YY	word_label	yy_39	yy_39	39	0.007841802715853764
sub-20	meta_metaphor	meta_L_AG	yy	YY	word_label	yy_16	yy_16	16	-0.06903834052911696
sub-20	meta_metaphor	meta_L_AG	yy	YY	word_label	yy_22	yy_22	22	0.41323506932631776
sub-20	meta_metaphor	meta_L_AG	yy	YY	word_label	yy_26	yy_26	26	-0.14947749659977505
sub-20	meta_metaphor	meta_L_AG	yy	YY	word_label	yy_38	yy_38	38	0.023248321573639475
sub-20	meta_metaphor	meta_L_AG	yy	YY	word_label	yy_17	yy_17	17	0.34951848311320105
sub-20	meta_metaphor	meta_L_AG	yy	YY	word_label	yy_32	yy_32	32	0.38174427747183776
sub-20	meta_metaphor	meta_L_AG	yy	YY	word_label	yy_4	yy_4	4	0.21277349938092938
sub-20	meta_metaphor	meta_L_AG	yy	YY	word_label	yy_7	yy_7	7	0.1133021844159011
sub-20	meta_metaphor	meta_L_AG	yy	YY	word_label	yy_3	yy_3	3	-0.17613570191186015
sub-20	meta_metaphor	meta_L_AG	yy	YY	word_label	yy_36	yy_36	36	-0.01438785734048878
sub-20	meta_metaphor	meta_L_AG	yy	YY	word_label	yy_9	yy_9	9	-0.033728926783204306
sub-20	meta_metaphor	meta_L_AG	yy	YY	word_label	yy_19	yy_19	19	-0.07040435340831015
sub-20	meta_metaphor	meta_L_AG	kj	KJ	word_label	kj_11	kj_11	11	0.6898319097741548
sub-20	meta_metaphor	meta_L_AG	kj	KJ	word_label	kj_36	kj_36	36	-0.21565734161990194
sub-20	meta_metaphor	meta_L_AG	kj	KJ	word_label	kj_38	kj_38	38	0.18939893100102348
sub-20	meta_metaphor	meta_L_AG	kj	KJ	word_label	kj_10	kj_10	10	0.4653378772802365
sub-20	meta_metaphor	meta_L_AG	kj	KJ	word_label	kj_2	kj_2	2	-0.5309559117056242
sub-20	meta_metaphor	meta_L_AG	kj	KJ	word_label	kj_39	kj_39	39	0.33330335042704523
sub-20	meta_metaphor	meta_L_AG	kj	KJ	word_label	kj_28	kj_28	28	-0.16213050160299258
sub-20	meta_metaphor	meta_L_AG	kj	KJ	word_label	kj_5	kj_5	5	0.5277013718908504
sub-20	meta_metaphor	meta_L_AG	kj	KJ	word_label	kj_8	kj_8	8	-0.2785103564713371
sub-20	meta_metaphor	meta_L_AG	kj	KJ	word_label	kj_14	kj_14	14	0.19090193262298738
sub-20	meta_metaphor	meta_L_AG	kj	KJ	word_label	kj_13	kj_13	13	0.6128271727261714
sub-20	meta_metaphor	meta_L_AG	kj	KJ	word_label	kj_37	kj_37	37	-0.05970413998353253
sub-20	meta_metaphor	meta_L_AG	kj	KJ	word_label	kj_19	kj_19	19	0.04406958764062653
sub-20	meta_metaphor	meta_L_AG	kj	KJ	word_label	kj_34	kj_34	34	-0.07000635651025311
sub-20	meta_metaphor	meta_L_AG	kj	KJ	word_label	kj_23	kj_23	23	0.3767936134896691
sub-20	meta_metaphor	meta_L_AG	kj	KJ	word_label	kj_6	kj_6	6	-0.17252910919847703
sub-20	meta_metaphor	meta_L_AG	kj	KJ	word_label	kj_26	kj_26	26	0.6464624148641582
sub-20	meta_metaphor	meta_L_AG	kj	KJ	word_label	kj_25	kj_25	25	0.4468751059518714
sub-20	meta_metaphor	meta_L_AG	kj	KJ	word_label	kj_17	kj_17	17	-0.315551087940344
sub-20	meta_metaphor	meta_L_AG	kj	KJ	word_label	kj_12	kj_12	12	0.392113566000131
sub-20	meta_metaphor	meta_L_AG	kj	KJ	word_label	kj_30	kj_30	30	0.13120521109541838
sub-20	meta_metaphor	meta_L_AG	kj	KJ	word_label	kj_20	kj_20	20	-0.18794317046743525
sub-20	meta_metaphor	meta_L_AG	kj	KJ	word_label	kj_15	kj_15	15	-0.05809703265766661
sub-20	meta_metaphor	meta_L_AG	kj	KJ	word_label	kj_9	kj_9	9	0.2798915511013788
sub-20	meta_metaphor	meta_L_AG	kj	KJ	word_label	kj_29	kj_29	29	-0.6213343172047288
sub-20	meta_metaphor	meta_L_AG	kj	KJ	word_label	kj_22	kj_22	22	0.4896073351683252
sub-20	meta_metaphor	meta_L_AG	kj	KJ	word_label	kj_1	kj_1	1	0.3650902531361467
sub-20	meta_metaphor	meta_L_AG	kj	KJ	word_label	kj_7	kj_7	7	0.30572089801303315
sub-20	meta_metaphor	meta_L_AG	kj	KJ	word_label	kj_24	kj_24	24	0.12407523076704748
sub-20	meta_metaphor	meta_L_AG	kj	KJ	word_label	kj_33	kj_33	33	-0.1057707138494551
sub-20	meta_metaphor	meta_L_AG	kj	KJ	word_label	kj_31	kj_31	31	0.3464940329728042
sub-20	meta_metaphor	meta_L_AG	kj	KJ	word_label	kj_27	kj_27	27	0.1601109170763475
sub-20	meta_metaphor	meta_L_AG	kj	KJ	word_label	kj_16	kj_16	16	0.3163616270078973
sub-20	meta_metaphor	meta_L_AG	kj	KJ	word_label	kj_3	kj_3	3	0.6094761208140976
sub-20	meta_metaphor	meta_L_AG	kj	KJ	word_label	kj_21	kj_21	21	0.1388162679702009
sub-20	meta_metaphor	meta_L_IFG	yy	YY	word_label	yy_13	yy_13	13	0.015994211400408253
sub-20	meta_metaphor	meta_L_IFG	yy	YY	word_label	yy_40	yy_40	40	0.30540327402139433
sub-20	meta_metaphor	meta_L_IFG	yy	YY	word_label	yy_27	yy_27	27	0.012689618097601062
sub-20	meta_metaphor	meta_L_IFG	yy	YY	word_label	yy_28	yy_28	28	0.28521618286503925
sub-20	meta_metaphor	meta_L_IFG	yy	YY	word_label	yy_24	yy_24	24	0.16758595495412762
sub-20	meta_metaphor	meta_L_IFG	yy	YY	word_label	yy_5	yy_5	5	0.3671098357161871
sub-20	meta_metaphor	meta_L_IFG	yy	YY	word_label	yy_2	yy_2	2	-0.0697692670851656
sub-20	meta_metaphor	meta_L_IFG	yy	YY	word_label	yy_35	yy_35	35	0.1480684140453391
sub-20	meta_metaphor	meta_L_IFG	yy	YY	word_label	yy_14	yy_14	14	0.007082792986178876
sub-20	meta_metaphor	meta_L_IFG	yy	YY	word_label	yy_29	yy_29	29	-0.07506624582104213
sub-20	meta_metaphor	meta_L_IFG	yy	YY	word_label	yy_10	yy_10	10	0.6938790971319282
sub-20	meta_metaphor	meta_L_IFG	yy	YY	word_label	yy_33	yy_33	33	0.2741858901462821
sub-20	meta_metaphor	meta_L_IFG	yy	YY	word_label	yy_15	yy_15	15	0.04032063199005571
sub-20	meta_metaphor	meta_L_IFG	yy	YY	word_label	yy_23	yy_23	23	-0.07054013318794713
sub-20	meta_metaphor	meta_L_IFG	yy	YY	word_label	yy_11	yy_11	11	-0.36385967189443863
sub-20	meta_metaphor	meta_L_IFG	yy	YY	word_label	yy_21	yy_21	21	0.4187766993834852
sub-20	meta_metaphor	meta_L_IFG	yy	YY	word_label	yy_8	yy_8	8	0.18177022671910398
sub-20	meta_metaphor	meta_L_IFG	yy	YY	word_label	yy_18	yy_18	18	-0.6207470377920247
sub-20	meta_metaphor	meta_L_IFG	yy	YY	word_label	yy_1	yy_1	1	0.21439068782591233
sub-20	meta_metaphor	meta_L_IFG	yy	YY	word_label	yy_37	yy_37	37	0.25659437405862706
sub-20	meta_metaphor	meta_L_IFG	yy	YY	word_label	yy_12	yy_12	12	0.1922640980768266
sub-20	meta_metaphor	meta_L_IFG	yy	YY	word_label	yy_6	yy_6	6	-0.24024785736434845
sub-20	meta_metaphor	meta_L_IFG	yy	YY	word_label	yy_39	yy_39	39	0.4431077608910073
sub-20	meta_metaphor	meta_L_IFG	yy	YY	word_label	yy_16	yy_16	16	0.47548370684952534
sub-20	meta_metaphor	meta_L_IFG	yy	YY	word_label	yy_22	yy_22	22	0.05036702231370521
sub-20	meta_metaphor	meta_L_IFG	yy	YY	word_label	yy_26	yy_26	26	0.058023710863875824
sub-20	meta_metaphor	meta_L_IFG	yy	YY	word_label	yy_38	yy_38	38	-0.3385830828209334
sub-20	meta_metaphor	meta_L_IFG	yy	YY	word_label	yy_17	yy_17	17	-0.524876287457524
sub-20	meta_metaphor	meta_L_IFG	yy	YY	word_label	yy_32	yy_32	32	-0.15263405168839575
sub-20	meta_metaphor	meta_L_IFG	yy	YY	word_label	yy_4	yy_4	4	0.1732325794057075
sub-20	meta_metaphor	meta_L_IFG	yy	YY	word_label	yy_7	yy_7	7	0.11802892179594732
sub-20	meta_metaphor	meta_L_IFG	yy	YY	word_label	yy_3	yy_3	3	-0.492106988616066
sub-20	meta_metaphor	meta_L_IFG	yy	YY	word_label	yy_36	yy_36	36	-0.25252476348510916
sub-20	meta_metaphor	meta_L_IFG	yy	YY	word_label	yy_9	yy_9	9	-0.2332337092181782
sub-20	meta_metaphor	meta_L_IFG	yy	YY	word_label	yy_19	yy_19	19	-0.6297492175446514
sub-20	meta_metaphor	meta_L_IFG	kj	KJ	word_label	kj_11	kj_11	11	0.06060455708483856
sub-20	meta_metaphor	meta_L_IFG	kj	KJ	word_label	kj_36	kj_36	36	-0.3777389602211959
sub-20	meta_metaphor	meta_L_IFG	kj	KJ	word_label	kj_38	kj_38	38	-0.3553756900847486
sub-20	meta_metaphor	meta_L_IFG	kj	KJ	word_label	kj_10	kj_10	10	-0.25138433786295944
sub-20	meta_metaphor	meta_L_IFG	kj	KJ	word_label	kj_2	kj_2	2	-0.09590949473820842
sub-20	meta_metaphor	meta_L_IFG	kj	KJ	word_label	kj_39	kj_39	39	-0.4795000009620827
sub-20	meta_metaphor	meta_L_IFG	kj	KJ	word_label	kj_28	kj_28	28	0.20229817302309994
sub-20	meta_metaphor	meta_L_IFG	kj	KJ	word_label	kj_5	kj_5	5	0.2837617319725723
sub-20	meta_metaphor	meta_L_IFG	kj	KJ	word_label	kj_8	kj_8	8	-0.5699717035793845
sub-20	meta_metaphor	meta_L_IFG	kj	KJ	word_label	kj_14	kj_14	14	-0.0800768630349213
sub-20	meta_metaphor	meta_L_IFG	kj	KJ	word_label	kj_13	kj_13	13	0.4602385133153888
sub-20	meta_metaphor	meta_L_IFG	kj	KJ	word_label	kj_37	kj_37	37	0.28214336353108005
sub-20	meta_metaphor	meta_L_IFG	kj	KJ	word_label	kj_19	kj_19	19	0.09120326317500708
sub-20	meta_metaphor	meta_L_IFG	kj	KJ	word_label	kj_34	kj_34	34	-0.07334788252847672
sub-20	meta_metaphor	meta_L_IFG	kj	KJ	word_label	kj_23	kj_23	23	-0.43249330884673676
sub-20	meta_metaphor	meta_L_IFG	kj	KJ	word_label	kj_6	kj_6	6	0.35050144760853885
sub-20	meta_metaphor	meta_L_IFG	kj	KJ	word_label	kj_26	kj_26	26	-0.11979485509383297
sub-20	meta_metaphor	meta_L_IFG	kj	KJ	word_label	kj_25	kj_25	25	-0.48721507645029843
sub-20	meta_metaphor	meta_L_IFG	kj	KJ	word_label	kj_17	kj_17	17	0.06159076063605835
sub-20	meta_metaphor	meta_L_IFG	kj	KJ	word_label	kj_12	kj_12	12	0.5106079900572567
sub-20	meta_metaphor	meta_L_IFG	kj	KJ	word_label	kj_30	kj_30	30	-0.1546689520124081
sub-20	meta_metaphor	meta_L_IFG	kj	KJ	word_label	kj_20	kj_20	20	0.036541337975155574
sub-20	meta_metaphor	meta_L_IFG	kj	KJ	word_label	kj_15	kj_15	15	0.5156523622376702
sub-20	meta_metaphor	meta_L_IFG	kj	KJ	word_label	kj_9	kj_9	9	0.09290754943794972
sub-20	meta_metaphor	meta_L_IFG	kj	KJ	word_label	kj_29	kj_29	29	-0.4234392349809879
sub-20	meta_metaphor	meta_L_IFG	kj	KJ	word_label	kj_22	kj_22	22	-0.264237888655146
sub-20	meta_metaphor	meta_L_IFG	kj	KJ	word_label	kj_1	kj_1	1	-0.13651508075670996
sub-20	meta_metaphor	meta_L_IFG	kj	KJ	word_label	kj_7	kj_7	7	0.11782657096238977
sub-20	meta_metaphor	meta_L_IFG	kj	KJ	word_label	kj_24	kj_24	24	0.11082743929804742
sub-20	meta_metaphor	meta_L_IFG	kj	KJ	word_label	kj_33	kj_33	33	-0.33951974378121635
sub-20	meta_metaphor	meta_L_IFG	kj	KJ	word_label	kj_31	kj_31	31	-0.0006266507258694184
sub-20	meta_metaphor	meta_L_IFG	kj	KJ	word_label	kj_27	kj_27	27	-0.12060135755355014
sub-20	meta_metaphor	meta_L_IFG	kj	KJ	word_label	kj_16	kj_16	16	0.06590160669780223
sub-20	meta_metaphor	meta_L_IFG	kj	KJ	word_label	kj_3	kj_3	3	-0.2421215456882731
sub-20	meta_metaphor	meta_L_IFG	kj	KJ	word_label	kj_21	kj_21	21	-0.35074073660495864
sub-20	meta_metaphor	meta_L_pMTG_pSTS	yy	YY	word_label	yy_13	yy_13	13	0.18608142060221144
sub-20	meta_metaphor	meta_L_pMTG_pSTS	yy	YY	word_label	yy_40	yy_40	40	0.3548700892104199
sub-20	meta_metaphor	meta_L_pMTG_pSTS	yy	YY	word_label	yy_27	yy_27	27	0.6128833709038388
sub-20	meta_metaphor	meta_L_pMTG_pSTS	yy	YY	word_label	yy_28	yy_28	28	0.23102503406940372
sub-20	meta_metaphor	meta_L_pMTG_pSTS	yy	YY	word_label	yy_24	yy_24	24	0.7167378372216182
sub-20	meta_metaphor	meta_L_pMTG_pSTS	yy	YY	word_label	yy_5	yy_5	5	-0.31391692877223093
sub-20	meta_metaphor	meta_L_pMTG_pSTS	yy	YY	word_label	yy_2	yy_2	2	0.13918213692561526
sub-20	meta_metaphor	meta_L_pMTG_pSTS	yy	YY	word_label	yy_35	yy_35	35	0.12676282939308608
sub-20	meta_metaphor	meta_L_pMTG_pSTS	yy	YY	word_label	yy_14	yy_14	14	0.21480098411673157
sub-20	meta_metaphor	meta_L_pMTG_pSTS	yy	YY	word_label	yy_29	yy_29	29	0.27010833484157737
sub-20	meta_metaphor	meta_L_pMTG_pSTS	yy	YY	word_label	yy_10	yy_10	10	-0.0017668929501403238
sub-20	meta_metaphor	meta_L_pMTG_pSTS	yy	YY	word_label	yy_33	yy_33	33	0.47521400396959534
sub-20	meta_metaphor	meta_L_pMTG_pSTS	yy	YY	word_label	yy_15	yy_15	15	0.05821037045267918
sub-20	meta_metaphor	meta_L_pMTG_pSTS	yy	YY	word_label	yy_23	yy_23	23	-0.38934893586245684
sub-20	meta_metaphor	meta_L_pMTG_pSTS	yy	YY	word_label	yy_11	yy_11	11	0.13417839965598324
sub-20	meta_metaphor	meta_L_pMTG_pSTS	yy	YY	word_label	yy_21	yy_21	21	0.09208904209499226
sub-20	meta_metaphor	meta_L_pMTG_pSTS	yy	YY	word_label	yy_8	yy_8	8	0.3099942176051993
sub-20	meta_metaphor	meta_L_pMTG_pSTS	yy	YY	word_label	yy_18	yy_18	18	-0.03842750770706356
sub-20	meta_metaphor	meta_L_pMTG_pSTS	yy	YY	word_label	yy_1	yy_1	1	0.19019227150569687
sub-20	meta_metaphor	meta_L_pMTG_pSTS	yy	YY	word_label	yy_37	yy_37	37	0.7153259200218585
sub-20	meta_metaphor	meta_L_pMTG_pSTS	yy	YY	word_label	yy_12	yy_12	12	-0.1708480391966053
sub-20	meta_metaphor	meta_L_pMTG_pSTS	yy	YY	word_label	yy_6	yy_6	6	-0.3530254960187236
sub-20	meta_metaphor	meta_L_pMTG_pSTS	yy	YY	word_label	yy_39	yy_39	39	0.17293292456578135
sub-20	meta_metaphor	meta_L_pMTG_pSTS	yy	YY	word_label	yy_16	yy_16	16	0.18412629136620456
sub-20	meta_metaphor	meta_L_pMTG_pSTS	yy	YY	word_label	yy_22	yy_22	22	-0.30748162977066024
sub-20	meta_metaphor	meta_L_pMTG_pSTS	yy	YY	word_label	yy_26	yy_26	26	-0.5083462353760745
sub-20	meta_metaphor	meta_L_pMTG_pSTS	yy	YY	word_label	yy_38	yy_38	38	-0.3133545098376673
sub-20	meta_metaphor	meta_L_pMTG_pSTS	yy	YY	word_label	yy_17	yy_17	17	0.16510432978740114
sub-20	meta_metaphor	meta_L_pMTG_pSTS	yy	YY	word_label	yy_32	yy_32	32	0.16689036198814705
sub-20	meta_metaphor	meta_L_pMTG_pSTS	yy	YY	word_label	yy_4	yy_4	4	0.5906113171728564
sub-20	meta_metaphor	meta_L_pMTG_pSTS	yy	YY	word_label	yy_7	yy_7	7	0.05266151501897192
sub-20	meta_metaphor	meta_L_pMTG_pSTS	yy	YY	word_label	yy_3	yy_3	3	-0.3088807581153889
sub-20	meta_metaphor	meta_L_pMTG_pSTS	yy	YY	word_label	yy_36	yy_36	36	-0.3874067163570332
sub-20	meta_metaphor	meta_L_pMTG_pSTS	yy	YY	word_label	yy_9	yy_9	9	-0.116279673220781
sub-20	meta_metaphor	meta_L_pMTG_pSTS	yy	YY	word_label	yy_19	yy_19	19	0.13498390723202577
sub-20	meta_metaphor	meta_L_pMTG_pSTS	kj	KJ	word_label	kj_11	kj_11	11	0.043880771337159924
sub-20	meta_metaphor	meta_L_pMTG_pSTS	kj	KJ	word_label	kj_36	kj_36	36	-0.09353720972368909
sub-20	meta_metaphor	meta_L_pMTG_pSTS	kj	KJ	word_label	kj_38	kj_38	38	-0.10299986281173665
sub-20	meta_metaphor	meta_L_pMTG_pSTS	kj	KJ	word_label	kj_10	kj_10	10	-0.003289844330310719
sub-20	meta_metaphor	meta_L_pMTG_pSTS	kj	KJ	word_label	kj_2	kj_2	2	0.020395406879172778
sub-20	meta_metaphor	meta_L_pMTG_pSTS	kj	KJ	word_label	kj_39	kj_39	39	0.4461457221372983
sub-20	meta_metaphor	meta_L_pMTG_pSTS	kj	KJ	word_label	kj_28	kj_28	28	0.3064935822103048
sub-20	meta_metaphor	meta_L_pMTG_pSTS	kj	KJ	word_label	kj_5	kj_5	5	0.6853307178567706
sub-20	meta_metaphor	meta_L_pMTG_pSTS	kj	KJ	word_label	kj_8	kj_8	8	0.32185993076318414
sub-20	meta_metaphor	meta_L_pMTG_pSTS	kj	KJ	word_label	kj_14	kj_14	14	0.2646369164313922
sub-20	meta_metaphor	meta_L_pMTG_pSTS	kj	KJ	word_label	kj_13	kj_13	13	-0.2086968691966945
sub-20	meta_metaphor	meta_L_pMTG_pSTS	kj	KJ	word_label	kj_37	kj_37	37	0.16333247075822363
sub-20	meta_metaphor	meta_L_pMTG_pSTS	kj	KJ	word_label	kj_19	kj_19	19	0.5416653938150262
sub-20	meta_metaphor	meta_L_pMTG_pSTS	kj	KJ	word_label	kj_34	kj_34	34	-0.16926536566378167
sub-20	meta_metaphor	meta_L_pMTG_pSTS	kj	KJ	word_label	kj_23	kj_23	23	0.23874325974983754
sub-20	meta_metaphor	meta_L_pMTG_pSTS	kj	KJ	word_label	kj_6	kj_6	6	-0.36943968221351847
sub-20	meta_metaphor	meta_L_pMTG_pSTS	kj	KJ	word_label	kj_26	kj_26	26	-0.1311274893796867
sub-20	meta_metaphor	meta_L_pMTG_pSTS	kj	KJ	word_label	kj_25	kj_25	25	-0.5023179347974204
sub-20	meta_metaphor	meta_L_pMTG_pSTS	kj	KJ	word_label	kj_17	kj_17	17	0.1733313110100966
sub-20	meta_metaphor	meta_L_pMTG_pSTS	kj	KJ	word_label	kj_12	kj_12	12	-0.1905845855996037
sub-20	meta_metaphor	meta_L_pMTG_pSTS	kj	KJ	word_label	kj_30	kj_30	30	-0.4477369654024994
sub-20	meta_metaphor	meta_L_pMTG_pSTS	kj	KJ	word_label	kj_20	kj_20	20	0.21444911384791177
sub-20	meta_metaphor	meta_L_pMTG_pSTS	kj	KJ	word_label	kj_15	kj_15	15	-0.16583045596365292
sub-20	meta_metaphor	meta_L_pMTG_pSTS	kj	KJ	word_label	kj_9	kj_9	9	0.2654578305534705
sub-20	meta_metaphor	meta_L_pMTG_pSTS	kj	KJ	word_label	kj_29	kj_29	29	-0.17958089632110533
sub-20	meta_metaphor	meta_L_pMTG_pSTS	kj	KJ	word_label	kj_22	kj_22	22	0.7104191620829549
sub-20	meta_metaphor	meta_L_pMTG_pSTS	kj	KJ	word_label	kj_1	kj_1	1	0.5025180324134153
sub-20	meta_metaphor	meta_L_pMTG_pSTS	kj	KJ	word_label	kj_7	kj_7	7	0.047556435100639935
sub-20	meta_metaphor	meta_L_pMTG_pSTS	kj	KJ	word_label	kj_24	kj_24	24	0.21384961898535365
sub-20	meta_metaphor	meta_L_pMTG_pSTS	kj	KJ	word_label	kj_33	kj_33	33	-0.47107191709521284
sub-20	meta_metaphor	meta_L_pMTG_pSTS	kj	KJ	word_label	kj_31	kj_31	31	0.3829688675991816
sub-20	meta_metaphor	meta_L_pMTG_pSTS	kj	KJ	word_label	kj_27	kj_27	27	0.05107044161197804
sub-20	meta_metaphor	meta_L_pMTG_pSTS	kj	KJ	word_label	kj_16	kj_16	16	0.14868110303885018
sub-20	meta_metaphor	meta_L_pMTG_pSTS	kj	KJ	word_label	kj_3	kj_3	3	0.5205635752858695
sub-20	meta_metaphor	meta_L_pMTG_pSTS	kj	KJ	word_label	kj_21	kj_21	21	0.1068602189477862
sub-20	meta_metaphor	meta_L_temporal_pole	yy	YY	word_label	yy_13	yy_13	13	-0.19626260401952958
sub-20	meta_metaphor	meta_L_temporal_pole	yy	YY	word_label	yy_40	yy_40	40	-0.05526112929534227
sub-20	meta_metaphor	meta_L_temporal_pole	yy	YY	word_label	yy_27	yy_27	27	0.22971972711351912
sub-20	meta_metaphor	meta_L_temporal_pole	yy	YY	word_label	yy_28	yy_28	28	-0.21996142085229023
sub-20	meta_metaphor	meta_L_temporal_pole	yy	YY	word_label	yy_24	yy_24	24	0.11878721930621514
sub-20	meta_metaphor	meta_L_temporal_pole	yy	YY	word_label	yy_5	yy_5	5	-0.008467362910113968
sub-20	meta_metaphor	meta_L_temporal_pole	yy	YY	word_label	yy_2	yy_2	2	-0.2406199720690409
sub-20	meta_metaphor	meta_L_temporal_pole	yy	YY	word_label	yy_35	yy_35	35	-0.08924137283735109
sub-20	meta_metaphor	meta_L_temporal_pole	yy	YY	word_label	yy_14	yy_14	14	-0.2063650939581119
sub-20	meta_metaphor	meta_L_temporal_pole	yy	YY	word_label	yy_29	yy_29	29	0.15806207213338053
sub-20	meta_metaphor	meta_L_temporal_pole	yy	YY	word_label	yy_10	yy_10	10	0.008738239113291758
sub-20	meta_metaphor	meta_L_temporal_pole	yy	YY	word_label	yy_33	yy_33	33	0.1746004400706007
sub-20	meta_metaphor	meta_L_temporal_pole	yy	YY	word_label	yy_15	yy_15	15	-0.052461274158270385
sub-20	meta_metaphor	meta_L_temporal_pole	yy	YY	word_label	yy_23	yy_23	23	-0.062810637667101
sub-20	meta_metaphor	meta_L_temporal_pole	yy	YY	word_label	yy_11	yy_11	11	-0.20422164792456451
sub-20	meta_metaphor	meta_L_temporal_pole	yy	YY	word_label	yy_21	yy_21	21	0.11785625666285782
sub-20	meta_metaphor	meta_L_temporal_pole	yy	YY	word_label	yy_8	yy_8	8	0.05172832608867466
sub-20	meta_metaphor	meta_L_temporal_pole	yy	YY	word_label	yy_18	yy_18	18	-0.019444363308171595
sub-20	meta_metaphor	meta_L_temporal_pole	yy	YY	word_label	yy_1	yy_1	1	0.0001491959312653552
sub-20	meta_metaphor	meta_L_temporal_pole	yy	YY	word_label	yy_37	yy_37	37	-0.35282326426679517
sub-20	meta_metaphor	meta_L_temporal_pole	yy	YY	word_label	yy_12	yy_12	12	0.3521903898303117
sub-20	meta_metaphor	meta_L_temporal_pole	yy	YY	word_label	yy_6	yy_6	6	0.5450919034016768
sub-20	meta_metaphor	meta_L_temporal_pole	yy	YY	word_label	yy_39	yy_39	39	-0.35309116261173706
sub-20	meta_metaphor	meta_L_temporal_pole	yy	YY	word_label	yy_16	yy_16	16	0.22237095343338387
sub-20	meta_metaphor	meta_L_temporal_pole	yy	YY	word_label	yy_22	yy_22	22	0.214161353340157
sub-20	meta_metaphor	meta_L_temporal_pole	yy	YY	word_label	yy_26	yy_26	26	-0.20429765990493082
sub-20	meta_metaphor	meta_L_temporal_pole	yy	YY	word_label	yy_38	yy_38	38	0.02412893312759627
sub-20	meta_metaphor	meta_L_temporal_pole	yy	YY	word_label	yy_17	yy_17	17	0.10308488355135663
sub-20	meta_metaphor	meta_L_temporal_pole	yy	YY	word_label	yy_32	yy_32	32	0.2963174748526014
sub-20	meta_metaphor	meta_L_temporal_pole	yy	YY	word_label	yy_4	yy_4	4	-0.12610667153792787
sub-20	meta_metaphor	meta_L_temporal_pole	yy	YY	word_label	yy_7	yy_7	7	0.06508080729329331
sub-20	meta_metaphor	meta_L_temporal_pole	yy	YY	word_label	yy_3	yy_3	3	0.3173592557290277
sub-20	meta_metaphor	meta_L_temporal_pole	yy	YY	word_label	yy_36	yy_36	36	-0.19566995083183597
sub-20	meta_metaphor	meta_L_temporal_pole	yy	YY	word_label	yy_9	yy_9	9	0.3752147533152083
sub-20	meta_metaphor	meta_L_temporal_pole	yy	YY	word_label	yy_19	yy_19	19	0.12499146460551502
sub-20	meta_metaphor	meta_L_temporal_pole	kj	KJ	word_label	kj_11	kj_11	11	0.07209852675297602
sub-20	meta_metaphor	meta_L_temporal_pole	kj	KJ	word_label	kj_36	kj_36	36	-0.43111764132270103
sub-20	meta_metaphor	meta_L_temporal_pole	kj	KJ	word_label	kj_38	kj_38	38	-0.3149312751721215
sub-20	meta_metaphor	meta_L_temporal_pole	kj	KJ	word_label	kj_10	kj_10	10	0.02644966558207826
sub-20	meta_metaphor	meta_L_temporal_pole	kj	KJ	word_label	kj_2	kj_2	2	-0.2561020640431493
sub-20	meta_metaphor	meta_L_temporal_pole	kj	KJ	word_label	kj_39	kj_39	39	-0.08868812596990934
sub-20	meta_metaphor	meta_L_temporal_pole	kj	KJ	word_label	kj_28	kj_28	28	0.17621871321797639
sub-20	meta_metaphor	meta_L_temporal_pole	kj	KJ	word_label	kj_5	kj_5	5	0.29674074396563727
sub-20	meta_metaphor	meta_L_temporal_pole	kj	KJ	word_label	kj_8	kj_8	8	0.24973630196167576
sub-20	meta_metaphor	meta_L_temporal_pole	kj	KJ	word_label	kj_14	kj_14	14	0.47302690247661544
sub-20	meta_metaphor	meta_L_temporal_pole	kj	KJ	word_label	kj_13	kj_13	13	0.062182187397706236
sub-20	meta_metaphor	meta_L_temporal_pole	kj	KJ	word_label	kj_37	kj_37	37	0.050085840112860734
sub-20	meta_metaphor	meta_L_temporal_pole	kj	KJ	word_label	kj_19	kj_19	19	0.30191843185199513
sub-20	meta_metaphor	meta_L_temporal_pole	kj	KJ	word_label	kj_34	kj_34	34	-0.08825186617956048
sub-20	meta_metaphor	meta_L_temporal_pole	kj	KJ	word_label	kj_23	kj_23	23	0.10822992528833872
sub-20	meta_metaphor	meta_L_temporal_pole	kj	KJ	word_label	kj_6	kj_6	6	-0.19095907921714336
sub-20	meta_metaphor	meta_L_temporal_pole	kj	KJ	word_label	kj_26	kj_26	26	0.03928790495300696
sub-20	meta_metaphor	meta_L_temporal_pole	kj	KJ	word_label	kj_25	kj_25	25	0.1879443845694321
sub-20	meta_metaphor	meta_L_temporal_pole	kj	KJ	word_label	kj_17	kj_17	17	-0.418973321579681
sub-20	meta_metaphor	meta_L_temporal_pole	kj	KJ	word_label	kj_12	kj_12	12	-0.23544401095557643
sub-20	meta_metaphor	meta_L_temporal_pole	kj	KJ	word_label	kj_30	kj_30	30	-0.022073948513361936
sub-20	meta_metaphor	meta_L_temporal_pole	kj	KJ	word_label	kj_20	kj_20	20	0.2664814594075667
sub-20	meta_metaphor	meta_L_temporal_pole	kj	KJ	word_label	kj_15	kj_15	15	0.3806950339120707
sub-20	meta_metaphor	meta_L_temporal_pole	kj	KJ	word_label	kj_9	kj_9	9	-0.09262364674701036
sub-20	meta_metaphor	meta_L_temporal_pole	kj	KJ	word_label	kj_29	kj_29	29	0.34100237270329364
sub-20	meta_metaphor	meta_L_temporal_pole	kj	KJ	word_label	kj_22	kj_22	22	0.4243729382532742
sub-20	meta_metaphor	meta_L_temporal_pole	kj	KJ	word_label	kj_1	kj_1	1	-0.2411703357543259
sub-20	meta_metaphor	meta_L_temporal_pole	kj	KJ	word_label	kj_7	kj_7	7	0.10361941023416306
sub-20	meta_metaphor	meta_L_temporal_pole	kj	KJ	word_label	kj_24	kj_24	24	0.48576259764450996
sub-20	meta_metaphor	meta_L_temporal_pole	kj	KJ	word_label	kj_33	kj_33	33	-0.12611522097146008
sub-20	meta_metaphor	meta_L_temporal_pole	kj	KJ	word_label	kj_31	kj_31	31	-0.11394872152747218
sub-20	meta_metaphor	meta_L_temporal_pole	kj	KJ	word_label	kj_27	kj_27	27	0.16295398565366162
sub-20	meta_metaphor	meta_L_temporal_pole	kj	KJ	word_label	kj_16	kj_16	16	0.025656833588546542
sub-20	meta_metaphor	meta_L_temporal_pole	kj	KJ	word_label	kj_3	kj_3	3	-0.10735094696428674
sub-20	meta_metaphor	meta_L_temporal_pole	kj	KJ	word_label	kj_21	kj_21	21	0.4239303283877485
sub-20	meta_metaphor	meta_R_AG	yy	YY	word_label	yy_13	yy_13	13	0.07354565318413545
sub-20	meta_metaphor	meta_R_AG	yy	YY	word_label	yy_40	yy_40	40	0.38567903002964327
sub-20	meta_metaphor	meta_R_AG	yy	YY	word_label	yy_27	yy_27	27	0.5771609177293575
sub-20	meta_metaphor	meta_R_AG	yy	YY	word_label	yy_28	yy_28	28	0.1984012565651376
sub-20	meta_metaphor	meta_R_AG	yy	YY	word_label	yy_24	yy_24	24	0.40075582250676045
sub-20	meta_metaphor	meta_R_AG	yy	YY	word_label	yy_5	yy_5	5	0.480897583738769
sub-20	meta_metaphor	meta_R_AG	yy	YY	word_label	yy_2	yy_2	2	0.42930515335127994
sub-20	meta_metaphor	meta_R_AG	yy	YY	word_label	yy_35	yy_35	35	0.25081246231483395
sub-20	meta_metaphor	meta_R_AG	yy	YY	word_label	yy_14	yy_14	14	-0.20316872747843845
sub-20	meta_metaphor	meta_R_AG	yy	YY	word_label	yy_29	yy_29	29	0.20413526814264912
sub-20	meta_metaphor	meta_R_AG	yy	YY	word_label	yy_10	yy_10	10	0.12715387922636504
sub-20	meta_metaphor	meta_R_AG	yy	YY	word_label	yy_33	yy_33	33	-0.09131305277099189
sub-20	meta_metaphor	meta_R_AG	yy	YY	word_label	yy_15	yy_15	15	0.4930068155098949
sub-20	meta_metaphor	meta_R_AG	yy	YY	word_label	yy_23	yy_23	23	0.349384419928302
sub-20	meta_metaphor	meta_R_AG	yy	YY	word_label	yy_11	yy_11	11	-0.2660165037395625
sub-20	meta_metaphor	meta_R_AG	yy	YY	word_label	yy_21	yy_21	21	-0.04411252345420177
sub-20	meta_metaphor	meta_R_AG	yy	YY	word_label	yy_8	yy_8	8	0.09001944699607735
sub-20	meta_metaphor	meta_R_AG	yy	YY	word_label	yy_18	yy_18	18	0.2335559172906659
sub-20	meta_metaphor	meta_R_AG	yy	YY	word_label	yy_1	yy_1	1	0.4108401671479046
sub-20	meta_metaphor	meta_R_AG	yy	YY	word_label	yy_37	yy_37	37	0.24543607948375368
sub-20	meta_metaphor	meta_R_AG	yy	YY	word_label	yy_12	yy_12	12	0.49158589116721313
sub-20	meta_metaphor	meta_R_AG	yy	YY	word_label	yy_6	yy_6	6	0.4838606307656244
sub-20	meta_metaphor	meta_R_AG	yy	YY	word_label	yy_39	yy_39	39	0.1296616820736288
sub-20	meta_metaphor	meta_R_AG	yy	YY	word_label	yy_16	yy_16	16	-0.3813075481276493
sub-20	meta_metaphor	meta_R_AG	yy	YY	word_label	yy_22	yy_22	22	0.18016031143555636
sub-20	meta_metaphor	meta_R_AG	yy	YY	word_label	yy_26	yy_26	26	-0.01396990877018114
sub-20	meta_metaphor	meta_R_AG	yy	YY	word_label	yy_38	yy_38	38	0.1227730763914746
sub-20	meta_metaphor	meta_R_AG	yy	YY	word_label	yy_17	yy_17	17	0.2535863173196147
sub-20	meta_metaphor	meta_R_AG	yy	YY	word_label	yy_32	yy_32	32	0.5569120498789162
sub-20	meta_metaphor	meta_R_AG	yy	YY	word_label	yy_4	yy_4	4	0.026662044691449217
sub-20	meta_metaphor	meta_R_AG	yy	YY	word_label	yy_7	yy_7	7	0.30673340799614984
sub-20	meta_metaphor	meta_R_AG	yy	YY	word_label	yy_3	yy_3	3	-0.8210599118160569
sub-20	meta_metaphor	meta_R_AG	yy	YY	word_label	yy_36	yy_36	36	0.016826064301462905
sub-20	meta_metaphor	meta_R_AG	yy	YY	word_label	yy_9	yy_9	9	0.4447029889947491
sub-20	meta_metaphor	meta_R_AG	yy	YY	word_label	yy_19	yy_19	19	0.02868902513517438
sub-20	meta_metaphor	meta_R_AG	kj	KJ	word_label	kj_11	kj_11	11	-0.33632659736599313
sub-20	meta_metaphor	meta_R_AG	kj	KJ	word_label	kj_36	kj_36	36	0.2974974288413111
sub-20	meta_metaphor	meta_R_AG	kj	KJ	word_label	kj_38	kj_38	38	-0.13388811308142307
sub-20	meta_metaphor	meta_R_AG	kj	KJ	word_label	kj_10	kj_10	10	0.4880570492007521
sub-20	meta_metaphor	meta_R_AG	kj	KJ	word_label	kj_2	kj_2	2	0.03343275715361304
sub-20	meta_metaphor	meta_R_AG	kj	KJ	word_label	kj_39	kj_39	39	0.275086958098245
sub-20	meta_metaphor	meta_R_AG	kj	KJ	word_label	kj_28	kj_28	28	-0.5808756409701342
sub-20	meta_metaphor	meta_R_AG	kj	KJ	word_label	kj_5	kj_5	5	0.16098275770890982
sub-20	meta_metaphor	meta_R_AG	kj	KJ	word_label	kj_8	kj_8	8	-0.019645124695731073
sub-20	meta_metaphor	meta_R_AG	kj	KJ	word_label	kj_14	kj_14	14	-0.5765221988803755
sub-20	meta_metaphor	meta_R_AG	kj	KJ	word_label	kj_13	kj_13	13	0.030872778851816985
sub-20	meta_metaphor	meta_R_AG	kj	KJ	word_label	kj_37	kj_37	37	0.22104689263292662
sub-20	meta_metaphor	meta_R_AG	kj	KJ	word_label	kj_19	kj_19	19	-0.4720356867671841
sub-20	meta_metaphor	meta_R_AG	kj	KJ	word_label	kj_34	kj_34	34	-0.1419284478369777
sub-20	meta_metaphor	meta_R_AG	kj	KJ	word_label	kj_23	kj_23	23	-0.5203971216695336
sub-20	meta_metaphor	meta_R_AG	kj	KJ	word_label	kj_6	kj_6	6	0.4240294849740762
sub-20	meta_metaphor	meta_R_AG	kj	KJ	word_label	kj_26	kj_26	26	-0.2569495322265866
sub-20	meta_metaphor	meta_R_AG	kj	KJ	word_label	kj_25	kj_25	25	0.34875963812576377
sub-20	meta_metaphor	meta_R_AG	kj	KJ	word_label	kj_17	kj_17	17	-0.6825394383216864
sub-20	meta_metaphor	meta_R_AG	kj	KJ	word_label	kj_12	kj_12	12	0.24239290189297388
sub-20	meta_metaphor	meta_R_AG	kj	KJ	word_label	kj_30	kj_30	30	0.09966567012063596
sub-20	meta_metaphor	meta_R_AG	kj	KJ	word_label	kj_20	kj_20	20	0.029786579056537966
sub-20	meta_metaphor	meta_R_AG	kj	KJ	word_label	kj_15	kj_15	15	-0.37651243630215375
sub-20	meta_metaphor	meta_R_AG	kj	KJ	word_label	kj_9	kj_9	9	0.28720234869709566
sub-20	meta_metaphor	meta_R_AG	kj	KJ	word_label	kj_29	kj_29	29	-0.11423485898089313
sub-20	meta_metaphor	meta_R_AG	kj	KJ	word_label	kj_22	kj_22	22	0.37027544153350894
sub-20	meta_metaphor	meta_R_AG	kj	KJ	word_label	kj_1	kj_1	1	-0.20552199020666526
sub-20	meta_metaphor	meta_R_AG	kj	KJ	word_label	kj_7	kj_7	7	0.10721585646229742
sub-20	meta_metaphor	meta_R_AG	kj	KJ	word_label	kj_24	kj_24	24	0.05796776752255167
sub-20	meta_metaphor	meta_R_AG	kj	KJ	word_label	kj_33	kj_33	33	0.7461279090010744
sub-20	meta_metaphor	meta_R_AG	kj	KJ	word_label	kj_31	kj_31	31	-0.06909314739421551
sub-20	meta_metaphor	meta_R_AG	kj	KJ	word_label	kj_27	kj_27	27	-0.7322080970095075
sub-20	meta_metaphor	meta_R_AG	kj	KJ	word_label	kj_16	kj_16	16	-0.015136468629637138
sub-20	meta_metaphor	meta_R_AG	kj	KJ	word_label	kj_3	kj_3	3	0.23001465178379166
sub-20	meta_metaphor	meta_R_AG	kj	KJ	word_label	kj_21	kj_21	21	0.13231920133351288
sub-20	meta_metaphor	meta_R_IFG	yy	YY	word_label	yy_13	yy_13	13	-0.08741385266534582
sub-20	meta_metaphor	meta_R_IFG	yy	YY	word_label	yy_40	yy_40	40	0.657123751501652
sub-20	meta_metaphor	meta_R_IFG	yy	YY	word_label	yy_27	yy_27	27	0.22121528796938866
sub-20	meta_metaphor	meta_R_IFG	yy	YY	word_label	yy_28	yy_28	28	4.408433161731602e-05
sub-20	meta_metaphor	meta_R_IFG	yy	YY	word_label	yy_24	yy_24	24	0.39442870305309685
sub-20	meta_metaphor	meta_R_IFG	yy	YY	word_label	yy_5	yy_5	5	0.07935173713678456
sub-20	meta_metaphor	meta_R_IFG	yy	YY	word_label	yy_2	yy_2	2	0.42378407751896746
sub-20	meta_metaphor	meta_R_IFG	yy	YY	word_label	yy_35	yy_35	35	0.04941315778932563
sub-20	meta_metaphor	meta_R_IFG	yy	YY	word_label	yy_14	yy_14	14	-0.1020381899375687
sub-20	meta_metaphor	meta_R_IFG	yy	YY	word_label	yy_29	yy_29	29	0.27035633996671954
sub-20	meta_metaphor	meta_R_IFG	yy	YY	word_label	yy_10	yy_10	10	0.16014498467868296
sub-20	meta_metaphor	meta_R_IFG	yy	YY	word_label	yy_33	yy_33	33	-0.04628113864151841
sub-20	meta_metaphor	meta_R_IFG	yy	YY	word_label	yy_15	yy_15	15	0.06347537614100628
sub-20	meta_metaphor	meta_R_IFG	yy	YY	word_label	yy_23	yy_23	23	-0.2971290394760108
sub-20	meta_metaphor	meta_R_IFG	yy	YY	word_label	yy_11	yy_11	11	0.09370036163825192
sub-20	meta_metaphor	meta_R_IFG	yy	YY	word_label	yy_21	yy_21	21	0.06365611948030832
sub-20	meta_metaphor	meta_R_IFG	yy	YY	word_label	yy_8	yy_8	8	-0.3374686630331251
sub-20	meta_metaphor	meta_R_IFG	yy	YY	word_label	yy_18	yy_18	18	-0.11794851760211116
sub-20	meta_metaphor	meta_R_IFG	yy	YY	word_label	yy_1	yy_1	1	0.12051747150809437
sub-20	meta_metaphor	meta_R_IFG	yy	YY	word_label	yy_37	yy_37	37	0.2516853771695877
sub-20	meta_metaphor	meta_R_IFG	yy	YY	word_label	yy_12	yy_12	12	0.4549829644633734
sub-20	meta_metaphor	meta_R_IFG	yy	YY	word_label	yy_6	yy_6	6	0.5743726950517507
sub-20	meta_metaphor	meta_R_IFG	yy	YY	word_label	yy_39	yy_39	39	-0.35322451582378395
sub-20	meta_metaphor	meta_R_IFG	yy	YY	word_label	yy_16	yy_16	16	0.04410475463497393
sub-20	meta_metaphor	meta_R_IFG	yy	YY	word_label	yy_22	yy_22	22	0.6521713928941623
sub-20	meta_metaphor	meta_R_IFG	yy	YY	word_label	yy_26	yy_26	26	-0.3117669746905199
sub-20	meta_metaphor	meta_R_IFG	yy	YY	word_label	yy_38	yy_38	38	-0.625518001903229
sub-20	meta_metaphor	meta_R_IFG	yy	YY	word_label	yy_17	yy_17	17	-0.14402369989515634
sub-20	meta_metaphor	meta_R_IFG	yy	YY	word_label	yy_32	yy_32	32	0.04174692494888271
sub-20	meta_metaphor	meta_R_IFG	yy	YY	word_label	yy_4	yy_4	4	-0.3113589871333101
sub-20	meta_metaphor	meta_R_IFG	yy	YY	word_label	yy_7	yy_7	7	0.22138429780688143
sub-20	meta_metaphor	meta_R_IFG	yy	YY	word_label	yy_3	yy_3	3	0.1290555306023493
sub-20	meta_metaphor	meta_R_IFG	yy	YY	word_label	yy_36	yy_36	36	0.30652431509474054
sub-20	meta_metaphor	meta_R_IFG	yy	YY	word_label	yy_9	yy_9	9	-0.17469156104384817
sub-20	meta_metaphor	meta_R_IFG	yy	YY	word_label	yy_19	yy_19	19	0.3367796496996258
sub-20	meta_metaphor	meta_R_IFG	kj	KJ	word_label	kj_11	kj_11	11	0.023104723573468294
sub-20	meta_metaphor	meta_R_IFG	kj	KJ	word_label	kj_36	kj_36	36	0.16534776246537727
sub-20	meta_metaphor	meta_R_IFG	kj	KJ	word_label	kj_38	kj_38	38	-0.4941501013187911
sub-20	meta_metaphor	meta_R_IFG	kj	KJ	word_label	kj_10	kj_10	10	-0.2864387525137601
sub-20	meta_metaphor	meta_R_IFG	kj	KJ	word_label	kj_2	kj_2	2	0.006641352328129123
sub-20	meta_metaphor	meta_R_IFG	kj	KJ	word_label	kj_39	kj_39	39	0.39360768794060397
sub-20	meta_metaphor	meta_R_IFG	kj	KJ	word_label	kj_28	kj_28	28	-0.0340729978841997
sub-20	meta_metaphor	meta_R_IFG	kj	KJ	word_label	kj_5	kj_5	5	0.30051308246034736
sub-20	meta_metaphor	meta_R_IFG	kj	KJ	word_label	kj_8	kj_8	8	0.2891557832247274
sub-20	meta_metaphor	meta_R_IFG	kj	KJ	word_label	kj_14	kj_14	14	-0.3835517449676431
sub-20	meta_metaphor	meta_R_IFG	kj	KJ	word_label	kj_13	kj_13	13	-0.28208026200110436
sub-20	meta_metaphor	meta_R_IFG	kj	KJ	word_label	kj_37	kj_37	37	-0.4588688286315848
sub-20	meta_metaphor	meta_R_IFG	kj	KJ	word_label	kj_19	kj_19	19	0.08154305682207903
sub-20	meta_metaphor	meta_R_IFG	kj	KJ	word_label	kj_34	kj_34	34	-0.34867891970001796
sub-20	meta_metaphor	meta_R_IFG	kj	KJ	word_label	kj_23	kj_23	23	-0.47741040424373526
sub-20	meta_metaphor	meta_R_IFG	kj	KJ	word_label	kj_6	kj_6	6	-0.0015415847390918024
sub-20	meta_metaphor	meta_R_IFG	kj	KJ	word_label	kj_26	kj_26	26	-0.5320823319876147
sub-20	meta_metaphor	meta_R_IFG	kj	KJ	word_label	kj_25	kj_25	25	-0.39903631450686844
sub-20	meta_metaphor	meta_R_IFG	kj	KJ	word_label	kj_17	kj_17	17	0.4338979761189321
sub-20	meta_metaphor	meta_R_IFG	kj	KJ	word_label	kj_12	kj_12	12	0.22460031400637975
sub-20	meta_metaphor	meta_R_IFG	kj	KJ	word_label	kj_30	kj_30	30	0.23311433807849735
sub-20	meta_metaphor	meta_R_IFG	kj	KJ	word_label	kj_20	kj_20	20	-0.6097356393004745
sub-20	meta_metaphor	meta_R_IFG	kj	KJ	word_label	kj_15	kj_15	15	0.5470237323627528
sub-20	meta_metaphor	meta_R_IFG	kj	KJ	word_label	kj_9	kj_9	9	-0.2800692975399593
sub-20	meta_metaphor	meta_R_IFG	kj	KJ	word_label	kj_29	kj_29	29	-0.08540109318338696
sub-20	meta_metaphor	meta_R_IFG	kj	KJ	word_label	kj_22	kj_22	22	0.6045872163767022
sub-20	meta_metaphor	meta_R_IFG	kj	KJ	word_label	kj_1	kj_1	1	-0.2987721310878651
sub-20	meta_metaphor	meta_R_IFG	kj	KJ	word_label	kj_7	kj_7	7	0.19933439997474905
sub-20	meta_metaphor	meta_R_IFG	kj	KJ	word_label	kj_24	kj_24	24	0.551738644390589
sub-20	meta_metaphor	meta_R_IFG	kj	KJ	word_label	kj_33	kj_33	33	0.1267730941835136
sub-20	meta_metaphor	meta_R_IFG	kj	KJ	word_label	kj_31	kj_31	31	-0.27154536750738223
sub-20	meta_metaphor	meta_R_IFG	kj	KJ	word_label	kj_27	kj_27	27	-0.6297959548408448
sub-20	meta_metaphor	meta_R_IFG	kj	KJ	word_label	kj_16	kj_16	16	0.6489106664016467
sub-20	meta_metaphor	meta_R_IFG	kj	KJ	word_label	kj_3	kj_3	3	0.3358350990224079
sub-20	meta_metaphor	meta_R_IFG	kj	KJ	word_label	kj_21	kj_21	21	-0.40737634259633027
sub-20	meta_metaphor	meta_R_pMTG_pSTS	yy	YY	word_label	yy_13	yy_13	13	-0.3971662451791477
sub-20	meta_metaphor	meta_R_pMTG_pSTS	yy	YY	word_label	yy_40	yy_40	40	-0.3502055467320383
sub-20	meta_metaphor	meta_R_pMTG_pSTS	yy	YY	word_label	yy_27	yy_27	27	0.23096911271485943
sub-20	meta_metaphor	meta_R_pMTG_pSTS	yy	YY	word_label	yy_28	yy_28	28	-0.022190081869153108
sub-20	meta_metaphor	meta_R_pMTG_pSTS	yy	YY	word_label	yy_24	yy_24	24	0.46680380228433077
sub-20	meta_metaphor	meta_R_pMTG_pSTS	yy	YY	word_label	yy_5	yy_5	5	0.06152584661054491
sub-20	meta_metaphor	meta_R_pMTG_pSTS	yy	YY	word_label	yy_2	yy_2	2	-0.5032980861679505
sub-20	meta_metaphor	meta_R_pMTG_pSTS	yy	YY	word_label	yy_35	yy_35	35	-0.24098313542766475
sub-20	meta_metaphor	meta_R_pMTG_pSTS	yy	YY	word_label	yy_14	yy_14	14	0.2818124590221047
sub-20	meta_metaphor	meta_R_pMTG_pSTS	yy	YY	word_label	yy_29	yy_29	29	0.41786031105965754
sub-20	meta_metaphor	meta_R_pMTG_pSTS	yy	YY	word_label	yy_10	yy_10	10	-0.47365335325685043
sub-20	meta_metaphor	meta_R_pMTG_pSTS	yy	YY	word_label	yy_33	yy_33	33	0.0809863452945002
sub-20	meta_metaphor	meta_R_pMTG_pSTS	yy	YY	word_label	yy_15	yy_15	15	-0.13926083987280966
sub-20	meta_metaphor	meta_R_pMTG_pSTS	yy	YY	word_label	yy_23	yy_23	23	-0.01748747485965365
sub-20	meta_metaphor	meta_R_pMTG_pSTS	yy	YY	word_label	yy_11	yy_11	11	-0.27143503800814484
sub-20	meta_metaphor	meta_R_pMTG_pSTS	yy	YY	word_label	yy_21	yy_21	21	-0.3134761873153392
sub-20	meta_metaphor	meta_R_pMTG_pSTS	yy	YY	word_label	yy_8	yy_8	8	-0.028788650410585877
sub-20	meta_metaphor	meta_R_pMTG_pSTS	yy	YY	word_label	yy_18	yy_18	18	-0.3044189106046117
sub-20	meta_metaphor	meta_R_pMTG_pSTS	yy	YY	word_label	yy_1	yy_1	1	0.15393396706366902
sub-20	meta_metaphor	meta_R_pMTG_pSTS	yy	YY	word_label	yy_37	yy_37	37	0.3200328425573145
sub-20	meta_metaphor	meta_R_pMTG_pSTS	yy	YY	word_label	yy_12	yy_12	12	-0.14205544354474395
sub-20	meta_metaphor	meta_R_pMTG_pSTS	yy	YY	word_label	yy_6	yy_6	6	-0.018657257332930183
sub-20	meta_metaphor	meta_R_pMTG_pSTS	yy	YY	word_label	yy_39	yy_39	39	0.1190897080594419
sub-20	meta_metaphor	meta_R_pMTG_pSTS	yy	YY	word_label	yy_16	yy_16	16	-0.7527528291467683
sub-20	meta_metaphor	meta_R_pMTG_pSTS	yy	YY	word_label	yy_22	yy_22	22	-0.5325734120784255
sub-20	meta_metaphor	meta_R_pMTG_pSTS	yy	YY	word_label	yy_26	yy_26	26	0.48501998564265053
sub-20	meta_metaphor	meta_R_pMTG_pSTS	yy	YY	word_label	yy_38	yy_38	38	-0.6007337652128006
sub-20	meta_metaphor	meta_R_pMTG_pSTS	yy	YY	word_label	yy_17	yy_17	17	-0.22778104121262122
sub-20	meta_metaphor	meta_R_pMTG_pSTS	yy	YY	word_label	yy_32	yy_32	32	0.23169667635723454
sub-20	meta_metaphor	meta_R_pMTG_pSTS	yy	YY	word_label	yy_4	yy_4	4	-0.36903702772030134
sub-20	meta_metaphor	meta_R_pMTG_pSTS	yy	YY	word_label	yy_7	yy_7	7	0.7551984450644691
sub-20	meta_metaphor	meta_R_pMTG_pSTS	yy	YY	word_label	yy_3	yy_3	3	-0.08185201373665343
sub-20	meta_metaphor	meta_R_pMTG_pSTS	yy	YY	word_label	yy_36	yy_36	36	0.0228916653006598
sub-20	meta_metaphor	meta_R_pMTG_pSTS	yy	YY	word_label	yy_9	yy_9	9	0.355670948874732
sub-20	meta_metaphor	meta_R_pMTG_pSTS	yy	YY	word_label	yy_19	yy_19	19	-0.1471187687592087
sub-20	meta_metaphor	meta_R_pMTG_pSTS	kj	KJ	word_label	kj_11	kj_11	11	-0.026316919921590312
sub-20	meta_metaphor	meta_R_pMTG_pSTS	kj	KJ	word_label	kj_36	kj_36	36	-0.3053817009015188
sub-20	meta_metaphor	meta_R_pMTG_pSTS	kj	KJ	word_label	kj_38	kj_38	38	-0.33146635282739495
sub-20	meta_metaphor	meta_R_pMTG_pSTS	kj	KJ	word_label	kj_10	kj_10	10	-0.40395665389434326
sub-20	meta_metaphor	meta_R_pMTG_pSTS	kj	KJ	word_label	kj_2	kj_2	2	-0.04482332228120787
sub-20	meta_metaphor	meta_R_pMTG_pSTS	kj	KJ	word_label	kj_39	kj_39	39	0.6050076315060051
sub-20	meta_metaphor	meta_R_pMTG_pSTS	kj	KJ	word_label	kj_28	kj_28	28	-0.11555599117411902
sub-20	meta_metaphor	meta_R_pMTG_pSTS	kj	KJ	word_label	kj_5	kj_5	5	0.36822837275473086
sub-20	meta_metaphor	meta_R_pMTG_pSTS	kj	KJ	word_label	kj_8	kj_8	8	-0.046083294443787955
sub-20	meta_metaphor	meta_R_pMTG_pSTS	kj	KJ	word_label	kj_14	kj_14	14	0.2931759385079729
sub-20	meta_metaphor	meta_R_pMTG_pSTS	kj	KJ	word_label	kj_13	kj_13	13	0.08757836361053699
sub-20	meta_metaphor	meta_R_pMTG_pSTS	kj	KJ	word_label	kj_37	kj_37	37	0.45958579883880823
sub-20	meta_metaphor	meta_R_pMTG_pSTS	kj	KJ	word_label	kj_19	kj_19	19	0.40002505990665116
sub-20	meta_metaphor	meta_R_pMTG_pSTS	kj	KJ	word_label	kj_34	kj_34	34	-0.03626904615040616
sub-20	meta_metaphor	meta_R_pMTG_pSTS	kj	KJ	word_label	kj_23	kj_23	23	-0.5341609308124331
sub-20	meta_metaphor	meta_R_pMTG_pSTS	kj	KJ	word_label	kj_6	kj_6	6	0.14313372895752138
sub-20	meta_metaphor	meta_R_pMTG_pSTS	kj	KJ	word_label	kj_26	kj_26	26	0.20753680540498973
sub-20	meta_metaphor	meta_R_pMTG_pSTS	kj	KJ	word_label	kj_25	kj_25	25	-0.24929835268125883
sub-20	meta_metaphor	meta_R_pMTG_pSTS	kj	KJ	word_label	kj_17	kj_17	17	0.25626629321270694
sub-20	meta_metaphor	meta_R_pMTG_pSTS	kj	KJ	word_label	kj_12	kj_12	12	0.48845238784748063
sub-20	meta_metaphor	meta_R_pMTG_pSTS	kj	KJ	word_label	kj_30	kj_30	30	0.013838711206934178
sub-20	meta_metaphor	meta_R_pMTG_pSTS	kj	KJ	word_label	kj_20	kj_20	20	0.19157184406791375
sub-20	meta_metaphor	meta_R_pMTG_pSTS	kj	KJ	word_label	kj_15	kj_15	15	-0.08433848809905434
sub-20	meta_metaphor	meta_R_pMTG_pSTS	kj	KJ	word_label	kj_9	kj_9	9	-0.0778186290888167
sub-20	meta_metaphor	meta_R_pMTG_pSTS	kj	KJ	word_label	kj_29	kj_29	29	0.2960944791837223
sub-20	meta_metaphor	meta_R_pMTG_pSTS	kj	KJ	word_label	kj_22	kj_22	22	0.23896337172638324
sub-20	meta_metaphor	meta_R_pMTG_pSTS	kj	KJ	word_label	kj_1	kj_1	1	0.10201957641482187
sub-20	meta_metaphor	meta_R_pMTG_pSTS	kj	KJ	word_label	kj_7	kj_7	7	-0.2871448022649022
sub-20	meta_metaphor	meta_R_pMTG_pSTS	kj	KJ	word_label	kj_24	kj_24	24	0.4574407011696643
sub-20	meta_metaphor	meta_R_pMTG_pSTS	kj	KJ	word_label	kj_33	kj_33	33	-0.06560418884236346
sub-20	meta_metaphor	meta_R_pMTG_pSTS	kj	KJ	word_label	kj_31	kj_31	31	0.04315383300580925
sub-20	meta_metaphor	meta_R_pMTG_pSTS	kj	KJ	word_label	kj_27	kj_27	27	-0.45566233401230577
sub-20	meta_metaphor	meta_R_pMTG_pSTS	kj	KJ	word_label	kj_16	kj_16	16	0.3406490398115394
sub-20	meta_metaphor	meta_R_pMTG_pSTS	kj	KJ	word_label	kj_3	kj_3	3	0.26241795802346063
sub-20	meta_metaphor	meta_R_pMTG_pSTS	kj	KJ	word_label	kj_21	kj_21	21	0.288003178580424
sub-20	meta_metaphor	meta_R_temporal_pole	yy	YY	word_label	yy_13	yy_13	13	-0.40135210312095254
sub-20	meta_metaphor	meta_R_temporal_pole	yy	YY	word_label	yy_40	yy_40	40	-0.3839198850250344
sub-20	meta_metaphor	meta_R_temporal_pole	yy	YY	word_label	yy_27	yy_27	27	0.10372711944887641
sub-20	meta_metaphor	meta_R_temporal_pole	yy	YY	word_label	yy_28	yy_28	28	-0.5255270215059623
sub-20	meta_metaphor	meta_R_temporal_pole	yy	YY	word_label	yy_24	yy_24	24	0.31742043960261473
sub-20	meta_metaphor	meta_R_temporal_pole	yy	YY	word_label	yy_5	yy_5	5	-0.12005599328176227
sub-20	meta_metaphor	meta_R_temporal_pole	yy	YY	word_label	yy_2	yy_2	2	-0.20238953527123468
sub-20	meta_metaphor	meta_R_temporal_pole	yy	YY	word_label	yy_35	yy_35	35	0.29614495074714103
sub-20	meta_metaphor	meta_R_temporal_pole	yy	YY	word_label	yy_14	yy_14	14	0.46710210420321374
sub-20	meta_metaphor	meta_R_temporal_pole	yy	YY	word_label	yy_29	yy_29	29	0.6560911192015237
sub-20	meta_metaphor	meta_R_temporal_pole	yy	YY	word_label	yy_10	yy_10	10	0.53775344749723
sub-20	meta_metaphor	meta_R_temporal_pole	yy	YY	word_label	yy_33	yy_33	33	0.036427158606780016
sub-20	meta_metaphor	meta_R_temporal_pole	yy	YY	word_label	yy_15	yy_15	15	0.17582375814952772
sub-20	meta_metaphor	meta_R_temporal_pole	yy	YY	word_label	yy_23	yy_23	23	0.1284426322056199
sub-20	meta_metaphor	meta_R_temporal_pole	yy	YY	word_label	yy_11	yy_11	11	0.43679874240705246
sub-20	meta_metaphor	meta_R_temporal_pole	yy	YY	word_label	yy_21	yy_21	21	-0.07972133117762759
sub-20	meta_metaphor	meta_R_temporal_pole	yy	YY	word_label	yy_8	yy_8	8	0.46831618389012514
sub-20	meta_metaphor	meta_R_temporal_pole	yy	YY	word_label	yy_18	yy_18	18	-0.07720305761093714
sub-20	meta_metaphor	meta_R_temporal_pole	yy	YY	word_label	yy_1	yy_1	1	0.0760503404371126
sub-20	meta_metaphor	meta_R_temporal_pole	yy	YY	word_label	yy_37	yy_37	37	-0.2821845345528838
sub-20	meta_metaphor	meta_R_temporal_pole	yy	YY	word_label	yy_12	yy_12	12	0.33154268319694646
sub-20	meta_metaphor	meta_R_temporal_pole	yy	YY	word_label	yy_6	yy_6	6	0.008219659621699406
sub-20	meta_metaphor	meta_R_temporal_pole	yy	YY	word_label	yy_39	yy_39	39	-0.20742775504324676
sub-20	meta_metaphor	meta_R_temporal_pole	yy	YY	word_label	yy_16	yy_16	16	-0.018766635304247634
sub-20	meta_metaphor	meta_R_temporal_pole	yy	YY	word_label	yy_22	yy_22	22	-0.33083190194135376
sub-20	meta_metaphor	meta_R_temporal_pole	yy	YY	word_label	yy_26	yy_26	26	-0.1045787992140928
sub-20	meta_metaphor	meta_R_temporal_pole	yy	YY	word_label	yy_38	yy_38	38	0.2018502425471603
sub-20	meta_metaphor	meta_R_temporal_pole	yy	YY	word_label	yy_17	yy_17	17	0.28252377421249764
sub-20	meta_metaphor	meta_R_temporal_pole	yy	YY	word_label	yy_32	yy_32	32	-0.20728672105483179
sub-20	meta_metaphor	meta_R_temporal_pole	yy	YY	word_label	yy_4	yy_4	4	0.015754512999919566
sub-20	meta_metaphor	meta_R_temporal_pole	yy	YY	word_label	yy_7	yy_7	7	-0.215467189962751
sub-20	meta_metaphor	meta_R_temporal_pole	yy	YY	word_label	yy_3	yy_3	3	0.10927756277118694
sub-20	meta_metaphor	meta_R_temporal_pole	yy	YY	word_label	yy_36	yy_36	36	0.3329035477602473
sub-20	meta_metaphor	meta_R_temporal_pole	yy	YY	word_label	yy_9	yy_9	9	-0.23805219626360205
sub-20	meta_metaphor	meta_R_temporal_pole	yy	YY	word_label	yy_19	yy_19	19	-0.24679624134418793
sub-20	meta_metaphor	meta_R_temporal_pole	kj	KJ	word_label	kj_11	kj_11	11	0.2024408826013662
sub-20	meta_metaphor	meta_R_temporal_pole	kj	KJ	word_label	kj_36	kj_36	36	-0.06725475444626346
sub-20	meta_metaphor	meta_R_temporal_pole	kj	KJ	word_label	kj_38	kj_38	38	-0.10095580721396581
sub-20	meta_metaphor	meta_R_temporal_pole	kj	KJ	word_label	kj_10	kj_10	10	-0.03139630824517324
sub-20	meta_metaphor	meta_R_temporal_pole	kj	KJ	word_label	kj_2	kj_2	2	-0.08643027327697464
sub-20	meta_metaphor	meta_R_temporal_pole	kj	KJ	word_label	kj_39	kj_39	39	-0.6236087143088204
sub-20	meta_metaphor	meta_R_temporal_pole	kj	KJ	word_label	kj_28	kj_28	28	-0.03070756986867248
sub-20	meta_metaphor	meta_R_temporal_pole	kj	KJ	word_label	kj_5	kj_5	5	0.4127961011614814
sub-20	meta_metaphor	meta_R_temporal_pole	kj	KJ	word_label	kj_8	kj_8	8	0.38658597489377605
sub-20	meta_metaphor	meta_R_temporal_pole	kj	KJ	word_label	kj_14	kj_14	14	0.031073744350295272
sub-20	meta_metaphor	meta_R_temporal_pole	kj	KJ	word_label	kj_13	kj_13	13	0.21223707225956343
sub-20	meta_metaphor	meta_R_temporal_pole	kj	KJ	word_label	kj_37	kj_37	37	0.1452729497648322
sub-20	meta_metaphor	meta_R_temporal_pole	kj	KJ	word_label	kj_19	kj_19	19	0.42379230097789045
sub-20	meta_metaphor	meta_R_temporal_pole	kj	KJ	word_label	kj_34	kj_34	34	-0.13558170787632148
sub-20	meta_metaphor	meta_R_temporal_pole	kj	KJ	word_label	kj_23	kj_23	23	-0.018748928023073878
sub-20	meta_metaphor	meta_R_temporal_pole	kj	KJ	word_label	kj_6	kj_6	6	-0.27152834253104396
sub-20	meta_metaphor	meta_R_temporal_pole	kj	KJ	word_label	kj_26	kj_26	26	0.1586261952724711
sub-20	meta_metaphor	meta_R_temporal_pole	kj	KJ	word_label	kj_25	kj_25	25	0.1326898955956697
sub-20	meta_metaphor	meta_R_temporal_pole	kj	KJ	word_label	kj_17	kj_17	17	-0.1242653201307555
sub-20	meta_metaphor	meta_R_temporal_pole	kj	KJ	word_label	kj_12	kj_12	12	0.3544714971011818
sub-20	meta_metaphor	meta_R_temporal_pole	kj	KJ	word_label	kj_30	kj_30	30	-0.3269832778243454
sub-20	meta_metaphor	meta_R_temporal_pole	kj	KJ	word_label	kj_20	kj_20	20	-0.16162201383154395
sub-20	meta_metaphor	meta_R_temporal_pole	kj	KJ	word_label	kj_15	kj_15	15	0.18898294127968607
sub-20	meta_metaphor	meta_R_temporal_pole	kj	KJ	word_label	kj_9	kj_9	9	0.3533053498633803
sub-20	meta_metaphor	meta_R_temporal_pole	kj	KJ	word_label	kj_29	kj_29	29	-0.3706136589738985
sub-20	meta_metaphor	meta_R_temporal_pole	kj	KJ	word_label	kj_22	kj_22	22	-0.44062926473818254
sub-20	meta_metaphor	meta_R_temporal_pole	kj	KJ	word_label	kj_1	kj_1	1	-0.1459774108954082
sub-20	meta_metaphor	meta_R_temporal_pole	kj	KJ	word_label	kj_7	kj_7	7	0.0510468644441594
sub-20	meta_metaphor	meta_R_temporal_pole	kj	KJ	word_label	kj_24	kj_24	24	-0.26808420499536634
sub-20	meta_metaphor	meta_R_temporal_pole	kj	KJ	word_label	kj_33	kj_33	33	-0.1132213566576852
sub-20	meta_metaphor	meta_R_temporal_pole	kj	KJ	word_label	kj_31	kj_31	31	-0.0710571173052304
sub-20	meta_metaphor	meta_R_temporal_pole	kj	KJ	word_label	kj_27	kj_27	27	0.14212530654173822
sub-20	meta_metaphor	meta_R_temporal_pole	kj	KJ	word_label	kj_16	kj_16	16	0.33369099149274734
sub-20	meta_metaphor	meta_R_temporal_pole	kj	KJ	word_label	kj_3	kj_3	3	-0.2197142727990753
sub-20	meta_metaphor	meta_R_temporal_pole	kj	KJ	word_label	kj_21	kj_21	21	0.06486649966136131
sub-21	meta_metaphor	meta_L_AG	yy	YY	word_label	yy_6	yy_6	6	0.21118807128468076
sub-21	meta_metaphor	meta_L_AG	yy	YY	word_label	yy_38	yy_38	38	0.2552537635864417
sub-21	meta_metaphor	meta_L_AG	yy	YY	word_label	yy_10	yy_10	10	0.30701639326951097
sub-21	meta_metaphor	meta_L_AG	yy	YY	word_label	yy_33	yy_33	33	0.1440616025973352
sub-21	meta_metaphor	meta_L_AG	yy	YY	word_label	yy_32	yy_32	32	0.09637706381316878
sub-21	meta_metaphor	meta_L_AG	yy	YY	word_label	yy_12	yy_12	12	0.0619690280589472
sub-21	meta_metaphor	meta_L_AG	yy	YY	word_label	yy_11	yy_11	11	-0.18331837188861896
sub-21	meta_metaphor	meta_L_AG	yy	YY	word_label	yy_2	yy_2	2	0.48852600331349194
sub-21	meta_metaphor	meta_L_AG	yy	YY	word_label	yy_29	yy_29	29	0.3112542981677651
sub-21	meta_metaphor	meta_L_AG	yy	YY	word_label	yy_7	yy_7	7	0.24640338590851982
sub-21	meta_metaphor	meta_L_AG	yy	YY	word_label	yy_18	yy_18	18	-0.13084302380456977
sub-21	meta_metaphor	meta_L_AG	yy	YY	word_label	yy_4	yy_4	4	0.5074789412474099
sub-21	meta_metaphor	meta_L_AG	yy	YY	word_label	yy_15	yy_15	15	0.12887471338063078
sub-21	meta_metaphor	meta_L_AG	yy	YY	word_label	yy_3	yy_3	3	0.40015199263205886
sub-21	meta_metaphor	meta_L_AG	yy	YY	word_label	yy_22	yy_22	22	0.13973425105414347
sub-21	meta_metaphor	meta_L_AG	yy	YY	word_label	yy_39	yy_39	39	-0.5204723199699072
sub-21	meta_metaphor	meta_L_AG	yy	YY	word_label	yy_24	yy_24	24	0.046756922282022044
sub-21	meta_metaphor	meta_L_AG	yy	YY	word_label	yy_21	yy_21	21	-0.018308722781952155
sub-21	meta_metaphor	meta_L_AG	yy	YY	word_label	yy_36	yy_36	36	0.03230255546791265
sub-21	meta_metaphor	meta_L_AG	yy	YY	word_label	yy_16	yy_16	16	0.35882069421518714
sub-21	meta_metaphor	meta_L_AG	yy	YY	word_label	yy_5	yy_5	5	0.011565756638898932
sub-21	meta_metaphor	meta_L_AG	yy	YY	word_label	yy_13	yy_13	13	0.6002175796639396
sub-21	meta_metaphor	meta_L_AG	yy	YY	word_label	yy_37	yy_37	37	0.3758705147187116
sub-21	meta_metaphor	meta_L_AG	yy	YY	word_label	yy_23	yy_23	23	0.32438793180335646
sub-21	meta_metaphor	meta_L_AG	yy	YY	word_label	yy_40	yy_40	40	0.3408899851726727
sub-21	meta_metaphor	meta_L_AG	yy	YY	word_label	yy_8	yy_8	8	-0.11057915250957857
sub-21	meta_metaphor	meta_L_AG	yy	YY	word_label	yy_14	yy_14	14	-0.4038074385651016
sub-21	meta_metaphor	meta_L_AG	yy	YY	word_label	yy_9	yy_9	9	-0.15684830704613834
sub-21	meta_metaphor	meta_L_AG	yy	YY	word_label	yy_27	yy_27	27	-0.23222210387156253
sub-21	meta_metaphor	meta_L_AG	yy	YY	word_label	yy_35	yy_35	35	0.11241686857554019
sub-21	meta_metaphor	meta_L_AG	yy	YY	word_label	yy_26	yy_26	26	-0.03127081849313476
sub-21	meta_metaphor	meta_L_AG	yy	YY	word_label	yy_17	yy_17	17	0.5774739271216444
sub-21	meta_metaphor	meta_L_AG	yy	YY	word_label	yy_28	yy_28	28	0.11002042788930881
sub-21	meta_metaphor	meta_L_AG	yy	YY	word_label	yy_1	yy_1	1	-0.20789115164724561
sub-21	meta_metaphor	meta_L_AG	yy	YY	word_label	yy_19	yy_19	19	-0.15700597896021545
sub-21	meta_metaphor	meta_L_AG	kj	KJ	word_label	kj_39	kj_39	39	0.6032778073510227
sub-21	meta_metaphor	meta_L_AG	kj	KJ	word_label	kj_13	kj_13	13	0.496698606667082
sub-21	meta_metaphor	meta_L_AG	kj	KJ	word_label	kj_2	kj_2	2	-0.13149859021581237
sub-21	meta_metaphor	meta_L_AG	kj	KJ	word_label	kj_5	kj_5	5	0.3906168005510946
sub-21	meta_metaphor	meta_L_AG	kj	KJ	word_label	kj_3	kj_3	3	0.1665450081760613
sub-21	meta_metaphor	meta_L_AG	kj	KJ	word_label	kj_26	kj_26	26	0.19518691293528376
sub-21	meta_metaphor	meta_L_AG	kj	KJ	word_label	kj_30	kj_30	30	-0.1989476631193646
sub-21	meta_metaphor	meta_L_AG	kj	KJ	word_label	kj_15	kj_15	15	-0.3160099421392751
sub-21	meta_metaphor	meta_L_AG	kj	KJ	word_label	kj_20	kj_20	20	0.5654740878304005
sub-21	meta_metaphor	meta_L_AG	kj	KJ	word_label	kj_25	kj_25	25	-0.23755623488653338
sub-21	meta_metaphor	meta_L_AG	kj	KJ	word_label	kj_7	kj_7	7	-0.048052566548015305
sub-21	meta_metaphor	meta_L_AG	kj	KJ	word_label	kj_33	kj_33	33	-0.28533641557413736
sub-21	meta_metaphor	meta_L_AG	kj	KJ	word_label	kj_8	kj_8	8	0.21311533175469102
sub-21	meta_metaphor	meta_L_AG	kj	KJ	word_label	kj_22	kj_22	22	0.06741489687712207
sub-21	meta_metaphor	meta_L_AG	kj	KJ	word_label	kj_31	kj_31	31	-0.2173573692372667
sub-21	meta_metaphor	meta_L_AG	kj	KJ	word_label	kj_29	kj_29	29	-0.2069135679285379
sub-21	meta_metaphor	meta_L_AG	kj	KJ	word_label	kj_12	kj_12	12	0.18483289883527357
sub-21	meta_metaphor	meta_L_AG	kj	KJ	word_label	kj_17	kj_17	17	0.2785658922200423
sub-21	meta_metaphor	meta_L_AG	kj	KJ	word_label	kj_10	kj_10	10	0.07488039509804902
sub-21	meta_metaphor	meta_L_AG	kj	KJ	word_label	kj_1	kj_1	1	0.11549776970984033
sub-21	meta_metaphor	meta_L_AG	kj	KJ	word_label	kj_6	kj_6	6	0.12782786274243405
sub-21	meta_metaphor	meta_L_AG	kj	KJ	word_label	kj_34	kj_34	34	0.12939265242288006
sub-21	meta_metaphor	meta_L_AG	kj	KJ	word_label	kj_19	kj_19	19	0.17146657252664402
sub-21	meta_metaphor	meta_L_AG	kj	KJ	word_label	kj_14	kj_14	14	0.2620320334327734
sub-21	meta_metaphor	meta_L_AG	kj	KJ	word_label	kj_38	kj_38	38	0.19338299989929553
sub-21	meta_metaphor	meta_L_AG	kj	KJ	word_label	kj_21	kj_21	21	-0.24432778390211746
sub-21	meta_metaphor	meta_L_AG	kj	KJ	word_label	kj_28	kj_28	28	0.3814498516085302
sub-21	meta_metaphor	meta_L_AG	kj	KJ	word_label	kj_24	kj_24	24	0.24106310389388358
sub-21	meta_metaphor	meta_L_AG	kj	KJ	word_label	kj_23	kj_23	23	0.4056734305627721
sub-21	meta_metaphor	meta_L_AG	kj	KJ	word_label	kj_16	kj_16	16	0.5106942205387641
sub-21	meta_metaphor	meta_L_AG	kj	KJ	word_label	kj_9	kj_9	9	-0.7227663386556309
sub-21	meta_metaphor	meta_L_AG	kj	KJ	word_label	kj_37	kj_37	37	-0.38437997346061625
sub-21	meta_metaphor	meta_L_AG	kj	KJ	word_label	kj_11	kj_11	11	0.28180833469538596
sub-21	meta_metaphor	meta_L_AG	kj	KJ	word_label	kj_27	kj_27	27	0.44582164196981383
sub-21	meta_metaphor	meta_L_AG	kj	KJ	word_label	kj_36	kj_36	36	0.5812612339888763
sub-21	meta_metaphor	meta_L_IFG	yy	YY	word_label	yy_6	yy_6	6	0.1039271049030693
sub-21	meta_metaphor	meta_L_IFG	yy	YY	word_label	yy_38	yy_38	38	0.40710631768143984
sub-21	meta_metaphor	meta_L_IFG	yy	YY	word_label	yy_10	yy_10	10	-0.009723798850603446
sub-21	meta_metaphor	meta_L_IFG	yy	YY	word_label	yy_33	yy_33	33	0.40546788104942194
sub-21	meta_metaphor	meta_L_IFG	yy	YY	word_label	yy_32	yy_32	32	0.3615950481980812
sub-21	meta_metaphor	meta_L_IFG	yy	YY	word_label	yy_12	yy_12	12	0.1428644105053178
sub-21	meta_metaphor	meta_L_IFG	yy	YY	word_label	yy_11	yy_11	11	0.38060544768213284
sub-21	meta_metaphor	meta_L_IFG	yy	YY	word_label	yy_2	yy_2	2	-0.17135465362623223
sub-21	meta_metaphor	meta_L_IFG	yy	YY	word_label	yy_29	yy_29	29	0.252936938095915
sub-21	meta_metaphor	meta_L_IFG	yy	YY	word_label	yy_7	yy_7	7	0.32027567676296925
sub-21	meta_metaphor	meta_L_IFG	yy	YY	word_label	yy_18	yy_18	18	-0.02108009026308369
sub-21	meta_metaphor	meta_L_IFG	yy	YY	word_label	yy_4	yy_4	4	0.37342273315338254
sub-21	meta_metaphor	meta_L_IFG	yy	YY	word_label	yy_15	yy_15	15	0.556251050397941
sub-21	meta_metaphor	meta_L_IFG	yy	YY	word_label	yy_3	yy_3	3	0.06415797208333571
sub-21	meta_metaphor	meta_L_IFG	yy	YY	word_label	yy_22	yy_22	22	0.14964074161365132
sub-21	meta_metaphor	meta_L_IFG	yy	YY	word_label	yy_39	yy_39	39	0.06277846522362843
sub-21	meta_metaphor	meta_L_IFG	yy	YY	word_label	yy_24	yy_24	24	0.060566847068525165
sub-21	meta_metaphor	meta_L_IFG	yy	YY	word_label	yy_21	yy_21	21	0.3418085468456505
sub-21	meta_metaphor	meta_L_IFG	yy	YY	word_label	yy_36	yy_36	36	0.3150104377409897
sub-21	meta_metaphor	meta_L_IFG	yy	YY	word_label	yy_16	yy_16	16	0.15064915004938753
sub-21	meta_metaphor	meta_L_IFG	yy	YY	word_label	yy_5	yy_5	5	0.4381953273302168
sub-21	meta_metaphor	meta_L_IFG	yy	YY	word_label	yy_13	yy_13	13	0.1508816089711292
sub-21	meta_metaphor	meta_L_IFG	yy	YY	word_label	yy_37	yy_37	37	0.16816542689104405
sub-21	meta_metaphor	meta_L_IFG	yy	YY	word_label	yy_23	yy_23	23	0.31655616455335095
sub-21	meta_metaphor	meta_L_IFG	yy	YY	word_label	yy_40	yy_40	40	-0.07845459263876997
sub-21	meta_metaphor	meta_L_IFG	yy	YY	word_label	yy_8	yy_8	8	0.1489369390271163
sub-21	meta_metaphor	meta_L_IFG	yy	YY	word_label	yy_14	yy_14	14	0.12542630130153
sub-21	meta_metaphor	meta_L_IFG	yy	YY	word_label	yy_9	yy_9	9	0.03969089457368252
sub-21	meta_metaphor	meta_L_IFG	yy	YY	word_label	yy_27	yy_27	27	0.21950738451122156
sub-21	meta_metaphor	meta_L_IFG	yy	YY	word_label	yy_35	yy_35	35	0.213073441888726
sub-21	meta_metaphor	meta_L_IFG	yy	YY	word_label	yy_26	yy_26	26	0.36506886701254065
sub-21	meta_metaphor	meta_L_IFG	yy	YY	word_label	yy_17	yy_17	17	0.5381337532315442
sub-21	meta_metaphor	meta_L_IFG	yy	YY	word_label	yy_28	yy_28	28	-0.17790609035350932
sub-21	meta_metaphor	meta_L_IFG	yy	YY	word_label	yy_1	yy_1	1	0.12297514065991186
sub-21	meta_metaphor	meta_L_IFG	yy	YY	word_label	yy_19	yy_19	19	-0.062473896892784146
sub-21	meta_metaphor	meta_L_IFG	kj	KJ	word_label	kj_39	kj_39	39	0.3184218976135175
sub-21	meta_metaphor	meta_L_IFG	kj	KJ	word_label	kj_13	kj_13	13	0.5352947288438993
sub-21	meta_metaphor	meta_L_IFG	kj	KJ	word_label	kj_2	kj_2	2	0.24276038528403826
sub-21	meta_metaphor	meta_L_IFG	kj	KJ	word_label	kj_5	kj_5	5	-0.015740262514437966
sub-21	meta_metaphor	meta_L_IFG	kj	KJ	word_label	kj_3	kj_3	3	-0.0858463316058865
sub-21	meta_metaphor	meta_L_IFG	kj	KJ	word_label	kj_26	kj_26	26	0.2502430069658936
sub-21	meta_metaphor	meta_L_IFG	kj	KJ	word_label	kj_30	kj_30	30	0.22972640827646698
sub-21	meta_metaphor	meta_L_IFG	kj	KJ	word_label	kj_15	kj_15	15	-0.34632010307178374
sub-21	meta_metaphor	meta_L_IFG	kj	KJ	word_label	kj_20	kj_20	20	0.5659481048448689
sub-21	meta_metaphor	meta_L_IFG	kj	KJ	word_label	kj_25	kj_25	25	0.5035048871764126
sub-21	meta_metaphor	meta_L_IFG	kj	KJ	word_label	kj_7	kj_7	7	-0.06693520113727372
sub-21	meta_metaphor	meta_L_IFG	kj	KJ	word_label	kj_33	kj_33	33	0.24499393515235288
sub-21	meta_metaphor	meta_L_IFG	kj	KJ	word_label	kj_8	kj_8	8	0.15856499073348126
sub-21	meta_metaphor	meta_L_IFG	kj	KJ	word_label	kj_22	kj_22	22	-0.04991375477765231
sub-21	meta_metaphor	meta_L_IFG	kj	KJ	word_label	kj_31	kj_31	31	-0.05961148657748734
sub-21	meta_metaphor	meta_L_IFG	kj	KJ	word_label	kj_29	kj_29	29	-0.44259344063415373
sub-21	meta_metaphor	meta_L_IFG	kj	KJ	word_label	kj_12	kj_12	12	0.4898409715927806
sub-21	meta_metaphor	meta_L_IFG	kj	KJ	word_label	kj_17	kj_17	17	0.3559830421590864
sub-21	meta_metaphor	meta_L_IFG	kj	KJ	word_label	kj_10	kj_10	10	-0.38377680051031776
sub-21	meta_metaphor	meta_L_IFG	kj	KJ	word_label	kj_1	kj_1	1	-0.3556789476826492
sub-21	meta_metaphor	meta_L_IFG	kj	KJ	word_label	kj_6	kj_6	6	0.48420033693393494
sub-21	meta_metaphor	meta_L_IFG	kj	KJ	word_label	kj_34	kj_34	34	-3.10177232474538e-05
sub-21	meta_metaphor	meta_L_IFG	kj	KJ	word_label	kj_19	kj_19	19	0.34574907032297564
sub-21	meta_metaphor	meta_L_IFG	kj	KJ	word_label	kj_14	kj_14	14	0.24382145750166653
sub-21	meta_metaphor	meta_L_IFG	kj	KJ	word_label	kj_38	kj_38	38	0.03889794136622819
sub-21	meta_metaphor	meta_L_IFG	kj	KJ	word_label	kj_21	kj_21	21	0.10180608077721046
sub-21	meta_metaphor	meta_L_IFG	kj	KJ	word_label	kj_28	kj_28	28	0.3014689380285605
sub-21	meta_metaphor	meta_L_IFG	kj	KJ	word_label	kj_24	kj_24	24	0.035457409169801286
sub-21	meta_metaphor	meta_L_IFG	kj	KJ	word_label	kj_23	kj_23	23	0.22880824969577995
sub-21	meta_metaphor	meta_L_IFG	kj	KJ	word_label	kj_16	kj_16	16	0.26607979265601545
sub-21	meta_metaphor	meta_L_IFG	kj	KJ	word_label	kj_9	kj_9	9	-0.055252663667865
sub-21	meta_metaphor	meta_L_IFG	kj	KJ	word_label	kj_37	kj_37	37	0.1723857843903002
sub-21	meta_metaphor	meta_L_IFG	kj	KJ	word_label	kj_11	kj_11	11	-0.30700948092940106
sub-21	meta_metaphor	meta_L_IFG	kj	KJ	word_label	kj_27	kj_27	27	0.3126349349719947
sub-21	meta_metaphor	meta_L_IFG	kj	KJ	word_label	kj_36	kj_36	36	0.1784104194035491
sub-21	meta_metaphor	meta_L_pMTG_pSTS	yy	YY	word_label	yy_6	yy_6	6	-0.07275315349767847
sub-21	meta_metaphor	meta_L_pMTG_pSTS	yy	YY	word_label	yy_38	yy_38	38	0.3001964453243582
sub-21	meta_metaphor	meta_L_pMTG_pSTS	yy	YY	word_label	yy_10	yy_10	10	0.5193390381023022
sub-21	meta_metaphor	meta_L_pMTG_pSTS	yy	YY	word_label	yy_33	yy_33	33	0.4354796808324248
sub-21	meta_metaphor	meta_L_pMTG_pSTS	yy	YY	word_label	yy_32	yy_32	32	0.4227230794808253
sub-21	meta_metaphor	meta_L_pMTG_pSTS	yy	YY	word_label	yy_12	yy_12	12	-0.029167515726726673
sub-21	meta_metaphor	meta_L_pMTG_pSTS	yy	YY	word_label	yy_11	yy_11	11	0.39826974969626133
sub-21	meta_metaphor	meta_L_pMTG_pSTS	yy	YY	word_label	yy_2	yy_2	2	0.15863597561237763
sub-21	meta_metaphor	meta_L_pMTG_pSTS	yy	YY	word_label	yy_29	yy_29	29	-0.23812182521830227
sub-21	meta_metaphor	meta_L_pMTG_pSTS	yy	YY	word_label	yy_7	yy_7	7	0.31518390707568805
sub-21	meta_metaphor	meta_L_pMTG_pSTS	yy	YY	word_label	yy_18	yy_18	18	0.08050166772401977
sub-21	meta_metaphor	meta_L_pMTG_pSTS	yy	YY	word_label	yy_4	yy_4	4	0.3273969610583723
sub-21	meta_metaphor	meta_L_pMTG_pSTS	yy	YY	word_label	yy_15	yy_15	15	0.38610458345298815
sub-21	meta_metaphor	meta_L_pMTG_pSTS	yy	YY	word_label	yy_3	yy_3	3	-0.094773813135578
sub-21	meta_metaphor	meta_L_pMTG_pSTS	yy	YY	word_label	yy_22	yy_22	22	-0.051796173550456466
sub-21	meta_metaphor	meta_L_pMTG_pSTS	yy	YY	word_label	yy_39	yy_39	39	0.5963475473790208
sub-21	meta_metaphor	meta_L_pMTG_pSTS	yy	YY	word_label	yy_24	yy_24	24	0.22101106391229364
sub-21	meta_metaphor	meta_L_pMTG_pSTS	yy	YY	word_label	yy_21	yy_21	21	-0.08106621476379237
sub-21	meta_metaphor	meta_L_pMTG_pSTS	yy	YY	word_label	yy_36	yy_36	36	0.7226676006412983
sub-21	meta_metaphor	meta_L_pMTG_pSTS	yy	YY	word_label	yy_16	yy_16	16	-0.13333566843856573
sub-21	meta_metaphor	meta_L_pMTG_pSTS	yy	YY	word_label	yy_5	yy_5	5	-0.08471178021247924
sub-21	meta_metaphor	meta_L_pMTG_pSTS	yy	YY	word_label	yy_13	yy_13	13	0.32390587339506516
sub-21	meta_metaphor	meta_L_pMTG_pSTS	yy	YY	word_label	yy_37	yy_37	37	-0.23357193132327198
sub-21	meta_metaphor	meta_L_pMTG_pSTS	yy	YY	word_label	yy_23	yy_23	23	0.19076664098530394
sub-21	meta_metaphor	meta_L_pMTG_pSTS	yy	YY	word_label	yy_40	yy_40	40	-0.2013282170640672
sub-21	meta_metaphor	meta_L_pMTG_pSTS	yy	YY	word_label	yy_8	yy_8	8	-0.153094214838549
sub-21	meta_metaphor	meta_L_pMTG_pSTS	yy	YY	word_label	yy_14	yy_14	14	-0.12034764481074019
sub-21	meta_metaphor	meta_L_pMTG_pSTS	yy	YY	word_label	yy_9	yy_9	9	0.2948763715215135
sub-21	meta_metaphor	meta_L_pMTG_pSTS	yy	YY	word_label	yy_27	yy_27	27	-0.048257480535217466
sub-21	meta_metaphor	meta_L_pMTG_pSTS	yy	YY	word_label	yy_35	yy_35	35	0.21816362709327924
sub-21	meta_metaphor	meta_L_pMTG_pSTS	yy	YY	word_label	yy_26	yy_26	26	0.3701403729025878
sub-21	meta_metaphor	meta_L_pMTG_pSTS	yy	YY	word_label	yy_17	yy_17	17	0.40631368789596795
sub-21	meta_metaphor	meta_L_pMTG_pSTS	yy	YY	word_label	yy_28	yy_28	28	0.16799000916948703
sub-21	meta_metaphor	meta_L_pMTG_pSTS	yy	YY	word_label	yy_1	yy_1	1	0.328251779992089
sub-21	meta_metaphor	meta_L_pMTG_pSTS	yy	YY	word_label	yy_19	yy_19	19	0.07707563360959598
sub-21	meta_metaphor	meta_L_pMTG_pSTS	kj	KJ	word_label	kj_39	kj_39	39	0.38052420565247996
sub-21	meta_metaphor	meta_L_pMTG_pSTS	kj	KJ	word_label	kj_13	kj_13	13	0.7062940485824769
sub-21	meta_metaphor	meta_L_pMTG_pSTS	kj	KJ	word_label	kj_2	kj_2	2	0.5833907331807817
sub-21	meta_metaphor	meta_L_pMTG_pSTS	kj	KJ	word_label	kj_5	kj_5	5	0.1432520706730441
sub-21	meta_metaphor	meta_L_pMTG_pSTS	kj	KJ	word_label	kj_3	kj_3	3	-0.23334869981777356
sub-21	meta_metaphor	meta_L_pMTG_pSTS	kj	KJ	word_label	kj_26	kj_26	26	0.24826298427624602
sub-21	meta_metaphor	meta_L_pMTG_pSTS	kj	KJ	word_label	kj_30	kj_30	30	0.21471363396056614
sub-21	meta_metaphor	meta_L_pMTG_pSTS	kj	KJ	word_label	kj_15	kj_15	15	0.4550837547371487
sub-21	meta_metaphor	meta_L_pMTG_pSTS	kj	KJ	word_label	kj_20	kj_20	20	0.13376892392718207
sub-21	meta_metaphor	meta_L_pMTG_pSTS	kj	KJ	word_label	kj_25	kj_25	25	0.6600978247686317
sub-21	meta_metaphor	meta_L_pMTG_pSTS	kj	KJ	word_label	kj_7	kj_7	7	0.3405912473511346
sub-21	meta_metaphor	meta_L_pMTG_pSTS	kj	KJ	word_label	kj_33	kj_33	33	0.6772706467441675
sub-21	meta_metaphor	meta_L_pMTG_pSTS	kj	KJ	word_label	kj_8	kj_8	8	0.5464757498612434
sub-21	meta_metaphor	meta_L_pMTG_pSTS	kj	KJ	word_label	kj_22	kj_22	22	0.4000218969312245
sub-21	meta_metaphor	meta_L_pMTG_pSTS	kj	KJ	word_label	kj_31	kj_31	31	-0.18264363896494742
sub-21	meta_metaphor	meta_L_pMTG_pSTS	kj	KJ	word_label	kj_29	kj_29	29	-0.07159453855176875
sub-21	meta_metaphor	meta_L_pMTG_pSTS	kj	KJ	word_label	kj_12	kj_12	12	0.1355641110253155
sub-21	meta_metaphor	meta_L_pMTG_pSTS	kj	KJ	word_label	kj_17	kj_17	17	0.3989083587179772
sub-21	meta_metaphor	meta_L_pMTG_pSTS	kj	KJ	word_label	kj_10	kj_10	10	0.2635251070280547
sub-21	meta_metaphor	meta_L_pMTG_pSTS	kj	KJ	word_label	kj_1	kj_1	1	0.03666070331045007
sub-21	meta_metaphor	meta_L_pMTG_pSTS	kj	KJ	word_label	kj_6	kj_6	6	0.16277096898248167
sub-21	meta_metaphor	meta_L_pMTG_pSTS	kj	KJ	word_label	kj_34	kj_34	34	0.29479597650845435
sub-21	meta_metaphor	meta_L_pMTG_pSTS	kj	KJ	word_label	kj_19	kj_19	19	0.5078313435658477
sub-21	meta_metaphor	meta_L_pMTG_pSTS	kj	KJ	word_label	kj_14	kj_14	14	-0.2227108649246308
sub-21	meta_metaphor	meta_L_pMTG_pSTS	kj	KJ	word_label	kj_38	kj_38	38	0.2574414653676287
sub-21	meta_metaphor	meta_L_pMTG_pSTS	kj	KJ	word_label	kj_21	kj_21	21	-0.34990078716416234
sub-21	meta_metaphor	meta_L_pMTG_pSTS	kj	KJ	word_label	kj_28	kj_28	28	0.47681103033662475
sub-21	meta_metaphor	meta_L_pMTG_pSTS	kj	KJ	word_label	kj_24	kj_24	24	-0.28315066492379987
sub-21	meta_metaphor	meta_L_pMTG_pSTS	kj	KJ	word_label	kj_23	kj_23	23	0.22492369152127636
sub-21	meta_metaphor	meta_L_pMTG_pSTS	kj	KJ	word_label	kj_16	kj_16	16	0.5403360334929778
sub-21	meta_metaphor	meta_L_pMTG_pSTS	kj	KJ	word_label	kj_9	kj_9	9	0.05214236088145981
sub-21	meta_metaphor	meta_L_pMTG_pSTS	kj	KJ	word_label	kj_37	kj_37	37	0.06498279913117247
sub-21	meta_metaphor	meta_L_pMTG_pSTS	kj	KJ	word_label	kj_11	kj_11	11	0.3403394061158094
sub-21	meta_metaphor	meta_L_pMTG_pSTS	kj	KJ	word_label	kj_27	kj_27	27	0.032467409831296444
sub-21	meta_metaphor	meta_L_pMTG_pSTS	kj	KJ	word_label	kj_36	kj_36	36	0.6529249036098917
sub-21	meta_metaphor	meta_L_temporal_pole	yy	YY	word_label	yy_6	yy_6	6	-0.3778143122732803
sub-21	meta_metaphor	meta_L_temporal_pole	yy	YY	word_label	yy_38	yy_38	38	0.13188529347635128
sub-21	meta_metaphor	meta_L_temporal_pole	yy	YY	word_label	yy_10	yy_10	10	-0.08913897257246653
sub-21	meta_metaphor	meta_L_temporal_pole	yy	YY	word_label	yy_33	yy_33	33	0.7738989127419945
sub-21	meta_metaphor	meta_L_temporal_pole	yy	YY	word_label	yy_32	yy_32	32	0.5324377080686953
sub-21	meta_metaphor	meta_L_temporal_pole	yy	YY	word_label	yy_12	yy_12	12	-0.4571781239521375
sub-21	meta_metaphor	meta_L_temporal_pole	yy	YY	word_label	yy_11	yy_11	11	-0.47734273433574587
sub-21	meta_metaphor	meta_L_temporal_pole	yy	YY	word_label	yy_2	yy_2	2	0.2315065461627449
sub-21	meta_metaphor	meta_L_temporal_pole	yy	YY	word_label	yy_29	yy_29	29	-0.12135312847880772
sub-21	meta_metaphor	meta_L_temporal_pole	yy	YY	word_label	yy_7	yy_7	7	-0.41973055473070014
sub-21	meta_metaphor	meta_L_temporal_pole	yy	YY	word_label	yy_18	yy_18	18	-0.026204608140530914
sub-21	meta_metaphor	meta_L_temporal_pole	yy	YY	word_label	yy_4	yy_4	4	0.7798994865349468
sub-21	meta_metaphor	meta_L_temporal_pole	yy	YY	word_label	yy_15	yy_15	15	-0.8473772386527508
sub-21	meta_metaphor	meta_L_temporal_pole	yy	YY	word_label	yy_3	yy_3	3	0.4938251566307002
sub-21	meta_metaphor	meta_L_temporal_pole	yy	YY	word_label	yy_22	yy_22	22	0.36674062831491194
sub-21	meta_metaphor	meta_L_temporal_pole	yy	YY	word_label	yy_39	yy_39	39	-0.09057391861465307
sub-21	meta_metaphor	meta_L_temporal_pole	yy	YY	word_label	yy_24	yy_24	24	-0.0821125702207122
sub-21	meta_metaphor	meta_L_temporal_pole	yy	YY	word_label	yy_21	yy_21	21	-0.7250512147219927
sub-21	meta_metaphor	meta_L_temporal_pole	yy	YY	word_label	yy_36	yy_36	36	-0.1968023546573858
sub-21	meta_metaphor	meta_L_temporal_pole	yy	YY	word_label	yy_16	yy_16	16	0.8167054175139327
sub-21	meta_metaphor	meta_L_temporal_pole	yy	YY	word_label	yy_5	yy_5	5	-0.6516141425072133
sub-21	meta_metaphor	meta_L_temporal_pole	yy	YY	word_label	yy_13	yy_13	13	0.8216670514990296
sub-21	meta_metaphor	meta_L_temporal_pole	yy	YY	word_label	yy_37	yy_37	37	0.2663622213929031
sub-21	meta_metaphor	meta_L_temporal_pole	yy	YY	word_label	yy_23	yy_23	23	-0.4574805277353791
sub-21	meta_metaphor	meta_L_temporal_pole	yy	YY	word_label	yy_40	yy_40	40	-0.1434563413035038
sub-21	meta_metaphor	meta_L_temporal_pole	yy	YY	word_label	yy_8	yy_8	8	-0.3263625585786281
sub-21	meta_metaphor	meta_L_temporal_pole	yy	YY	word_label	yy_14	yy_14	14	-0.16317675192260078
sub-21	meta_metaphor	meta_L_temporal_pole	yy	YY	word_label	yy_9	yy_9	9	0.49194080699038684
sub-21	meta_metaphor	meta_L_temporal_pole	yy	YY	word_label	yy_27	yy_27	27	0.3012880544525604
sub-21	meta_metaphor	meta_L_temporal_pole	yy	YY	word_label	yy_35	yy_35	35	0.03376723280910497
sub-21	meta_metaphor	meta_L_temporal_pole	yy	YY	word_label	yy_26	yy_26	26	0.00041518396795439655
sub-21	meta_metaphor	meta_L_temporal_pole	yy	YY	word_label	yy_17	yy_17	17	0.046347043762871264
sub-21	meta_metaphor	meta_L_temporal_pole	yy	YY	word_label	yy_28	yy_28	28	0.46049027821035826
sub-21	meta_metaphor	meta_L_temporal_pole	yy	YY	word_label	yy_1	yy_1	1	-0.4564906224429799
sub-21	meta_metaphor	meta_L_temporal_pole	yy	YY	word_label	yy_19	yy_19	19	0.14801279270985382
sub-21	meta_metaphor	meta_L_temporal_pole	kj	KJ	word_label	kj_39	kj_39	39	0.1963200999414226
sub-21	meta_metaphor	meta_L_temporal_pole	kj	KJ	word_label	kj_13	kj_13	13	-0.6429530664245057
sub-21	meta_metaphor	meta_L_temporal_pole	kj	KJ	word_label	kj_2	kj_2	2	0.6917860289484337
sub-21	meta_metaphor	meta_L_temporal_pole	kj	KJ	word_label	kj_5	kj_5	5	0.07731108818157803
sub-21	meta_metaphor	meta_L_temporal_pole	kj	KJ	word_label	kj_3	kj_3	3	-0.6409897101885763
sub-21	meta_metaphor	meta_L_temporal_pole	kj	KJ	word_label	kj_26	kj_26	26	-0.7963570581140273
sub-21	meta_metaphor	meta_L_temporal_pole	kj	KJ	word_label	kj_30	kj_30	30	-0.13839957698640515
sub-21	meta_metaphor	meta_L_temporal_pole	kj	KJ	word_label	kj_15	kj_15	15	0.5955045524150425
sub-21	meta_metaphor	meta_L_temporal_pole	kj	KJ	word_label	kj_20	kj_20	20	-0.43171593398444874
sub-21	meta_metaphor	meta_L_temporal_pole	kj	KJ	word_label	kj_25	kj_25	25	0.2779974624205656
sub-21	meta_metaphor	meta_L_temporal_pole	kj	KJ	word_label	kj_7	kj_7	7	0.8102832454376679
sub-21	meta_metaphor	meta_L_temporal_pole	kj	KJ	word_label	kj_33	kj_33	33	0.8550019861794781
sub-21	meta_metaphor	meta_L_temporal_pole	kj	KJ	word_label	kj_8	kj_8	8	0.7076883633460275
sub-21	meta_metaphor	meta_L_temporal_pole	kj	KJ	word_label	kj_22	kj_22	22	-0.5558301365229477
sub-21	meta_metaphor	meta_L_temporal_pole	kj	KJ	word_label	kj_31	kj_31	31	0.18965304582670647
sub-21	meta_metaphor	meta_L_temporal_pole	kj	KJ	word_label	kj_29	kj_29	29	0.48451970256374194
sub-21	meta_metaphor	meta_L_temporal_pole	kj	KJ	word_label	kj_12	kj_12	12	-0.2697761759291543
sub-21	meta_metaphor	meta_L_temporal_pole	kj	KJ	word_label	kj_17	kj_17	17	0.8690634875489065
sub-21	meta_metaphor	meta_L_temporal_pole	kj	KJ	word_label	kj_10	kj_10	10	-0.7758696309564791
sub-21	meta_metaphor	meta_L_temporal_pole	kj	KJ	word_label	kj_1	kj_1	1	-0.11959356426012066
sub-21	meta_metaphor	meta_L_temporal_pole	kj	KJ	word_label	kj_6	kj_6	6	-0.1865880491124846
sub-21	meta_metaphor	meta_L_temporal_pole	kj	KJ	word_label	kj_34	kj_34	34	0.6766066211794025
sub-21	meta_metaphor	meta_L_temporal_pole	kj	KJ	word_label	kj_19	kj_19	19	-0.06529460878051087
sub-21	meta_metaphor	meta_L_temporal_pole	kj	KJ	word_label	kj_14	kj_14	14	-0.6590592234641973
sub-21	meta_metaphor	meta_L_temporal_pole	kj	KJ	word_label	kj_38	kj_38	38	-0.5087486910725293
sub-21	meta_metaphor	meta_L_temporal_pole	kj	KJ	word_label	kj_21	kj_21	21	0.06440205125741828
sub-21	meta_metaphor	meta_L_temporal_pole	kj	KJ	word_label	kj_28	kj_28	28	-0.7693924356205668
sub-21	meta_metaphor	meta_L_temporal_pole	kj	KJ	word_label	kj_24	kj_24	24	0.33813134567223624
sub-21	meta_metaphor	meta_L_temporal_pole	kj	KJ	word_label	kj_23	kj_23	23	0.12027852553922193
sub-21	meta_metaphor	meta_L_temporal_pole	kj	KJ	word_label	kj_16	kj_16	16	-0.05408805082270102
sub-21	meta_metaphor	meta_L_temporal_pole	kj	KJ	word_label	kj_9	kj_9	9	0.050579631138763424
sub-21	meta_metaphor	meta_L_temporal_pole	kj	KJ	word_label	kj_37	kj_37	37	-0.06187492485020557
sub-21	meta_metaphor	meta_L_temporal_pole	kj	KJ	word_label	kj_11	kj_11	11	0.2525954248111411
sub-21	meta_metaphor	meta_L_temporal_pole	kj	KJ	word_label	kj_27	kj_27	27	-0.4697057986741039
sub-21	meta_metaphor	meta_L_temporal_pole	kj	KJ	word_label	kj_36	kj_36	36	-0.5125504080998572
sub-21	meta_metaphor	meta_R_AG	yy	YY	word_label	yy_6	yy_6	6	0.5822706229083543
sub-21	meta_metaphor	meta_R_AG	yy	YY	word_label	yy_38	yy_38	38	0.18737185992101932
sub-21	meta_metaphor	meta_R_AG	yy	YY	word_label	yy_10	yy_10	10	0.6584728281164204
sub-21	meta_metaphor	meta_R_AG	yy	YY	word_label	yy_33	yy_33	33	-0.6222530511736022
sub-21	meta_metaphor	meta_R_AG	yy	YY	word_label	yy_32	yy_32	32	0.2747557914998536
sub-21	meta_metaphor	meta_R_AG	yy	YY	word_label	yy_12	yy_12	12	-0.36085156856876516
sub-21	meta_metaphor	meta_R_AG	yy	YY	word_label	yy_11	yy_11	11	-0.5002050436798984
sub-21	meta_metaphor	meta_R_AG	yy	YY	word_label	yy_2	yy_2	2	0.4116987476386837
sub-21	meta_metaphor	meta_R_AG	yy	YY	word_label	yy_29	yy_29	29	-0.4434211550887005
sub-21	meta_metaphor	meta_R_AG	yy	YY	word_label	yy_7	yy_7	7	0.30172558228274343
sub-21	meta_metaphor	meta_R_AG	yy	YY	word_label	yy_18	yy_18	18	-0.09530565143851423
sub-21	meta_metaphor	meta_R_AG	yy	YY	word_label	yy_4	yy_4	4	0.5662434584622976
sub-21	meta_metaphor	meta_R_AG	yy	YY	word_label	yy_15	yy_15	15	0.29564682716327856
sub-21	meta_metaphor	meta_R_AG	yy	YY	word_label	yy_3	yy_3	3	0.33974031812079936
sub-21	meta_metaphor	meta_R_AG	yy	YY	word_label	yy_22	yy_22	22	-0.29107799810417145
sub-21	meta_metaphor	meta_R_AG	yy	YY	word_label	yy_39	yy_39	39	-0.4101823759953126
sub-21	meta_metaphor	meta_R_AG	yy	YY	word_label	yy_24	yy_24	24	0.461736771492699
sub-21	meta_metaphor	meta_R_AG	yy	YY	word_label	yy_21	yy_21	21	0.5885254600021093
sub-21	meta_metaphor	meta_R_AG	yy	YY	word_label	yy_36	yy_36	36	0.49883339998595905
sub-21	meta_metaphor	meta_R_AG	yy	YY	word_label	yy_16	yy_16	16	0.6363453915700963
sub-21	meta_metaphor	meta_R_AG	yy	YY	word_label	yy_5	yy_5	5	-0.18842906251048575
sub-21	meta_metaphor	meta_R_AG	yy	YY	word_label	yy_13	yy_13	13	0.22825280540468287
sub-21	meta_metaphor	meta_R_AG	yy	YY	word_label	yy_37	yy_37	37	0.3253023545497843
sub-21	meta_metaphor	meta_R_AG	yy	YY	word_label	yy_23	yy_23	23	0.09607706310560232
sub-21	meta_metaphor	meta_R_AG	yy	YY	word_label	yy_40	yy_40	40	0.30117222290186796
sub-21	meta_metaphor	meta_R_AG	yy	YY	word_label	yy_8	yy_8	8	-0.23984058773541303
sub-21	meta_metaphor	meta_R_AG	yy	YY	word_label	yy_14	yy_14	14	-0.14399792408942275
sub-21	meta_metaphor	meta_R_AG	yy	YY	word_label	yy_9	yy_9	9	-0.09172860626286444
sub-21	meta_metaphor	meta_R_AG	yy	YY	word_label	yy_27	yy_27	27	-0.4453148308120253
sub-21	meta_metaphor	meta_R_AG	yy	YY	word_label	yy_35	yy_35	35	0.429472450709506
sub-21	meta_metaphor	meta_R_AG	yy	YY	word_label	yy_26	yy_26	26	0.04371965392137738
sub-21	meta_metaphor	meta_R_AG	yy	YY	word_label	yy_17	yy_17	17	-0.27821926900819
sub-21	meta_metaphor	meta_R_AG	yy	YY	word_label	yy_28	yy_28	28	0.5045428278938185
sub-21	meta_metaphor	meta_R_AG	yy	YY	word_label	yy_1	yy_1	1	-0.7014976435473688
sub-21	meta_metaphor	meta_R_AG	yy	YY	word_label	yy_19	yy_19	19	-0.5897153897567182
sub-21	meta_metaphor	meta_R_AG	kj	KJ	word_label	kj_39	kj_39	39	0.3816131962664217
sub-21	meta_metaphor	meta_R_AG	kj	KJ	word_label	kj_13	kj_13	13	0.33755094910149835
sub-21	meta_metaphor	meta_R_AG	kj	KJ	word_label	kj_2	kj_2	2	0.5834723120207914
sub-21	meta_metaphor	meta_R_AG	kj	KJ	word_label	kj_5	kj_5	5	0.2561118068208847
sub-21	meta_metaphor	meta_R_AG	kj	KJ	word_label	kj_3	kj_3	3	0.5917117163710889
sub-21	meta_metaphor	meta_R_AG	kj	KJ	word_label	kj_26	kj_26	26	0.46677136938969127
sub-21	meta_metaphor	meta_R_AG	kj	KJ	word_label	kj_30	kj_30	30	0.21714194826985425
sub-21	meta_metaphor	meta_R_AG	kj	KJ	word_label	kj_15	kj_15	15	-0.08540412909876961
sub-21	meta_metaphor	meta_R_AG	kj	KJ	word_label	kj_20	kj_20	20	0.08077831802104697
sub-21	meta_metaphor	meta_R_AG	kj	KJ	word_label	kj_25	kj_25	25	-0.7480302332352964
sub-21	meta_metaphor	meta_R_AG	kj	KJ	word_label	kj_7	kj_7	7	0.04392906738682264
sub-21	meta_metaphor	meta_R_AG	kj	KJ	word_label	kj_33	kj_33	33	0.4351106322783242
sub-21	meta_metaphor	meta_R_AG	kj	KJ	word_label	kj_8	kj_8	8	-0.36078093581565707
sub-21	meta_metaphor	meta_R_AG	kj	KJ	word_label	kj_22	kj_22	22	-0.2756883643547117
sub-21	meta_metaphor	meta_R_AG	kj	KJ	word_label	kj_31	kj_31	31	-0.15744371978564445
sub-21	meta_metaphor	meta_R_AG	kj	KJ	word_label	kj_29	kj_29	29	0.0860159395852529
sub-21	meta_metaphor	meta_R_AG	kj	KJ	word_label	kj_12	kj_12	12	-0.40559090925968755
sub-21	meta_metaphor	meta_R_AG	kj	KJ	word_label	kj_17	kj_17	17	0.3100197486083517
sub-21	meta_metaphor	meta_R_AG	kj	KJ	word_label	kj_10	kj_10	10	0.600397760424217
sub-21	meta_metaphor	meta_R_AG	kj	KJ	word_label	kj_1	kj_1	1	0.5913082653912501
sub-21	meta_metaphor	meta_R_AG	kj	KJ	word_label	kj_6	kj_6	6	0.18838904911417795
sub-21	meta_metaphor	meta_R_AG	kj	KJ	word_label	kj_34	kj_34	34	-0.36731591369373934
sub-21	meta_metaphor	meta_R_AG	kj	KJ	word_label	kj_19	kj_19	19	-0.3361192405097195
sub-21	meta_metaphor	meta_R_AG	kj	KJ	word_label	kj_14	kj_14	14	0.5044631057427464
sub-21	meta_metaphor	meta_R_AG	kj	KJ	word_label	kj_38	kj_38	38	0.44845602922037703
sub-21	meta_metaphor	meta_R_AG	kj	KJ	word_label	kj_21	kj_21	21	0.078007541001985
sub-21	meta_metaphor	meta_R_AG	kj	KJ	word_label	kj_28	kj_28	28	0.7760161800461322
sub-21	meta_metaphor	meta_R_AG	kj	KJ	word_label	kj_24	kj_24	24	-0.3089753640054429
sub-21	meta_metaphor	meta_R_AG	kj	KJ	word_label	kj_23	kj_23	23	-0.26445345080161414
sub-21	meta_metaphor	meta_R_AG	kj	KJ	word_label	kj_16	kj_16	16	-0.08234245975051153
sub-21	meta_metaphor	meta_R_AG	kj	KJ	word_label	kj_9	kj_9	9	-0.5334722695158294
sub-21	meta_metaphor	meta_R_AG	kj	KJ	word_label	kj_37	kj_37	37	0.5276298456795897
sub-21	meta_metaphor	meta_R_AG	kj	KJ	word_label	kj_11	kj_11	11	0.44560203825254957
sub-21	meta_metaphor	meta_R_AG	kj	KJ	word_label	kj_27	kj_27	27	-0.42893294989000924
sub-21	meta_metaphor	meta_R_AG	kj	KJ	word_label	kj_36	kj_36	36	0.44869517006346116
sub-21	meta_metaphor	meta_R_IFG	yy	YY	word_label	yy_6	yy_6	6	0.07270056793172254
sub-21	meta_metaphor	meta_R_IFG	yy	YY	word_label	yy_38	yy_38	38	0.15824103734931114
sub-21	meta_metaphor	meta_R_IFG	yy	YY	word_label	yy_10	yy_10	10	0.32052993344140657
sub-21	meta_metaphor	meta_R_IFG	yy	YY	word_label	yy_33	yy_33	33	-0.381015118535404
sub-21	meta_metaphor	meta_R_IFG	yy	YY	word_label	yy_32	yy_32	32	0.44849366443368965
sub-21	meta_metaphor	meta_R_IFG	yy	YY	word_label	yy_12	yy_12	12	0.2682249191810335
sub-21	meta_metaphor	meta_R_IFG	yy	YY	word_label	yy_11	yy_11	11	-0.42167373401912633
sub-21	meta_metaphor	meta_R_IFG	yy	YY	word_label	yy_2	yy_2	2	0.5789212750308843
sub-21	meta_metaphor	meta_R_IFG	yy	YY	word_label	yy_29	yy_29	29	0.6224072228995304
sub-21	meta_metaphor	meta_R_IFG	yy	YY	word_label	yy_7	yy_7	7	-0.13831831790988508
sub-21	meta_metaphor	meta_R_IFG	yy	YY	word_label	yy_18	yy_18	18	0.2454820418393644
sub-21	meta_metaphor	meta_R_IFG	yy	YY	word_label	yy_4	yy_4	4	-0.43709143240048254
sub-21	meta_metaphor	meta_R_IFG	yy	YY	word_label	yy_15	yy_15	15	-0.2972224314926319
sub-21	meta_metaphor	meta_R_IFG	yy	YY	word_label	yy_3	yy_3	3	-0.0017971280044556408
sub-21	meta_metaphor	meta_R_IFG	yy	YY	word_label	yy_22	yy_22	22	0.20126058292642915
sub-21	meta_metaphor	meta_R_IFG	yy	YY	word_label	yy_39	yy_39	39	0.4798211604643026
sub-21	meta_metaphor	meta_R_IFG	yy	YY	word_label	yy_24	yy_24	24	-0.24081562430673267
sub-21	meta_metaphor	meta_R_IFG	yy	YY	word_label	yy_21	yy_21	21	-0.21650037840306322
sub-21	meta_metaphor	meta_R_IFG	yy	YY	word_label	yy_36	yy_36	36	-0.2489059094819775
sub-21	meta_metaphor	meta_R_IFG	yy	YY	word_label	yy_16	yy_16	16	0.11144443637309683
sub-21	meta_metaphor	meta_R_IFG	yy	YY	word_label	yy_5	yy_5	5	-0.3332595884413517
sub-21	meta_metaphor	meta_R_IFG	yy	YY	word_label	yy_13	yy_13	13	-0.05637185951121304
sub-21	meta_metaphor	meta_R_IFG	yy	YY	word_label	yy_37	yy_37	37	0.565153271179182
sub-21	meta_metaphor	meta_R_IFG	yy	YY	word_label	yy_23	yy_23	23	-0.1390699074957631
sub-21	meta_metaphor	meta_R_IFG	yy	YY	word_label	yy_40	yy_40	40	0.039329018204386786
sub-21	meta_metaphor	meta_R_IFG	yy	YY	word_label	yy_8	yy_8	8	0.09782277364357315
sub-21	meta_metaphor	meta_R_IFG	yy	YY	word_label	yy_14	yy_14	14	0.0610474111331298
sub-21	meta_metaphor	meta_R_IFG	yy	YY	word_label	yy_9	yy_9	9	0.4237032010811872
sub-21	meta_metaphor	meta_R_IFG	yy	YY	word_label	yy_27	yy_27	27	0.30324031129792683
sub-21	meta_metaphor	meta_R_IFG	yy	YY	word_label	yy_35	yy_35	35	-0.16054450750821997
sub-21	meta_metaphor	meta_R_IFG	yy	YY	word_label	yy_26	yy_26	26	0.07026535311627959
sub-21	meta_metaphor	meta_R_IFG	yy	YY	word_label	yy_17	yy_17	17	-0.04791535870363939
sub-21	meta_metaphor	meta_R_IFG	yy	YY	word_label	yy_28	yy_28	28	0.6312614040030909
sub-21	meta_metaphor	meta_R_IFG	yy	YY	word_label	yy_1	yy_1	1	-0.07190000601554639
sub-21	meta_metaphor	meta_R_IFG	yy	YY	word_label	yy_19	yy_19	19	0.47419364708722217
sub-21	meta_metaphor	meta_R_IFG	kj	KJ	word_label	kj_39	kj_39	39	0.18124713617188845
sub-21	meta_metaphor	meta_R_IFG	kj	KJ	word_label	kj_13	kj_13	13	0.25443253228786217
sub-21	meta_metaphor	meta_R_IFG	kj	KJ	word_label	kj_2	kj_2	2	0.27850446131405376
sub-21	meta_metaphor	meta_R_IFG	kj	KJ	word_label	kj_5	kj_5	5	-0.23194034932617666
sub-21	meta_metaphor	meta_R_IFG	kj	KJ	word_label	kj_3	kj_3	3	-0.4718673478386354
sub-21	meta_metaphor	meta_R_IFG	kj	KJ	word_label	kj_26	kj_26	26	-0.3266012861013497
sub-21	meta_metaphor	meta_R_IFG	kj	KJ	word_label	kj_30	kj_30	30	-0.015341172475526755
sub-21	meta_metaphor	meta_R_IFG	kj	KJ	word_label	kj_15	kj_15	15	0.1524829682235831
sub-21	meta_metaphor	meta_R_IFG	kj	KJ	word_label	kj_20	kj_20	20	0.28151118734709535
sub-21	meta_metaphor	meta_R_IFG	kj	KJ	word_label	kj_25	kj_25	25	-0.19056152040716057
sub-21	meta_metaphor	meta_R_IFG	kj	KJ	word_label	kj_7	kj_7	7	-0.2715753251403568
sub-21	meta_metaphor	meta_R_IFG	kj	KJ	word_label	kj_33	kj_33	33	-0.2365942801679057
sub-21	meta_metaphor	meta_R_IFG	kj	KJ	word_label	kj_8	kj_8	8	-0.008180706947406599
sub-21	meta_metaphor	meta_R_IFG	kj	KJ	word_label	kj_22	kj_22	22	0.5693903213071534
sub-21	meta_metaphor	meta_R_IFG	kj	KJ	word_label	kj_31	kj_31	31	0.005221199624358466
sub-21	meta_metaphor	meta_R_IFG	kj	KJ	word_label	kj_29	kj_29	29	0.2811081924049646
sub-21	meta_metaphor	meta_R_IFG	kj	KJ	word_label	kj_12	kj_12	12	-0.35762898870925214
sub-21	meta_metaphor	meta_R_IFG	kj	KJ	word_label	kj_17	kj_17	17	-0.10483538515966388
sub-21	meta_metaphor	meta_R_IFG	kj	KJ	word_label	kj_10	kj_10	10	-0.5826836016212772
sub-21	meta_metaphor	meta_R_IFG	kj	KJ	word_label	kj_1	kj_1	1	0.32641098127165874
sub-21	meta_metaphor	meta_R_IFG	kj	KJ	word_label	kj_6	kj_6	6	0.5363991094926042
sub-21	meta_metaphor	meta_R_IFG	kj	KJ	word_label	kj_34	kj_34	34	-0.21483354227073156
sub-21	meta_metaphor	meta_R_IFG	kj	KJ	word_label	kj_19	kj_19	19	0.2699139742459991
sub-21	meta_metaphor	meta_R_IFG	kj	KJ	word_label	kj_14	kj_14	14	-0.12713247864743435
sub-21	meta_metaphor	meta_R_IFG	kj	KJ	word_label	kj_38	kj_38	38	0.34358545013593345
sub-21	meta_metaphor	meta_R_IFG	kj	KJ	word_label	kj_21	kj_21	21	0.022223854625752507
sub-21	meta_metaphor	meta_R_IFG	kj	KJ	word_label	kj_28	kj_28	28	-0.07806632004347931
sub-21	meta_metaphor	meta_R_IFG	kj	KJ	word_label	kj_24	kj_24	24	0.16121895546020687
sub-21	meta_metaphor	meta_R_IFG	kj	KJ	word_label	kj_23	kj_23	23	0.11764864862240397
sub-21	meta_metaphor	meta_R_IFG	kj	KJ	word_label	kj_16	kj_16	16	0.41851655365593227
sub-21	meta_metaphor	meta_R_IFG	kj	KJ	word_label	kj_9	kj_9	9	0.1870838271207308
sub-21	meta_metaphor	meta_R_IFG	kj	KJ	word_label	kj_37	kj_37	37	0.20592017632813078
sub-21	meta_metaphor	meta_R_IFG	kj	KJ	word_label	kj_11	kj_11	11	0.1561102389080395
sub-21	meta_metaphor	meta_R_IFG	kj	KJ	word_label	kj_27	kj_27	27	-0.20543970413478488
sub-21	meta_metaphor	meta_R_IFG	kj	KJ	word_label	kj_36	kj_36	36	0.6342149386099089
sub-21	meta_metaphor	meta_R_pMTG_pSTS	yy	YY	word_label	yy_6	yy_6	6	0.18717256889653824
sub-21	meta_metaphor	meta_R_pMTG_pSTS	yy	YY	word_label	yy_38	yy_38	38	0.39958989510813303
sub-21	meta_metaphor	meta_R_pMTG_pSTS	yy	YY	word_label	yy_10	yy_10	10	-0.26746074582237195
sub-21	meta_metaphor	meta_R_pMTG_pSTS	yy	YY	word_label	yy_33	yy_33	33	-0.5373170358646837
sub-21	meta_metaphor	meta_R_pMTG_pSTS	yy	YY	word_label	yy_32	yy_32	32	0.06999803138743527
sub-21	meta_metaphor	meta_R_pMTG_pSTS	yy	YY	word_label	yy_12	yy_12	12	0.0879766013874824
sub-21	meta_metaphor	meta_R_pMTG_pSTS	yy	YY	word_label	yy_11	yy_11	11	0.43542222867892777
sub-21	meta_metaphor	meta_R_pMTG_pSTS	yy	YY	word_label	yy_2	yy_2	2	-0.24299833750669197
sub-21	meta_metaphor	meta_R_pMTG_pSTS	yy	YY	word_label	yy_29	yy_29	29	-0.09842420416020334
sub-21	meta_metaphor	meta_R_pMTG_pSTS	yy	YY	word_label	yy_7	yy_7	7	-0.048438154636674766
sub-21	meta_metaphor	meta_R_pMTG_pSTS	yy	YY	word_label	yy_18	yy_18	18	-0.03277111520093228
sub-21	meta_metaphor	meta_R_pMTG_pSTS	yy	YY	word_label	yy_4	yy_4	4	-0.2297087631674042
sub-21	meta_metaphor	meta_R_pMTG_pSTS	yy	YY	word_label	yy_15	yy_15	15	0.015139973566953496
sub-21	meta_metaphor	meta_R_pMTG_pSTS	yy	YY	word_label	yy_3	yy_3	3	-0.019125833669067303
sub-21	meta_metaphor	meta_R_pMTG_pSTS	yy	YY	word_label	yy_22	yy_22	22	-0.34449057055735993
sub-21	meta_metaphor	meta_R_pMTG_pSTS	yy	YY	word_label	yy_39	yy_39	39	0.1415048221667294
sub-21	meta_metaphor	meta_R_pMTG_pSTS	yy	YY	word_label	yy_24	yy_24	24	-0.06681996693410173
sub-21	meta_metaphor	meta_R_pMTG_pSTS	yy	YY	word_label	yy_21	yy_21	21	-0.4167249485060848
sub-21	meta_metaphor	meta_R_pMTG_pSTS	yy	YY	word_label	yy_36	yy_36	36	0.06158166485676416
sub-21	meta_metaphor	meta_R_pMTG_pSTS	yy	YY	word_label	yy_16	yy_16	16	0.04174465260700214
sub-21	meta_metaphor	meta_R_pMTG_pSTS	yy	YY	word_label	yy_5	yy_5	5	0.2817954846483625
sub-21	meta_metaphor	meta_R_pMTG_pSTS	yy	YY	word_label	yy_13	yy_13	13	0.24654785160175854
sub-21	meta_metaphor	meta_R_pMTG_pSTS	yy	YY	word_label	yy_37	yy_37	37	-0.1731254796819665
sub-21	meta_metaphor	meta_R_pMTG_pSTS	yy	YY	word_label	yy_23	yy_23	23	-0.1276624036185663
sub-21	meta_metaphor	meta_R_pMTG_pSTS	yy	YY	word_label	yy_40	yy_40	40	0.12937321132696095
sub-21	meta_metaphor	meta_R_pMTG_pSTS	yy	YY	word_label	yy_8	yy_8	8	-0.002211642011411237
sub-21	meta_metaphor	meta_R_pMTG_pSTS	yy	YY	word_label	yy_14	yy_14	14	0.3156872012617034
sub-21	meta_metaphor	meta_R_pMTG_pSTS	yy	YY	word_label	yy_9	yy_9	9	-0.2606717089651352
sub-21	meta_metaphor	meta_R_pMTG_pSTS	yy	YY	word_label	yy_27	yy_27	27	0.01849445902960398
sub-21	meta_metaphor	meta_R_pMTG_pSTS	yy	YY	word_label	yy_35	yy_35	35	-0.2852055883897141
sub-21	meta_metaphor	meta_R_pMTG_pSTS	yy	YY	word_label	yy_26	yy_26	26	0.08755732908904043
sub-21	meta_metaphor	meta_R_pMTG_pSTS	yy	YY	word_label	yy_17	yy_17	17	0.45400885602167584
sub-21	meta_metaphor	meta_R_pMTG_pSTS	yy	YY	word_label	yy_28	yy_28	28	-0.0006931633000695512
sub-21	meta_metaphor	meta_R_pMTG_pSTS	yy	YY	word_label	yy_1	yy_1	1	-0.15807931945771003
sub-21	meta_metaphor	meta_R_pMTG_pSTS	yy	YY	word_label	yy_19	yy_19	19	0.08204353325648273
sub-21	meta_metaphor	meta_R_pMTG_pSTS	kj	KJ	word_label	kj_39	kj_39	39	0.17208435491160046
sub-21	meta_metaphor	meta_R_pMTG_pSTS	kj	KJ	word_label	kj_13	kj_13	13	0.236574626845689
sub-21	meta_metaphor	meta_R_pMTG_pSTS	kj	KJ	word_label	kj_2	kj_2	2	-0.08977642284009646
sub-21	meta_metaphor	meta_R_pMTG_pSTS	kj	KJ	word_label	kj_5	kj_5	5	-0.17676316154757907
sub-21	meta_metaphor	meta_R_pMTG_pSTS	kj	KJ	word_label	kj_3	kj_3	3	-0.12521161607354142
sub-21	meta_metaphor	meta_R_pMTG_pSTS	kj	KJ	word_label	kj_26	kj_26	26	0.5474669409423646
sub-21	meta_metaphor	meta_R_pMTG_pSTS	kj	KJ	word_label	kj_30	kj_30	30	-0.26789504296189837
sub-21	meta_metaphor	meta_R_pMTG_pSTS	kj	KJ	word_label	kj_15	kj_15	15	-0.13504613486849168
sub-21	meta_metaphor	meta_R_pMTG_pSTS	kj	KJ	word_label	kj_20	kj_20	20	0.18797745119705123
sub-21	meta_metaphor	meta_R_pMTG_pSTS	kj	KJ	word_label	kj_25	kj_25	25	0.11480646249766242
sub-21	meta_metaphor	meta_R_pMTG_pSTS	kj	KJ	word_label	kj_7	kj_7	7	0.20218302985105363
sub-21	meta_metaphor	meta_R_pMTG_pSTS	kj	KJ	word_label	kj_33	kj_33	33	-0.24660565278936628
sub-21	meta_metaphor	meta_R_pMTG_pSTS	kj	KJ	word_label	kj_8	kj_8	8	0.08158176276685136
sub-21	meta_metaphor	meta_R_pMTG_pSTS	kj	KJ	word_label	kj_22	kj_22	22	-0.12549809645584104
sub-21	meta_metaphor	meta_R_pMTG_pSTS	kj	KJ	word_label	kj_31	kj_31	31	-0.06839823170545938
sub-21	meta_metaphor	meta_R_pMTG_pSTS	kj	KJ	word_label	kj_29	kj_29	29	-0.25848815852197066
sub-21	meta_metaphor	meta_R_pMTG_pSTS	kj	KJ	word_label	kj_12	kj_12	12	0.013354809220970744
sub-21	meta_metaphor	meta_R_pMTG_pSTS	kj	KJ	word_label	kj_17	kj_17	17	-0.21947869372584655
sub-21	meta_metaphor	meta_R_pMTG_pSTS	kj	KJ	word_label	kj_10	kj_10	10	-0.31071549861917813
sub-21	meta_metaphor	meta_R_pMTG_pSTS	kj	KJ	word_label	kj_1	kj_1	1	0.005792464199315183
sub-21	meta_metaphor	meta_R_pMTG_pSTS	kj	KJ	word_label	kj_6	kj_6	6	0.012995797903630302
sub-21	meta_metaphor	meta_R_pMTG_pSTS	kj	KJ	word_label	kj_34	kj_34	34	0.14514029982862206
sub-21	meta_metaphor	meta_R_pMTG_pSTS	kj	KJ	word_label	kj_19	kj_19	19	0.07000736991401318
sub-21	meta_metaphor	meta_R_pMTG_pSTS	kj	KJ	word_label	kj_14	kj_14	14	-0.1903908614727745
sub-21	meta_metaphor	meta_R_pMTG_pSTS	kj	KJ	word_label	kj_38	kj_38	38	0.054115473552274064
sub-21	meta_metaphor	meta_R_pMTG_pSTS	kj	KJ	word_label	kj_21	kj_21	21	0.43703658434970083
sub-21	meta_metaphor	meta_R_pMTG_pSTS	kj	KJ	word_label	kj_28	kj_28	28	0.45847443623111817
sub-21	meta_metaphor	meta_R_pMTG_pSTS	kj	KJ	word_label	kj_24	kj_24	24	0.006366064115446573
sub-21	meta_metaphor	meta_R_pMTG_pSTS	kj	KJ	word_label	kj_23	kj_23	23	-0.0525485054763905
sub-21	meta_metaphor	meta_R_pMTG_pSTS	kj	KJ	word_label	kj_16	kj_16	16	0.36339640495253517
sub-21	meta_metaphor	meta_R_pMTG_pSTS	kj	KJ	word_label	kj_9	kj_9	9	0.07761040082644732
sub-21	meta_metaphor	meta_R_pMTG_pSTS	kj	KJ	word_label	kj_37	kj_37	37	-0.052396483643578004
sub-21	meta_metaphor	meta_R_pMTG_pSTS	kj	KJ	word_label	kj_11	kj_11	11	-0.060793406425995934
sub-21	meta_metaphor	meta_R_pMTG_pSTS	kj	KJ	word_label	kj_27	kj_27	27	-0.010192480959520505
sub-21	meta_metaphor	meta_R_pMTG_pSTS	kj	KJ	word_label	kj_36	kj_36	36	0.32428378744236186
sub-21	meta_metaphor	meta_R_temporal_pole	yy	YY	word_label	yy_6	yy_6	6	-0.11300395115270535
sub-21	meta_metaphor	meta_R_temporal_pole	yy	YY	word_label	yy_38	yy_38	38	0.0007838327047721444
sub-21	meta_metaphor	meta_R_temporal_pole	yy	YY	word_label	yy_10	yy_10	10	-0.06542874381566982
sub-21	meta_metaphor	meta_R_temporal_pole	yy	YY	word_label	yy_33	yy_33	33	0.005149948584605211
sub-21	meta_metaphor	meta_R_temporal_pole	yy	YY	word_label	yy_32	yy_32	32	-0.05240529697938942
sub-21	meta_metaphor	meta_R_temporal_pole	yy	YY	word_label	yy_12	yy_12	12	-0.05430233128646077
sub-21	meta_metaphor	meta_R_temporal_pole	yy	YY	word_label	yy_11	yy_11	11	-0.015269932196725176
sub-21	meta_metaphor	meta_R_temporal_pole	yy	YY	word_label	yy_2	yy_2	2	-0.028437552793644353
sub-21	meta_metaphor	meta_R_temporal_pole	yy	YY	word_label	yy_29	yy_29	29	0.05837676204612021
sub-21	meta_metaphor	meta_R_temporal_pole	yy	YY	word_label	yy_7	yy_7	7	0.09471480406721526
sub-21	meta_metaphor	meta_R_temporal_pole	yy	YY	word_label	yy_18	yy_18	18	0.02834054360773513
sub-21	meta_metaphor	meta_R_temporal_pole	yy	YY	word_label	yy_4	yy_4	4	-0.011286820748713101
sub-21	meta_metaphor	meta_R_temporal_pole	yy	YY	word_label	yy_15	yy_15	15	-0.022882149706861865
sub-21	meta_metaphor	meta_R_temporal_pole	yy	YY	word_label	yy_3	yy_3	3	-0.046074604697300243
sub-21	meta_metaphor	meta_R_temporal_pole	yy	YY	word_label	yy_22	yy_22	22	-2.8594339668424753e-05
sub-21	meta_metaphor	meta_R_temporal_pole	yy	YY	word_label	yy_39	yy_39	39	0.006336978983963488
sub-21	meta_metaphor	meta_R_temporal_pole	yy	YY	word_label	yy_24	yy_24	24	-0.022015780251611623
sub-21	meta_metaphor	meta_R_temporal_pole	yy	YY	word_label	yy_21	yy_21	21	-0.053427785637197314
sub-21	meta_metaphor	meta_R_temporal_pole	yy	YY	word_label	yy_36	yy_36	36	-0.016895229417283636
sub-21	meta_metaphor	meta_R_temporal_pole	yy	YY	word_label	yy_16	yy_16	16	-0.01371066739422329
sub-21	meta_metaphor	meta_R_temporal_pole	yy	YY	word_label	yy_5	yy_5	5	-0.043491854091689604
sub-21	meta_metaphor	meta_R_temporal_pole	yy	YY	word_label	yy_13	yy_13	13	0.04198424049055598
sub-21	meta_metaphor	meta_R_temporal_pole	yy	YY	word_label	yy_37	yy_37	37	0.014443396319813385
sub-21	meta_metaphor	meta_R_temporal_pole	yy	YY	word_label	yy_23	yy_23	23	-0.01322109061959166
sub-21	meta_metaphor	meta_R_temporal_pole	yy	YY	word_label	yy_40	yy_40	40	-0.004372500434394419
sub-21	meta_metaphor	meta_R_temporal_pole	yy	YY	word_label	yy_8	yy_8	8	0.016049744780388852
sub-21	meta_metaphor	meta_R_temporal_pole	yy	YY	word_label	yy_14	yy_14	14	0.019252985346176293
sub-21	meta_metaphor	meta_R_temporal_pole	yy	YY	word_label	yy_9	yy_9	9	0.01025877969002595
sub-21	meta_metaphor	meta_R_temporal_pole	yy	YY	word_label	yy_27	yy_27	27	0.07206199188207159
sub-21	meta_metaphor	meta_R_temporal_pole	yy	YY	word_label	yy_35	yy_35	35	-0.05914901492038265
sub-21	meta_metaphor	meta_R_temporal_pole	yy	YY	word_label	yy_26	yy_26	26	0.02089866803100302
sub-21	meta_metaphor	meta_R_temporal_pole	yy	YY	word_label	yy_17	yy_17	17	0.007221467494737978
sub-21	meta_metaphor	meta_R_temporal_pole	yy	YY	word_label	yy_28	yy_28	28	-0.031410498673761056
sub-21	meta_metaphor	meta_R_temporal_pole	yy	YY	word_label	yy_1	yy_1	1	-0.035494848983698875
sub-21	meta_metaphor	meta_R_temporal_pole	yy	YY	word_label	yy_19	yy_19	19	-0.05954740689564243
sub-21	meta_metaphor	meta_R_temporal_pole	kj	KJ	word_label	kj_39	kj_39	39	-0.020071651337555
sub-21	meta_metaphor	meta_R_temporal_pole	kj	KJ	word_label	kj_13	kj_13	13	-0.04627636624743935
sub-21	meta_metaphor	meta_R_temporal_pole	kj	KJ	word_label	kj_2	kj_2	2	-0.0113486363823465
sub-21	meta_metaphor	meta_R_temporal_pole	kj	KJ	word_label	kj_5	kj_5	5	-0.005994820243529949
sub-21	meta_metaphor	meta_R_temporal_pole	kj	KJ	word_label	kj_3	kj_3	3	-0.039481155441757225
sub-21	meta_metaphor	meta_R_temporal_pole	kj	KJ	word_label	kj_26	kj_26	26	-0.02653766919456295
sub-21	meta_metaphor	meta_R_temporal_pole	kj	KJ	word_label	kj_30	kj_30	30	-0.12435299968108665
sub-21	meta_metaphor	meta_R_temporal_pole	kj	KJ	word_label	kj_15	kj_15	15	-0.028264035598552808
sub-21	meta_metaphor	meta_R_temporal_pole	kj	KJ	word_label	kj_20	kj_20	20	-0.004139683496272838
sub-21	meta_metaphor	meta_R_temporal_pole	kj	KJ	word_label	kj_25	kj_25	25	0.014097611988228464
sub-21	meta_metaphor	meta_R_temporal_pole	kj	KJ	word_label	kj_7	kj_7	7	-0.015128748142604065
sub-21	meta_metaphor	meta_R_temporal_pole	kj	KJ	word_label	kj_33	kj_33	33	-0.0008844041624828744
sub-21	meta_metaphor	meta_R_temporal_pole	kj	KJ	word_label	kj_8	kj_8	8	-0.035226646582900964
sub-21	meta_metaphor	meta_R_temporal_pole	kj	KJ	word_label	kj_22	kj_22	22	-0.01372690798004102
sub-21	meta_metaphor	meta_R_temporal_pole	kj	KJ	word_label	kj_31	kj_31	31	-0.021981264982266546
sub-21	meta_metaphor	meta_R_temporal_pole	kj	KJ	word_label	kj_29	kj_29	29	-0.046083392192191
sub-21	meta_metaphor	meta_R_temporal_pole	kj	KJ	word_label	kj_12	kj_12	12	-0.014478430441348092
sub-21	meta_metaphor	meta_R_temporal_pole	kj	KJ	word_label	kj_17	kj_17	17	-0.001838966226889823
sub-21	meta_metaphor	meta_R_temporal_pole	kj	KJ	word_label	kj_10	kj_10	10	-0.007962927881773565
sub-21	meta_metaphor	meta_R_temporal_pole	kj	KJ	word_label	kj_1	kj_1	1	0.007398607031426461
sub-21	meta_metaphor	meta_R_temporal_pole	kj	KJ	word_label	kj_6	kj_6	6	-0.04417954153025399
sub-21	meta_metaphor	meta_R_temporal_pole	kj	KJ	word_label	kj_34	kj_34	34	-0.027376340685770544
sub-21	meta_metaphor	meta_R_temporal_pole	kj	KJ	word_label	kj_19	kj_19	19	-0.02509871015888125
sub-21	meta_metaphor	meta_R_temporal_pole	kj	KJ	word_label	kj_14	kj_14	14	-6.675382938678298e-05
sub-21	meta_metaphor	meta_R_temporal_pole	kj	KJ	word_label	kj_38	kj_38	38	-0.028718412404372062
sub-21	meta_metaphor	meta_R_temporal_pole	kj	KJ	word_label	kj_21	kj_21	21	-0.08761239064809347
sub-21	meta_metaphor	meta_R_temporal_pole	kj	KJ	word_label	kj_28	kj_28	28	0.027419321221150688
sub-21	meta_metaphor	meta_R_temporal_pole	kj	KJ	word_label	kj_24	kj_24	24	-0.0895395849232636
sub-21	meta_metaphor	meta_R_temporal_pole	kj	KJ	word_label	kj_23	kj_23	23	-0.049619521577105835
sub-21	meta_metaphor	meta_R_temporal_pole	kj	KJ	word_label	kj_16	kj_16	16	-0.01559263474355172
sub-21	meta_metaphor	meta_R_temporal_pole	kj	KJ	word_label	kj_9	kj_9	9	-0.0029339271238520747
sub-21	meta_metaphor	meta_R_temporal_pole	kj	KJ	word_label	kj_37	kj_37	37	0.012189388516325108
sub-21	meta_metaphor	meta_R_temporal_pole	kj	KJ	word_label	kj_11	kj_11	11	0.0027021075128315416
sub-21	meta_metaphor	meta_R_temporal_pole	kj	KJ	word_label	kj_27	kj_27	27	-0.02300480119661309
sub-21	meta_metaphor	meta_R_temporal_pole	kj	KJ	word_label	kj_36	kj_36	36	-0.018343411359332335
sub-22	meta_metaphor	meta_L_AG	yy	YY	word_label	yy_27	yy_27	27	0.5183174736727272
sub-22	meta_metaphor	meta_L_AG	yy	YY	word_label	yy_37	yy_37	37	-0.24135064836471903
sub-22	meta_metaphor	meta_L_AG	yy	YY	word_label	yy_10	yy_10	10	0.011396025914054189
sub-22	meta_metaphor	meta_L_AG	yy	YY	word_label	yy_15	yy_15	15	0.6965697589687496
sub-22	meta_metaphor	meta_L_AG	yy	YY	word_label	yy_24	yy_24	24	0.18140104909151405
sub-22	meta_metaphor	meta_L_AG	yy	YY	word_label	yy_14	yy_14	14	-0.26899676001764294
sub-22	meta_metaphor	meta_L_AG	yy	YY	word_label	yy_17	yy_17	17	0.33226976637189914
sub-22	meta_metaphor	meta_L_AG	yy	YY	word_label	yy_3	yy_3	3	-0.05765559152563095
sub-22	meta_metaphor	meta_L_AG	yy	YY	word_label	yy_1	yy_1	1	0.15223588657147902
sub-22	meta_metaphor	meta_L_AG	yy	YY	word_label	yy_11	yy_11	11	-0.024440671224775085
sub-22	meta_metaphor	meta_L_AG	yy	YY	word_label	yy_22	yy_22	22	-0.15824618255615588
sub-22	meta_metaphor	meta_L_AG	yy	YY	word_label	yy_23	yy_23	23	-0.4097124055779971
sub-22	meta_metaphor	meta_L_AG	yy	YY	word_label	yy_4	yy_4	4	0.311374340067252
sub-22	meta_metaphor	meta_L_AG	yy	YY	word_label	yy_13	yy_13	13	-0.29594754937232803
sub-22	meta_metaphor	meta_L_AG	yy	YY	word_label	yy_16	yy_16	16	0.6240133356615812
sub-22	meta_metaphor	meta_L_AG	yy	YY	word_label	yy_35	yy_35	35	0.4128380502372268
sub-22	meta_metaphor	meta_L_AG	yy	YY	word_label	yy_9	yy_9	9	-0.1953484067506971
sub-22	meta_metaphor	meta_L_AG	yy	YY	word_label	yy_29	yy_29	29	0.40695381646507883
sub-22	meta_metaphor	meta_L_AG	yy	YY	word_label	yy_40	yy_40	40	0.572465767291924
sub-22	meta_metaphor	meta_L_AG	yy	YY	word_label	yy_33	yy_33	33	-0.08469758160682292
sub-22	meta_metaphor	meta_L_AG	yy	YY	word_label	yy_12	yy_12	12	-0.5125905693734631
sub-22	meta_metaphor	meta_L_AG	yy	YY	word_label	yy_28	yy_28	28	-0.18769175153060993
sub-22	meta_metaphor	meta_L_AG	yy	YY	word_label	yy_18	yy_18	18	-0.16610467931355533
sub-22	meta_metaphor	meta_L_AG	yy	YY	word_label	yy_26	yy_26	26	0.3215815292473517
sub-22	meta_metaphor	meta_L_AG	yy	YY	word_label	yy_39	yy_39	39	-0.3793883276795503
sub-22	meta_metaphor	meta_L_AG	yy	YY	word_label	yy_2	yy_2	2	0.17196860981644344
sub-22	meta_metaphor	meta_L_AG	yy	YY	word_label	yy_32	yy_32	32	0.023119737768517935
sub-22	meta_metaphor	meta_L_AG	yy	YY	word_label	yy_19	yy_19	19	-0.22017122894135407
sub-22	meta_metaphor	meta_L_AG	yy	YY	word_label	yy_6	yy_6	6	-0.07172708999258004
sub-22	meta_metaphor	meta_L_AG	yy	YY	word_label	yy_36	yy_36	36	0.006534373705340918
sub-22	meta_metaphor	meta_L_AG	yy	YY	word_label	yy_8	yy_8	8	0.20671547496921286
sub-22	meta_metaphor	meta_L_AG	yy	YY	word_label	yy_5	yy_5	5	0.6174886180975097
sub-22	meta_metaphor	meta_L_AG	yy	YY	word_label	yy_21	yy_21	21	-0.1334879767221527
sub-22	meta_metaphor	meta_L_AG	yy	YY	word_label	yy_38	yy_38	38	0.2775510376662393
sub-22	meta_metaphor	meta_L_AG	yy	YY	word_label	yy_7	yy_7	7	0.48035746966161813
sub-22	meta_metaphor	meta_L_AG	kj	KJ	word_label	kj_12	kj_12	12	-0.16096114902092104
sub-22	meta_metaphor	meta_L_AG	kj	KJ	word_label	kj_5	kj_5	5	-0.27825704114079136
sub-22	meta_metaphor	meta_L_AG	kj	KJ	word_label	kj_10	kj_10	10	-0.16917401936893037
sub-22	meta_metaphor	meta_L_AG	kj	KJ	word_label	kj_7	kj_7	7	0.11886787715432341
sub-22	meta_metaphor	meta_L_AG	kj	KJ	word_label	kj_39	kj_39	39	-0.506943488402632
sub-22	meta_metaphor	meta_L_AG	kj	KJ	word_label	kj_30	kj_30	30	0.5120539964286968
sub-22	meta_metaphor	meta_L_AG	kj	KJ	word_label	kj_28	kj_28	28	-0.3204350744860868
sub-22	meta_metaphor	meta_L_AG	kj	KJ	word_label	kj_22	kj_22	22	-0.021413442739711554
sub-22	meta_metaphor	meta_L_AG	kj	KJ	word_label	kj_26	kj_26	26	-0.04037584790896284
sub-22	meta_metaphor	meta_L_AG	kj	KJ	word_label	kj_17	kj_17	17	0.11065483669234055
sub-22	meta_metaphor	meta_L_AG	kj	KJ	word_label	kj_3	kj_3	3	-0.17332072851932684
sub-22	meta_metaphor	meta_L_AG	kj	KJ	word_label	kj_21	kj_21	21	0.3269514200907136
sub-22	meta_metaphor	meta_L_AG	kj	KJ	word_label	kj_1	kj_1	1	-0.17624081233196578
sub-22	meta_metaphor	meta_L_AG	kj	KJ	word_label	kj_15	kj_15	15	0.3997194557485462
sub-22	meta_metaphor	meta_L_AG	kj	KJ	word_label	kj_24	kj_24	24	-0.4317782385416397
sub-22	meta_metaphor	meta_L_AG	kj	KJ	word_label	kj_29	kj_29	29	0.28842776088677397
sub-22	meta_metaphor	meta_L_AG	kj	KJ	word_label	kj_8	kj_8	8	0.19525327126535102
sub-22	meta_metaphor	meta_L_AG	kj	KJ	word_label	kj_6	kj_6	6	0.4636704426464592
sub-22	meta_metaphor	meta_L_AG	kj	KJ	word_label	kj_13	kj_13	13	0.42928108052893876
sub-22	meta_metaphor	meta_L_AG	kj	KJ	word_label	kj_14	kj_14	14	0.538093397291347
sub-22	meta_metaphor	meta_L_AG	kj	KJ	word_label	kj_38	kj_38	38	0.14424776057169977
sub-22	meta_metaphor	meta_L_AG	kj	KJ	word_label	kj_31	kj_31	31	0.2558093453472961
sub-22	meta_metaphor	meta_L_AG	kj	KJ	word_label	kj_2	kj_2	2	-0.1611295113198847
sub-22	meta_metaphor	meta_L_AG	kj	KJ	word_label	kj_25	kj_25	25	-0.054983581146614655
sub-22	meta_metaphor	meta_L_AG	kj	KJ	word_label	kj_20	kj_20	20	0.3623009021151422
sub-22	meta_metaphor	meta_L_AG	kj	KJ	word_label	kj_23	kj_23	23	0.15475079038890266
sub-22	meta_metaphor	meta_L_AG	kj	KJ	word_label	kj_34	kj_34	34	-0.5067961606098829
sub-22	meta_metaphor	meta_L_AG	kj	KJ	word_label	kj_9	kj_9	9	0.0351404047062902
sub-22	meta_metaphor	meta_L_AG	kj	KJ	word_label	kj_36	kj_36	36	0.21386854981829592
sub-22	meta_metaphor	meta_L_AG	kj	KJ	word_label	kj_16	kj_16	16	-0.1266332094305699
sub-22	meta_metaphor	meta_L_AG	kj	KJ	word_label	kj_19	kj_19	19	0.5606620800784319
sub-22	meta_metaphor	meta_L_AG	kj	KJ	word_label	kj_37	kj_37	37	0.026535920127552265
sub-22	meta_metaphor	meta_L_AG	kj	KJ	word_label	kj_27	kj_27	27	0.3956323619258363
sub-22	meta_metaphor	meta_L_AG	kj	KJ	word_label	kj_33	kj_33	33	-0.11772194694267077
sub-22	meta_metaphor	meta_L_AG	kj	KJ	word_label	kj_11	kj_11	11	0.5917869749941598
sub-22	meta_metaphor	meta_L_IFG	yy	YY	word_label	yy_27	yy_27	27	0.8881224640374867
sub-22	meta_metaphor	meta_L_IFG	yy	YY	word_label	yy_37	yy_37	37	0.0979787586465796
sub-22	meta_metaphor	meta_L_IFG	yy	YY	word_label	yy_10	yy_10	10	0.5987197174341091
sub-22	meta_metaphor	meta_L_IFG	yy	YY	word_label	yy_15	yy_15	15	0.1339343617666136
sub-22	meta_metaphor	meta_L_IFG	yy	YY	word_label	yy_24	yy_24	24	0.8634882707668161
sub-22	meta_metaphor	meta_L_IFG	yy	YY	word_label	yy_14	yy_14	14	0.017609015288061775
sub-22	meta_metaphor	meta_L_IFG	yy	YY	word_label	yy_17	yy_17	17	0.9051069559059383
sub-22	meta_metaphor	meta_L_IFG	yy	YY	word_label	yy_3	yy_3	3	0.1851205616347276
sub-22	meta_metaphor	meta_L_IFG	yy	YY	word_label	yy_1	yy_1	1	0.27211661684527444
sub-22	meta_metaphor	meta_L_IFG	yy	YY	word_label	yy_11	yy_11	11	-0.5767581786739627
sub-22	meta_metaphor	meta_L_IFG	yy	YY	word_label	yy_22	yy_22	22	-0.06409156826538183
sub-22	meta_metaphor	meta_L_IFG	yy	YY	word_label	yy_23	yy_23	23	0.6900454214180236
sub-22	meta_metaphor	meta_L_IFG	yy	YY	word_label	yy_4	yy_4	4	0.5405643781724784
sub-22	meta_metaphor	meta_L_IFG	yy	YY	word_label	yy_13	yy_13	13	-0.28841569049922744
sub-22	meta_metaphor	meta_L_IFG	yy	YY	word_label	yy_16	yy_16	16	0.8959313306198764
sub-22	meta_metaphor	meta_L_IFG	yy	YY	word_label	yy_35	yy_35	35	0.9256716160702785
sub-22	meta_metaphor	meta_L_IFG	yy	YY	word_label	yy_9	yy_9	9	-0.16037457726984836
sub-22	meta_metaphor	meta_L_IFG	yy	YY	word_label	yy_29	yy_29	29	0.9412718930708458
sub-22	meta_metaphor	meta_L_IFG	yy	YY	word_label	yy_40	yy_40	40	0.931469117660998
sub-22	meta_metaphor	meta_L_IFG	yy	YY	word_label	yy_33	yy_33	33	-0.7526047179838263
sub-22	meta_metaphor	meta_L_IFG	yy	YY	word_label	yy_12	yy_12	12	-0.13729770428847712
sub-22	meta_metaphor	meta_L_IFG	yy	YY	word_label	yy_28	yy_28	28	0.27226923728285585
sub-22	meta_metaphor	meta_L_IFG	yy	YY	word_label	yy_18	yy_18	18	0.8517398985100989
sub-22	meta_metaphor	meta_L_IFG	yy	YY	word_label	yy_26	yy_26	26	0.8497391128908823
sub-22	meta_metaphor	meta_L_IFG	yy	YY	word_label	yy_39	yy_39	39	-0.7255853292759282
sub-22	meta_metaphor	meta_L_IFG	yy	YY	word_label	yy_2	yy_2	2	-0.477917362916737
sub-22	meta_metaphor	meta_L_IFG	yy	YY	word_label	yy_32	yy_32	32	-0.9107813975298419
sub-22	meta_metaphor	meta_L_IFG	yy	YY	word_label	yy_19	yy_19	19	-0.060322023598457813
sub-22	meta_metaphor	meta_L_IFG	yy	YY	word_label	yy_6	yy_6	6	0.9018885148973224
sub-22	meta_metaphor	meta_L_IFG	yy	YY	word_label	yy_36	yy_36	36	0.8886161376206932
sub-22	meta_metaphor	meta_L_IFG	yy	YY	word_label	yy_8	yy_8	8	0.5281293370164923
sub-22	meta_metaphor	meta_L_IFG	yy	YY	word_label	yy_5	yy_5	5	0.8473613288287373
sub-22	meta_metaphor	meta_L_IFG	yy	YY	word_label	yy_21	yy_21	21	0.7711987394410471
sub-22	meta_metaphor	meta_L_IFG	yy	YY	word_label	yy_38	yy_38	38	0.9138822879964055
sub-22	meta_metaphor	meta_L_IFG	yy	YY	word_label	yy_7	yy_7	7	0.5881150564747682
sub-22	meta_metaphor	meta_L_IFG	kj	KJ	word_label	kj_12	kj_12	12	0.6548073817925802
sub-22	meta_metaphor	meta_L_IFG	kj	KJ	word_label	kj_5	kj_5	5	-0.5062648833345982
sub-22	meta_metaphor	meta_L_IFG	kj	KJ	word_label	kj_10	kj_10	10	-0.6707744407062776
sub-22	meta_metaphor	meta_L_IFG	kj	KJ	word_label	kj_7	kj_7	7	-0.43782028703762704
sub-22	meta_metaphor	meta_L_IFG	kj	KJ	word_label	kj_39	kj_39	39	0.8415059222143617
sub-22	meta_metaphor	meta_L_IFG	kj	KJ	word_label	kj_30	kj_30	30	0.8640868266105624
sub-22	meta_metaphor	meta_L_IFG	kj	KJ	word_label	kj_28	kj_28	28	-0.6303099138113115
sub-22	meta_metaphor	meta_L_IFG	kj	KJ	word_label	kj_22	kj_22	22	0.915256962750847
sub-22	meta_metaphor	meta_L_IFG	kj	KJ	word_label	kj_26	kj_26	26	0.9222514280615015
sub-22	meta_metaphor	meta_L_IFG	kj	KJ	word_label	kj_17	kj_17	17	-0.5455544682894182
sub-22	meta_metaphor	meta_L_IFG	kj	KJ	word_label	kj_3	kj_3	3	0.7750063556949605
sub-22	meta_metaphor	meta_L_IFG	kj	KJ	word_label	kj_21	kj_21	21	0.7212248205258208
sub-22	meta_metaphor	meta_L_IFG	kj	KJ	word_label	kj_1	kj_1	1	0.8549835761648265
sub-22	meta_metaphor	meta_L_IFG	kj	KJ	word_label	kj_15	kj_15	15	0.31260039679753726
sub-22	meta_metaphor	meta_L_IFG	kj	KJ	word_label	kj_24	kj_24	24	0.34915062867809116
sub-22	meta_metaphor	meta_L_IFG	kj	KJ	word_label	kj_29	kj_29	29	-0.11849545734182403
sub-22	meta_metaphor	meta_L_IFG	kj	KJ	word_label	kj_8	kj_8	8	0.7779988287981817
sub-22	meta_metaphor	meta_L_IFG	kj	KJ	word_label	kj_6	kj_6	6	0.7607680918349833
sub-22	meta_metaphor	meta_L_IFG	kj	KJ	word_label	kj_13	kj_13	13	-0.6498063977331304
sub-22	meta_metaphor	meta_L_IFG	kj	KJ	word_label	kj_14	kj_14	14	0.5352667423217249
sub-22	meta_metaphor	meta_L_IFG	kj	KJ	word_label	kj_38	kj_38	38	0.8761419301682759
sub-22	meta_metaphor	meta_L_IFG	kj	KJ	word_label	kj_31	kj_31	31	0.8357109342432001
sub-22	meta_metaphor	meta_L_IFG	kj	KJ	word_label	kj_2	kj_2	2	0.8169419525484807
sub-22	meta_metaphor	meta_L_IFG	kj	KJ	word_label	kj_25	kj_25	25	0.5869877843172141
sub-22	meta_metaphor	meta_L_IFG	kj	KJ	word_label	kj_20	kj_20	20	0.7456854149398779
sub-22	meta_metaphor	meta_L_IFG	kj	KJ	word_label	kj_23	kj_23	23	-0.786331700446628
sub-22	meta_metaphor	meta_L_IFG	kj	KJ	word_label	kj_34	kj_34	34	-0.5541288685377227
sub-22	meta_metaphor	meta_L_IFG	kj	KJ	word_label	kj_9	kj_9	9	-0.5810893333702676
sub-22	meta_metaphor	meta_L_IFG	kj	KJ	word_label	kj_36	kj_36	36	0.9031014173836868
sub-22	meta_metaphor	meta_L_IFG	kj	KJ	word_label	kj_16	kj_16	16	0.8627588533827655
sub-22	meta_metaphor	meta_L_IFG	kj	KJ	word_label	kj_19	kj_19	19	0.9023715852902112
sub-22	meta_metaphor	meta_L_IFG	kj	KJ	word_label	kj_37	kj_37	37	0.5591735441362539
sub-22	meta_metaphor	meta_L_IFG	kj	KJ	word_label	kj_27	kj_27	27	0.6398134420464625
sub-22	meta_metaphor	meta_L_IFG	kj	KJ	word_label	kj_33	kj_33	33	-0.21767664273295617
sub-22	meta_metaphor	meta_L_IFG	kj	KJ	word_label	kj_11	kj_11	11	0.6723204639314468
sub-22	meta_metaphor	meta_L_pMTG_pSTS	yy	YY	word_label	yy_27	yy_27	27	0.5039302614109586
sub-22	meta_metaphor	meta_L_pMTG_pSTS	yy	YY	word_label	yy_37	yy_37	37	-0.5613483679001673
sub-22	meta_metaphor	meta_L_pMTG_pSTS	yy	YY	word_label	yy_10	yy_10	10	-0.2651388843227767
sub-22	meta_metaphor	meta_L_pMTG_pSTS	yy	YY	word_label	yy_15	yy_15	15	-0.02438855805449348
sub-22	meta_metaphor	meta_L_pMTG_pSTS	yy	YY	word_label	yy_24	yy_24	24	-0.49628899684558836
sub-22	meta_metaphor	meta_L_pMTG_pSTS	yy	YY	word_label	yy_14	yy_14	14	0.06555362198888569
sub-22	meta_metaphor	meta_L_pMTG_pSTS	yy	YY	word_label	yy_17	yy_17	17	-0.08165880950797758
sub-22	meta_metaphor	meta_L_pMTG_pSTS	yy	YY	word_label	yy_3	yy_3	3	0.5390018419495862
sub-22	meta_metaphor	meta_L_pMTG_pSTS	yy	YY	word_label	yy_1	yy_1	1	-0.43386547954975613
sub-22	meta_metaphor	meta_L_pMTG_pSTS	yy	YY	word_label	yy_11	yy_11	11	0.36841050481754944
sub-22	meta_metaphor	meta_L_pMTG_pSTS	yy	YY	word_label	yy_22	yy_22	22	-0.43381871496352126
sub-22	meta_metaphor	meta_L_pMTG_pSTS	yy	YY	word_label	yy_23	yy_23	23	-0.12956140660010515
sub-22	meta_metaphor	meta_L_pMTG_pSTS	yy	YY	word_label	yy_4	yy_4	4	0.19101806575194383
sub-22	meta_metaphor	meta_L_pMTG_pSTS	yy	YY	word_label	yy_13	yy_13	13	-0.4170994217795842
sub-22	meta_metaphor	meta_L_pMTG_pSTS	yy	YY	word_label	yy_16	yy_16	16	-0.14151008796653428
sub-22	meta_metaphor	meta_L_pMTG_pSTS	yy	YY	word_label	yy_35	yy_35	35	0.12522166558124617
sub-22	meta_metaphor	meta_L_pMTG_pSTS	yy	YY	word_label	yy_9	yy_9	9	-0.4019947113409947
sub-22	meta_metaphor	meta_L_pMTG_pSTS	yy	YY	word_label	yy_29	yy_29	29	-0.07522294260137785
sub-22	meta_metaphor	meta_L_pMTG_pSTS	yy	YY	word_label	yy_40	yy_40	40	0.575186265099935
sub-22	meta_metaphor	meta_L_pMTG_pSTS	yy	YY	word_label	yy_33	yy_33	33	-0.30994114592620453
sub-22	meta_metaphor	meta_L_pMTG_pSTS	yy	YY	word_label	yy_12	yy_12	12	0.02077962746551834
sub-22	meta_metaphor	meta_L_pMTG_pSTS	yy	YY	word_label	yy_28	yy_28	28	-0.24658054875039453
sub-22	meta_metaphor	meta_L_pMTG_pSTS	yy	YY	word_label	yy_18	yy_18	18	-0.5127682812767038
sub-22	meta_metaphor	meta_L_pMTG_pSTS	yy	YY	word_label	yy_26	yy_26	26	0.023140464172857627
sub-22	meta_metaphor	meta_L_pMTG_pSTS	yy	YY	word_label	yy_39	yy_39	39	-0.41728955675937135
sub-22	meta_metaphor	meta_L_pMTG_pSTS	yy	YY	word_label	yy_2	yy_2	2	0.6003644839641942
sub-22	meta_metaphor	meta_L_pMTG_pSTS	yy	YY	word_label	yy_32	yy_32	32	-0.34714211662195316
sub-22	meta_metaphor	meta_L_pMTG_pSTS	yy	YY	word_label	yy_19	yy_19	19	-0.05993950970322618
sub-22	meta_metaphor	meta_L_pMTG_pSTS	yy	YY	word_label	yy_6	yy_6	6	0.44258372724525225
sub-22	meta_metaphor	meta_L_pMTG_pSTS	yy	YY	word_label	yy_36	yy_36	36	0.21649319888951207
sub-22	meta_metaphor	meta_L_pMTG_pSTS	yy	YY	word_label	yy_8	yy_8	8	-0.25788779234974646
sub-22	meta_metaphor	meta_L_pMTG_pSTS	yy	YY	word_label	yy_5	yy_5	5	-0.19814401842206136
sub-22	meta_metaphor	meta_L_pMTG_pSTS	yy	YY	word_label	yy_21	yy_21	21	-0.009427258889901024
sub-22	meta_metaphor	meta_L_pMTG_pSTS	yy	YY	word_label	yy_38	yy_38	38	0.5268038510266526
sub-22	meta_metaphor	meta_L_pMTG_pSTS	yy	YY	word_label	yy_7	yy_7	7	0.45342581240244106
sub-22	meta_metaphor	meta_L_pMTG_pSTS	kj	KJ	word_label	kj_12	kj_12	12	0.06562077491340684
sub-22	meta_metaphor	meta_L_pMTG_pSTS	kj	KJ	word_label	kj_5	kj_5	5	-0.5344816139758243
sub-22	meta_metaphor	meta_L_pMTG_pSTS	kj	KJ	word_label	kj_10	kj_10	10	-0.4055830529048778
sub-22	meta_metaphor	meta_L_pMTG_pSTS	kj	KJ	word_label	kj_7	kj_7	7	-0.16201969271441957
sub-22	meta_metaphor	meta_L_pMTG_pSTS	kj	KJ	word_label	kj_39	kj_39	39	0.039801154060917235
sub-22	meta_metaphor	meta_L_pMTG_pSTS	kj	KJ	word_label	kj_30	kj_30	30	0.24670621872446716
sub-22	meta_metaphor	meta_L_pMTG_pSTS	kj	KJ	word_label	kj_28	kj_28	28	-0.019278356367491596
sub-22	meta_metaphor	meta_L_pMTG_pSTS	kj	KJ	word_label	kj_22	kj_22	22	0.04241292472785498
sub-22	meta_metaphor	meta_L_pMTG_pSTS	kj	KJ	word_label	kj_26	kj_26	26	0.7288299051851068
sub-22	meta_metaphor	meta_L_pMTG_pSTS	kj	KJ	word_label	kj_17	kj_17	17	0.4983035922641572
sub-22	meta_metaphor	meta_L_pMTG_pSTS	kj	KJ	word_label	kj_3	kj_3	3	-0.17401030013347007
sub-22	meta_metaphor	meta_L_pMTG_pSTS	kj	KJ	word_label	kj_21	kj_21	21	0.30321257077753644
sub-22	meta_metaphor	meta_L_pMTG_pSTS	kj	KJ	word_label	kj_1	kj_1	1	-0.20269631586239992
sub-22	meta_metaphor	meta_L_pMTG_pSTS	kj	KJ	word_label	kj_15	kj_15	15	-0.16396419606258528
sub-22	meta_metaphor	meta_L_pMTG_pSTS	kj	KJ	word_label	kj_24	kj_24	24	0.2954219648405219
sub-22	meta_metaphor	meta_L_pMTG_pSTS	kj	KJ	word_label	kj_29	kj_29	29	-0.07063276712329383
sub-22	meta_metaphor	meta_L_pMTG_pSTS	kj	KJ	word_label	kj_8	kj_8	8	0.09908110699826399
sub-22	meta_metaphor	meta_L_pMTG_pSTS	kj	KJ	word_label	kj_6	kj_6	6	-0.2303414925952949
sub-22	meta_metaphor	meta_L_pMTG_pSTS	kj	KJ	word_label	kj_13	kj_13	13	-0.5714179126010114
sub-22	meta_metaphor	meta_L_pMTG_pSTS	kj	KJ	word_label	kj_14	kj_14	14	-0.42699085807662795
sub-22	meta_metaphor	meta_L_pMTG_pSTS	kj	KJ	word_label	kj_38	kj_38	38	0.16843777619834033
sub-22	meta_metaphor	meta_L_pMTG_pSTS	kj	KJ	word_label	kj_31	kj_31	31	-0.014492528294028324
sub-22	meta_metaphor	meta_L_pMTG_pSTS	kj	KJ	word_label	kj_2	kj_2	2	-0.5261344141657562
sub-22	meta_metaphor	meta_L_pMTG_pSTS	kj	KJ	word_label	kj_25	kj_25	25	0.45774691979178916
sub-22	meta_metaphor	meta_L_pMTG_pSTS	kj	KJ	word_label	kj_20	kj_20	20	0.46065587165389893
sub-22	meta_metaphor	meta_L_pMTG_pSTS	kj	KJ	word_label	kj_23	kj_23	23	0.18815199527166068
sub-22	meta_metaphor	meta_L_pMTG_pSTS	kj	KJ	word_label	kj_34	kj_34	34	-0.05294556994504893
sub-22	meta_metaphor	meta_L_pMTG_pSTS	kj	KJ	word_label	kj_9	kj_9	9	-0.09871335659943603
sub-22	meta_metaphor	meta_L_pMTG_pSTS	kj	KJ	word_label	kj_36	kj_36	36	-0.5546873098338426
sub-22	meta_metaphor	meta_L_pMTG_pSTS	kj	KJ	word_label	kj_16	kj_16	16	0.08246964408987421
sub-22	meta_metaphor	meta_L_pMTG_pSTS	kj	KJ	word_label	kj_19	kj_19	19	-0.10425502775425473
sub-22	meta_metaphor	meta_L_pMTG_pSTS	kj	KJ	word_label	kj_37	kj_37	37	0.2868180130404087
sub-22	meta_metaphor	meta_L_pMTG_pSTS	kj	KJ	word_label	kj_27	kj_27	27	-0.07828347981853254
sub-22	meta_metaphor	meta_L_pMTG_pSTS	kj	KJ	word_label	kj_33	kj_33	33	0.04656089143591043
sub-22	meta_metaphor	meta_L_pMTG_pSTS	kj	KJ	word_label	kj_11	kj_11	11	-0.28897103163385535
sub-22	meta_metaphor	meta_L_temporal_pole	yy	YY	word_label	yy_27	yy_27	27	0.5894770397762403
sub-22	meta_metaphor	meta_L_temporal_pole	yy	YY	word_label	yy_37	yy_37	37	-0.14576947272043533
sub-22	meta_metaphor	meta_L_temporal_pole	yy	YY	word_label	yy_10	yy_10	10	0.4283808596159745
sub-22	meta_metaphor	meta_L_temporal_pole	yy	YY	word_label	yy_15	yy_15	15	0.5733503950064257
sub-22	meta_metaphor	meta_L_temporal_pole	yy	YY	word_label	yy_24	yy_24	24	0.19320251671349128
sub-22	meta_metaphor	meta_L_temporal_pole	yy	YY	word_label	yy_14	yy_14	14	-0.03928810989526727
sub-22	meta_metaphor	meta_L_temporal_pole	yy	YY	word_label	yy_17	yy_17	17	-0.07760056996918151
sub-22	meta_metaphor	meta_L_temporal_pole	yy	YY	word_label	yy_3	yy_3	3	-0.5250241778652882
sub-22	meta_metaphor	meta_L_temporal_pole	yy	YY	word_label	yy_1	yy_1	1	0.45364941840933176
sub-22	meta_metaphor	meta_L_temporal_pole	yy	YY	word_label	yy_11	yy_11	11	-0.22092518590616647
sub-22	meta_metaphor	meta_L_temporal_pole	yy	YY	word_label	yy_22	yy_22	22	-0.5270458001803836
sub-22	meta_metaphor	meta_L_temporal_pole	yy	YY	word_label	yy_23	yy_23	23	0.3067648872946246
sub-22	meta_metaphor	meta_L_temporal_pole	yy	YY	word_label	yy_4	yy_4	4	0.4592137509460568
sub-22	meta_metaphor	meta_L_temporal_pole	yy	YY	word_label	yy_13	yy_13	13	-0.1874669038389449
sub-22	meta_metaphor	meta_L_temporal_pole	yy	YY	word_label	yy_16	yy_16	16	-0.3291559910802853
sub-22	meta_metaphor	meta_L_temporal_pole	yy	YY	word_label	yy_35	yy_35	35	-0.48906375676493347
sub-22	meta_metaphor	meta_L_temporal_pole	yy	YY	word_label	yy_9	yy_9	9	-0.5703647119892398
sub-22	meta_metaphor	meta_L_temporal_pole	yy	YY	word_label	yy_29	yy_29	29	-0.1915475266713195
sub-22	meta_metaphor	meta_L_temporal_pole	yy	YY	word_label	yy_40	yy_40	40	-0.048084653685586363
sub-22	meta_metaphor	meta_L_temporal_pole	yy	YY	word_label	yy_33	yy_33	33	0.19604382092594994
sub-22	meta_metaphor	meta_L_temporal_pole	yy	YY	word_label	yy_12	yy_12	12	-0.07087671170095075
sub-22	meta_metaphor	meta_L_temporal_pole	yy	YY	word_label	yy_28	yy_28	28	-0.47909447050851783
sub-22	meta_metaphor	meta_L_temporal_pole	yy	YY	word_label	yy_18	yy_18	18	-0.07390080201436076
sub-22	meta_metaphor	meta_L_temporal_pole	yy	YY	word_label	yy_26	yy_26	26	-0.2858736372646736
sub-22	meta_metaphor	meta_L_temporal_pole	yy	YY	word_label	yy_39	yy_39	39	-0.03062688689261343
sub-22	meta_metaphor	meta_L_temporal_pole	yy	YY	word_label	yy_2	yy_2	2	0.32599808015418147
sub-22	meta_metaphor	meta_L_temporal_pole	yy	YY	word_label	yy_32	yy_32	32	0.12331170718771804
sub-22	meta_metaphor	meta_L_temporal_pole	yy	YY	word_label	yy_19	yy_19	19	0.5765731046633378
sub-22	meta_metaphor	meta_L_temporal_pole	yy	YY	word_label	yy_6	yy_6	6	-0.1416251851887291
sub-22	meta_metaphor	meta_L_temporal_pole	yy	YY	word_label	yy_36	yy_36	36	-0.3921838982283665
sub-22	meta_metaphor	meta_L_temporal_pole	yy	YY	word_label	yy_8	yy_8	8	-0.2507966116815992
sub-22	meta_metaphor	meta_L_temporal_pole	yy	YY	word_label	yy_5	yy_5	5	-0.0580979952716395
sub-22	meta_metaphor	meta_L_temporal_pole	yy	YY	word_label	yy_21	yy_21	21	-0.401499289226899
sub-22	meta_metaphor	meta_L_temporal_pole	yy	YY	word_label	yy_38	yy_38	38	0.16323294627501023
sub-22	meta_metaphor	meta_L_temporal_pole	yy	YY	word_label	yy_7	yy_7	7	0.038536739246551086
sub-22	meta_metaphor	meta_L_temporal_pole	kj	KJ	word_label	kj_12	kj_12	12	0.15325984050717073
sub-22	meta_metaphor	meta_L_temporal_pole	kj	KJ	word_label	kj_5	kj_5	5	0.3949825656347021
sub-22	meta_metaphor	meta_L_temporal_pole	kj	KJ	word_label	kj_10	kj_10	10	-0.4150429607061397
sub-22	meta_metaphor	meta_L_temporal_pole	kj	KJ	word_label	kj_7	kj_7	7	0.49167856909544166
sub-22	meta_metaphor	meta_L_temporal_pole	kj	KJ	word_label	kj_39	kj_39	39	-0.034462334840926326
sub-22	meta_metaphor	meta_L_temporal_pole	kj	KJ	word_label	kj_30	kj_30	30	-0.0257216686973422
sub-22	meta_metaphor	meta_L_temporal_pole	kj	KJ	word_label	kj_28	kj_28	28	-0.1925748316237247
sub-22	meta_metaphor	meta_L_temporal_pole	kj	KJ	word_label	kj_22	kj_22	22	-0.5088740666884485
sub-22	meta_metaphor	meta_L_temporal_pole	kj	KJ	word_label	kj_26	kj_26	26	0.18776335192191632
sub-22	meta_metaphor	meta_L_temporal_pole	kj	KJ	word_label	kj_17	kj_17	17	0.3106864681455054
sub-22	meta_metaphor	meta_L_temporal_pole	kj	KJ	word_label	kj_3	kj_3	3	-0.12294927876694028
sub-22	meta_metaphor	meta_L_temporal_pole	kj	KJ	word_label	kj_21	kj_21	21	0.1738149002062105
sub-22	meta_metaphor	meta_L_temporal_pole	kj	KJ	word_label	kj_1	kj_1	1	0.07213587398585261
sub-22	meta_metaphor	meta_L_temporal_pole	kj	KJ	word_label	kj_15	kj_15	15	-0.36684001001164723
sub-22	meta_metaphor	meta_L_temporal_pole	kj	KJ	word_label	kj_24	kj_24	24	-0.050287254821510245
sub-22	meta_metaphor	meta_L_temporal_pole	kj	KJ	word_label	kj_29	kj_29	29	0.38606643865466805
sub-22	meta_metaphor	meta_L_temporal_pole	kj	KJ	word_label	kj_8	kj_8	8	-0.29776744029074975
sub-22	meta_metaphor	meta_L_temporal_pole	kj	KJ	word_label	kj_6	kj_6	6	0.6414917584399625
sub-22	meta_metaphor	meta_L_temporal_pole	kj	KJ	word_label	kj_13	kj_13	13	-0.0290222571138516
sub-22	meta_metaphor	meta_L_temporal_pole	kj	KJ	word_label	kj_14	kj_14	14	0.09544040307398821
sub-22	meta_metaphor	meta_L_temporal_pole	kj	KJ	word_label	kj_38	kj_38	38	0.04221800828861828
sub-22	meta_metaphor	meta_L_temporal_pole	kj	KJ	word_label	kj_31	kj_31	31	0.10643613717987824
sub-22	meta_metaphor	meta_L_temporal_pole	kj	KJ	word_label	kj_2	kj_2	2	0.5278471240865951
sub-22	meta_metaphor	meta_L_temporal_pole	kj	KJ	word_label	kj_25	kj_25	25	-0.14436769399598515
sub-22	meta_metaphor	meta_L_temporal_pole	kj	KJ	word_label	kj_20	kj_20	20	0.10515669560257657
sub-22	meta_metaphor	meta_L_temporal_pole	kj	KJ	word_label	kj_23	kj_23	23	-0.23447256331056004
sub-22	meta_metaphor	meta_L_temporal_pole	kj	KJ	word_label	kj_34	kj_34	34	0.0048764003194816516
sub-22	meta_metaphor	meta_L_temporal_pole	kj	KJ	word_label	kj_9	kj_9	9	0.12969463901791417
sub-22	meta_metaphor	meta_L_temporal_pole	kj	KJ	word_label	kj_36	kj_36	36	0.24453549855813347
sub-22	meta_metaphor	meta_L_temporal_pole	kj	KJ	word_label	kj_16	kj_16	16	0.24086065483794225
sub-22	meta_metaphor	meta_L_temporal_pole	kj	KJ	word_label	kj_19	kj_19	19	0.17154365563323049
sub-22	meta_metaphor	meta_L_temporal_pole	kj	KJ	word_label	kj_37	kj_37	37	0.1834592632129197
sub-22	meta_metaphor	meta_L_temporal_pole	kj	KJ	word_label	kj_27	kj_27	27	0.26744533034300905
sub-22	meta_metaphor	meta_L_temporal_pole	kj	KJ	word_label	kj_33	kj_33	33	0.5077594301773666
sub-22	meta_metaphor	meta_L_temporal_pole	kj	KJ	word_label	kj_11	kj_11	11	-0.30201930563789825
sub-22	meta_metaphor	meta_R_AG	yy	YY	word_label	yy_27	yy_27	27	0.21487092679721853
sub-22	meta_metaphor	meta_R_AG	yy	YY	word_label	yy_37	yy_37	37	0.2822469366819641
sub-22	meta_metaphor	meta_R_AG	yy	YY	word_label	yy_10	yy_10	10	0.15618480834941556
sub-22	meta_metaphor	meta_R_AG	yy	YY	word_label	yy_15	yy_15	15	-0.3395424369050617
sub-22	meta_metaphor	meta_R_AG	yy	YY	word_label	yy_24	yy_24	24	-0.400804442750789
sub-22	meta_metaphor	meta_R_AG	yy	YY	word_label	yy_14	yy_14	14	-0.2962175207638322
sub-22	meta_metaphor	meta_R_AG	yy	YY	word_label	yy_17	yy_17	17	0.6744868040860011
sub-22	meta_metaphor	meta_R_AG	yy	YY	word_label	yy_3	yy_3	3	0.630774742660351
sub-22	meta_metaphor	meta_R_AG	yy	YY	word_label	yy_1	yy_1	1	0.22518596077356615
sub-22	meta_metaphor	meta_R_AG	yy	YY	word_label	yy_11	yy_11	11	0.3339980429876306
sub-22	meta_metaphor	meta_R_AG	yy	YY	word_label	yy_22	yy_22	22	0.22081581297303926
sub-22	meta_metaphor	meta_R_AG	yy	YY	word_label	yy_23	yy_23	23	0.3606877991362142
sub-22	meta_metaphor	meta_R_AG	yy	YY	word_label	yy_4	yy_4	4	0.82447427818182
sub-22	meta_metaphor	meta_R_AG	yy	YY	word_label	yy_13	yy_13	13	0.1463886560534081
sub-22	meta_metaphor	meta_R_AG	yy	YY	word_label	yy_16	yy_16	16	0.774999573517339
sub-22	meta_metaphor	meta_R_AG	yy	YY	word_label	yy_35	yy_35	35	0.38615483877749657
sub-22	meta_metaphor	meta_R_AG	yy	YY	word_label	yy_9	yy_9	9	-0.5165775048451463
sub-22	meta_metaphor	meta_R_AG	yy	YY	word_label	yy_29	yy_29	29	0.2885838007702318
sub-22	meta_metaphor	meta_R_AG	yy	YY	word_label	yy_40	yy_40	40	0.136628925066484
sub-22	meta_metaphor	meta_R_AG	yy	YY	word_label	yy_33	yy_33	33	-0.8281795091031022
sub-22	meta_metaphor	meta_R_AG	yy	YY	word_label	yy_12	yy_12	12	0.6487477348219063
sub-22	meta_metaphor	meta_R_AG	yy	YY	word_label	yy_28	yy_28	28	0.630039270511528
sub-22	meta_metaphor	meta_R_AG	yy	YY	word_label	yy_18	yy_18	18	0.716318915489282
sub-22	meta_metaphor	meta_R_AG	yy	YY	word_label	yy_26	yy_26	26	-0.37262286825163066
sub-22	meta_metaphor	meta_R_AG	yy	YY	word_label	yy_39	yy_39	39	-0.5694940919407879
sub-22	meta_metaphor	meta_R_AG	yy	YY	word_label	yy_2	yy_2	2	0.7860931381752718
sub-22	meta_metaphor	meta_R_AG	yy	YY	word_label	yy_32	yy_32	32	0.47335859522944806
sub-22	meta_metaphor	meta_R_AG	yy	YY	word_label	yy_19	yy_19	19	0.905912557525056
sub-22	meta_metaphor	meta_R_AG	yy	YY	word_label	yy_6	yy_6	6	0.08265773964085586
sub-22	meta_metaphor	meta_R_AG	yy	YY	word_label	yy_36	yy_36	36	-0.3009015472279293
sub-22	meta_metaphor	meta_R_AG	yy	YY	word_label	yy_8	yy_8	8	0.37179727062729523
sub-22	meta_metaphor	meta_R_AG	yy	YY	word_label	yy_5	yy_5	5	0.7668053094030531
sub-22	meta_metaphor	meta_R_AG	yy	YY	word_label	yy_21	yy_21	21	0.12979055630069283
sub-22	meta_metaphor	meta_R_AG	yy	YY	word_label	yy_38	yy_38	38	-0.5663659771001064
sub-22	meta_metaphor	meta_R_AG	yy	YY	word_label	yy_7	yy_7	7	0.1808718175190203
sub-22	meta_metaphor	meta_R_AG	kj	KJ	word_label	kj_12	kj_12	12	0.44816337098503084
sub-22	meta_metaphor	meta_R_AG	kj	KJ	word_label	kj_5	kj_5	5	0.6380702218686334
sub-22	meta_metaphor	meta_R_AG	kj	KJ	word_label	kj_10	kj_10	10	0.5690435584412649
sub-22	meta_metaphor	meta_R_AG	kj	KJ	word_label	kj_7	kj_7	7	0.7095544680599568
sub-22	meta_metaphor	meta_R_AG	kj	KJ	word_label	kj_39	kj_39	39	-0.3114503629134518
sub-22	meta_metaphor	meta_R_AG	kj	KJ	word_label	kj_30	kj_30	30	-0.029933013929819195
sub-22	meta_metaphor	meta_R_AG	kj	KJ	word_label	kj_28	kj_28	28	0.005300349105902157
sub-22	meta_metaphor	meta_R_AG	kj	KJ	word_label	kj_22	kj_22	22	-0.32436355296308617
sub-22	meta_metaphor	meta_R_AG	kj	KJ	word_label	kj_26	kj_26	26	-0.43257055190749977
sub-22	meta_metaphor	meta_R_AG	kj	KJ	word_label	kj_17	kj_17	17	0.18788326848253
sub-22	meta_metaphor	meta_R_AG	kj	KJ	word_label	kj_3	kj_3	3	-0.028563258737872587
sub-22	meta_metaphor	meta_R_AG	kj	KJ	word_label	kj_21	kj_21	21	0.3906105234208672
sub-22	meta_metaphor	meta_R_AG	kj	KJ	word_label	kj_1	kj_1	1	0.31650006332229935
sub-22	meta_metaphor	meta_R_AG	kj	KJ	word_label	kj_15	kj_15	15	0.22710263875114142
sub-22	meta_metaphor	meta_R_AG	kj	KJ	word_label	kj_24	kj_24	24	0.05580508278208779
sub-22	meta_metaphor	meta_R_AG	kj	KJ	word_label	kj_29	kj_29	29	0.1532554407927423
sub-22	meta_metaphor	meta_R_AG	kj	KJ	word_label	kj_8	kj_8	8	0.3256728749916114
sub-22	meta_metaphor	meta_R_AG	kj	KJ	word_label	kj_6	kj_6	6	-0.41266408193982995
sub-22	meta_metaphor	meta_R_AG	kj	KJ	word_label	kj_13	kj_13	13	0.41718028521048295
sub-22	meta_metaphor	meta_R_AG	kj	KJ	word_label	kj_14	kj_14	14	0.33244705273685765
sub-22	meta_metaphor	meta_R_AG	kj	KJ	word_label	kj_38	kj_38	38	-0.3900039136485448
sub-22	meta_metaphor	meta_R_AG	kj	KJ	word_label	kj_31	kj_31	31	-0.34151447545862706
sub-22	meta_metaphor	meta_R_AG	kj	KJ	word_label	kj_2	kj_2	2	-0.062011907816822455
sub-22	meta_metaphor	meta_R_AG	kj	KJ	word_label	kj_25	kj_25	25	0.24125660669249707
sub-22	meta_metaphor	meta_R_AG	kj	KJ	word_label	kj_20	kj_20	20	-0.4246184106518127
sub-22	meta_metaphor	meta_R_AG	kj	KJ	word_label	kj_23	kj_23	23	0.8748394736306486
sub-22	meta_metaphor	meta_R_AG	kj	KJ	word_label	kj_34	kj_34	34	0.47848885042067674
sub-22	meta_metaphor	meta_R_AG	kj	KJ	word_label	kj_9	kj_9	9	0.5047005324732261
sub-22	meta_metaphor	meta_R_AG	kj	KJ	word_label	kj_36	kj_36	36	0.16113966570152388
sub-22	meta_metaphor	meta_R_AG	kj	KJ	word_label	kj_16	kj_16	16	-0.19898491031586274
sub-22	meta_metaphor	meta_R_AG	kj	KJ	word_label	kj_19	kj_19	19	0.12770274116600824
sub-22	meta_metaphor	meta_R_AG	kj	KJ	word_label	kj_37	kj_37	37	0.8184861453586827
sub-22	meta_metaphor	meta_R_AG	kj	KJ	word_label	kj_27	kj_27	27	-0.20679184637625372
sub-22	meta_metaphor	meta_R_AG	kj	KJ	word_label	kj_33	kj_33	33	-0.4724357929517927
sub-22	meta_metaphor	meta_R_AG	kj	KJ	word_label	kj_11	kj_11	11	-0.10701656778330887
sub-22	meta_metaphor	meta_R_IFG	yy	YY	word_label	yy_27	yy_27	27	0.2927431859711027
sub-22	meta_metaphor	meta_R_IFG	yy	YY	word_label	yy_37	yy_37	37	-0.059693677271925615
sub-22	meta_metaphor	meta_R_IFG	yy	YY	word_label	yy_10	yy_10	10	-0.03094683134773511
sub-22	meta_metaphor	meta_R_IFG	yy	YY	word_label	yy_15	yy_15	15	-0.7022844323217883
sub-22	meta_metaphor	meta_R_IFG	yy	YY	word_label	yy_24	yy_24	24	0.01220565881767571
sub-22	meta_metaphor	meta_R_IFG	yy	YY	word_label	yy_14	yy_14	14	0.23985158895080771
sub-22	meta_metaphor	meta_R_IFG	yy	YY	word_label	yy_17	yy_17	17	0.616766874557967
sub-22	meta_metaphor	meta_R_IFG	yy	YY	word_label	yy_3	yy_3	3	-0.0852196626163473
sub-22	meta_metaphor	meta_R_IFG	yy	YY	word_label	yy_1	yy_1	1	0.04372211303945418
sub-22	meta_metaphor	meta_R_IFG	yy	YY	word_label	yy_11	yy_11	11	0.10776228406917618
sub-22	meta_metaphor	meta_R_IFG	yy	YY	word_label	yy_22	yy_22	22	0.18940448538981855
sub-22	meta_metaphor	meta_R_IFG	yy	YY	word_label	yy_23	yy_23	23	-0.01230477304543644
sub-22	meta_metaphor	meta_R_IFG	yy	YY	word_label	yy_4	yy_4	4	0.26903638831021215
sub-22	meta_metaphor	meta_R_IFG	yy	YY	word_label	yy_13	yy_13	13	-0.39729005735292705
sub-22	meta_metaphor	meta_R_IFG	yy	YY	word_label	yy_16	yy_16	16	0.11658726965553395
sub-22	meta_metaphor	meta_R_IFG	yy	YY	word_label	yy_35	yy_35	35	0.2771199225673541
sub-22	meta_metaphor	meta_R_IFG	yy	YY	word_label	yy_9	yy_9	9	0.07744077077196206
sub-22	meta_metaphor	meta_R_IFG	yy	YY	word_label	yy_29	yy_29	29	-0.533775418745576
sub-22	meta_metaphor	meta_R_IFG	yy	YY	word_label	yy_40	yy_40	40	0.07276470541594401
sub-22	meta_metaphor	meta_R_IFG	yy	YY	word_label	yy_33	yy_33	33	-0.6549493948808429
sub-22	meta_metaphor	meta_R_IFG	yy	YY	word_label	yy_12	yy_12	12	0.2587837468010218
sub-22	meta_metaphor	meta_R_IFG	yy	YY	word_label	yy_28	yy_28	28	0.011604898683377572
sub-22	meta_metaphor	meta_R_IFG	yy	YY	word_label	yy_18	yy_18	18	-0.07170711313953583
sub-22	meta_metaphor	meta_R_IFG	yy	YY	word_label	yy_26	yy_26	26	-0.2951100736865676
sub-22	meta_metaphor	meta_R_IFG	yy	YY	word_label	yy_39	yy_39	39	-0.37040713780774936
sub-22	meta_metaphor	meta_R_IFG	yy	YY	word_label	yy_2	yy_2	2	0.6647352348947614
sub-22	meta_metaphor	meta_R_IFG	yy	YY	word_label	yy_32	yy_32	32	0.08732916684190456
sub-22	meta_metaphor	meta_R_IFG	yy	YY	word_label	yy_19	yy_19	19	0.157626370000817
sub-22	meta_metaphor	meta_R_IFG	yy	YY	word_label	yy_6	yy_6	6	-0.5148106164441769
sub-22	meta_metaphor	meta_R_IFG	yy	YY	word_label	yy_36	yy_36	36	-0.4669091651938611
sub-22	meta_metaphor	meta_R_IFG	yy	YY	word_label	yy_8	yy_8	8	0.12639464659125443
sub-22	meta_metaphor	meta_R_IFG	yy	YY	word_label	yy_5	yy_5	5	-0.03523688689234362
sub-22	meta_metaphor	meta_R_IFG	yy	YY	word_label	yy_21	yy_21	21	0.41810747370115386
sub-22	meta_metaphor	meta_R_IFG	yy	YY	word_label	yy_38	yy_38	38	-0.2518096964577507
sub-22	meta_metaphor	meta_R_IFG	yy	YY	word_label	yy_7	yy_7	7	-0.26621766808199226
sub-22	meta_metaphor	meta_R_IFG	kj	KJ	word_label	kj_12	kj_12	12	-0.5324213005384645
sub-22	meta_metaphor	meta_R_IFG	kj	KJ	word_label	kj_5	kj_5	5	0.06770141798133214
sub-22	meta_metaphor	meta_R_IFG	kj	KJ	word_label	kj_10	kj_10	10	0.2391010765848673
sub-22	meta_metaphor	meta_R_IFG	kj	KJ	word_label	kj_7	kj_7	7	0.16387649358579254
sub-22	meta_metaphor	meta_R_IFG	kj	KJ	word_label	kj_39	kj_39	39	-0.4181239735913316
sub-22	meta_metaphor	meta_R_IFG	kj	KJ	word_label	kj_30	kj_30	30	0.09328546018502673
sub-22	meta_metaphor	meta_R_IFG	kj	KJ	word_label	kj_28	kj_28	28	-0.5640518645615383
sub-22	meta_metaphor	meta_R_IFG	kj	KJ	word_label	kj_22	kj_22	22	0.053496695767205046
sub-22	meta_metaphor	meta_R_IFG	kj	KJ	word_label	kj_26	kj_26	26	-0.6990340568815439
sub-22	meta_metaphor	meta_R_IFG	kj	KJ	word_label	kj_17	kj_17	17	0.6349747414195297
sub-22	meta_metaphor	meta_R_IFG	kj	KJ	word_label	kj_3	kj_3	3	0.31733586396773233
sub-22	meta_metaphor	meta_R_IFG	kj	KJ	word_label	kj_21	kj_21	21	0.14251724040898225
sub-22	meta_metaphor	meta_R_IFG	kj	KJ	word_label	kj_1	kj_1	1	-0.23948610258188854
sub-22	meta_metaphor	meta_R_IFG	kj	KJ	word_label	kj_15	kj_15	15	0.4460427197813928
sub-22	meta_metaphor	meta_R_IFG	kj	KJ	word_label	kj_24	kj_24	24	-0.006979338219435494
sub-22	meta_metaphor	meta_R_IFG	kj	KJ	word_label	kj_29	kj_29	29	-0.7984842907390634
sub-22	meta_metaphor	meta_R_IFG	kj	KJ	word_label	kj_8	kj_8	8	0.263482473847522
sub-22	meta_metaphor	meta_R_IFG	kj	KJ	word_label	kj_6	kj_6	6	-0.040634443239753154
sub-22	meta_metaphor	meta_R_IFG	kj	KJ	word_label	kj_13	kj_13	13	-0.6688034555226451
sub-22	meta_metaphor	meta_R_IFG	kj	KJ	word_label	kj_14	kj_14	14	-0.43847079246185977
sub-22	meta_metaphor	meta_R_IFG	kj	KJ	word_label	kj_38	kj_38	38	-0.19745090168677037
sub-22	meta_metaphor	meta_R_IFG	kj	KJ	word_label	kj_31	kj_31	31	-0.3772672980162901
sub-22	meta_metaphor	meta_R_IFG	kj	KJ	word_label	kj_2	kj_2	2	0.03994596100701536
sub-22	meta_metaphor	meta_R_IFG	kj	KJ	word_label	kj_25	kj_25	25	-0.02067777399775321
sub-22	meta_metaphor	meta_R_IFG	kj	KJ	word_label	kj_20	kj_20	20	-0.45260432671221545
sub-22	meta_metaphor	meta_R_IFG	kj	KJ	word_label	kj_23	kj_23	23	-0.1513439091188877
sub-22	meta_metaphor	meta_R_IFG	kj	KJ	word_label	kj_34	kj_34	34	-0.17246413549733344
sub-22	meta_metaphor	meta_R_IFG	kj	KJ	word_label	kj_9	kj_9	9	0.23126271458207306
sub-22	meta_metaphor	meta_R_IFG	kj	KJ	word_label	kj_36	kj_36	36	0.0748304206389938
sub-22	meta_metaphor	meta_R_IFG	kj	KJ	word_label	kj_16	kj_16	16	0.3017014999232799
sub-22	meta_metaphor	meta_R_IFG	kj	KJ	word_label	kj_19	kj_19	19	-0.2433248191157414
sub-22	meta_metaphor	meta_R_IFG	kj	KJ	word_label	kj_37	kj_37	37	0.4733468787880018
sub-22	meta_metaphor	meta_R_IFG	kj	KJ	word_label	kj_27	kj_27	27	0.386693702989333
sub-22	meta_metaphor	meta_R_IFG	kj	KJ	word_label	kj_33	kj_33	33	0.6294661155961767
sub-22	meta_metaphor	meta_R_IFG	kj	KJ	word_label	kj_11	kj_11	11	0.15155065320765598
sub-22	meta_metaphor	meta_R_pMTG_pSTS	yy	YY	word_label	yy_27	yy_27	27	0.5849694660001943
sub-22	meta_metaphor	meta_R_pMTG_pSTS	yy	YY	word_label	yy_37	yy_37	37	0.12799340497911496
sub-22	meta_metaphor	meta_R_pMTG_pSTS	yy	YY	word_label	yy_10	yy_10	10	-0.2749265472945297
sub-22	meta_metaphor	meta_R_pMTG_pSTS	yy	YY	word_label	yy_15	yy_15	15	0.4809640644473104
sub-22	meta_metaphor	meta_R_pMTG_pSTS	yy	YY	word_label	yy_24	yy_24	24	0.47688452001458803
sub-22	meta_metaphor	meta_R_pMTG_pSTS	yy	YY	word_label	yy_14	yy_14	14	-0.27094517197783186
sub-22	meta_metaphor	meta_R_pMTG_pSTS	yy	YY	word_label	yy_17	yy_17	17	0.03037630378789949
sub-22	meta_metaphor	meta_R_pMTG_pSTS	yy	YY	word_label	yy_3	yy_3	3	-0.2577206690278125
sub-22	meta_metaphor	meta_R_pMTG_pSTS	yy	YY	word_label	yy_1	yy_1	1	-0.1705666103276974
sub-22	meta_metaphor	meta_R_pMTG_pSTS	yy	YY	word_label	yy_11	yy_11	11	0.5208760515742087
sub-22	meta_metaphor	meta_R_pMTG_pSTS	yy	YY	word_label	yy_22	yy_22	22	0.013145627600453088
sub-22	meta_metaphor	meta_R_pMTG_pSTS	yy	YY	word_label	yy_23	yy_23	23	-0.12846229899860395
sub-22	meta_metaphor	meta_R_pMTG_pSTS	yy	YY	word_label	yy_4	yy_4	4	-0.20391288209661318
sub-22	meta_metaphor	meta_R_pMTG_pSTS	yy	YY	word_label	yy_13	yy_13	13	0.5254022977304269
sub-22	meta_metaphor	meta_R_pMTG_pSTS	yy	YY	word_label	yy_16	yy_16	16	-0.3225040492154277
sub-22	meta_metaphor	meta_R_pMTG_pSTS	yy	YY	word_label	yy_35	yy_35	35	-0.02199106430019392
sub-22	meta_metaphor	meta_R_pMTG_pSTS	yy	YY	word_label	yy_9	yy_9	9	0.001895506838016204
sub-22	meta_metaphor	meta_R_pMTG_pSTS	yy	YY	word_label	yy_29	yy_29	29	0.19841151850777297
sub-22	meta_metaphor	meta_R_pMTG_pSTS	yy	YY	word_label	yy_40	yy_40	40	-0.03432165292074106
sub-22	meta_metaphor	meta_R_pMTG_pSTS	yy	YY	word_label	yy_33	yy_33	33	0.35009821057284335
sub-22	meta_metaphor	meta_R_pMTG_pSTS	yy	YY	word_label	yy_12	yy_12	12	0.0025567151918148637
sub-22	meta_metaphor	meta_R_pMTG_pSTS	yy	YY	word_label	yy_28	yy_28	28	-0.2626577212360817
sub-22	meta_metaphor	meta_R_pMTG_pSTS	yy	YY	word_label	yy_18	yy_18	18	-0.4577288174951704
sub-22	meta_metaphor	meta_R_pMTG_pSTS	yy	YY	word_label	yy_26	yy_26	26	-0.3472149924565808
sub-22	meta_metaphor	meta_R_pMTG_pSTS	yy	YY	word_label	yy_39	yy_39	39	-0.21896195761561854
sub-22	meta_metaphor	meta_R_pMTG_pSTS	yy	YY	word_label	yy_2	yy_2	2	0.38853642241656794
sub-22	meta_metaphor	meta_R_pMTG_pSTS	yy	YY	word_label	yy_32	yy_32	32	-0.43532864155930356
sub-22	meta_metaphor	meta_R_pMTG_pSTS	yy	YY	word_label	yy_19	yy_19	19	-0.3498253508016075
sub-22	meta_metaphor	meta_R_pMTG_pSTS	yy	YY	word_label	yy_6	yy_6	6	-0.37450143200529995
sub-22	meta_metaphor	meta_R_pMTG_pSTS	yy	YY	word_label	yy_36	yy_36	36	-0.150631885428038
sub-22	meta_metaphor	meta_R_pMTG_pSTS	yy	YY	word_label	yy_8	yy_8	8	-0.48935857834194757
sub-22	meta_metaphor	meta_R_pMTG_pSTS	yy	YY	word_label	yy_5	yy_5	5	-0.08301550344591659
sub-22	meta_metaphor	meta_R_pMTG_pSTS	yy	YY	word_label	yy_21	yy_21	21	0.6652724167706381
sub-22	meta_metaphor	meta_R_pMTG_pSTS	yy	YY	word_label	yy_38	yy_38	38	0.14593713923894472
sub-22	meta_metaphor	meta_R_pMTG_pSTS	yy	YY	word_label	yy_7	yy_7	7	-0.18680323269510488
sub-22	meta_metaphor	meta_R_pMTG_pSTS	kj	KJ	word_label	kj_12	kj_12	12	-0.263376217236123
sub-22	meta_metaphor	meta_R_pMTG_pSTS	kj	KJ	word_label	kj_5	kj_5	5	-0.5185089077084511
sub-22	meta_metaphor	meta_R_pMTG_pSTS	kj	KJ	word_label	kj_10	kj_10	10	-0.6855753348090559
sub-22	meta_metaphor	meta_R_pMTG_pSTS	kj	KJ	word_label	kj_7	kj_7	7	0.28460198365673695
sub-22	meta_metaphor	meta_R_pMTG_pSTS	kj	KJ	word_label	kj_39	kj_39	39	0.015428385232258455
sub-22	meta_metaphor	meta_R_pMTG_pSTS	kj	KJ	word_label	kj_30	kj_30	30	0.0479161423536704
sub-22	meta_metaphor	meta_R_pMTG_pSTS	kj	KJ	word_label	kj_28	kj_28	28	-0.14866476579787805
sub-22	meta_metaphor	meta_R_pMTG_pSTS	kj	KJ	word_label	kj_22	kj_22	22	0.6013464799712692
sub-22	meta_metaphor	meta_R_pMTG_pSTS	kj	KJ	word_label	kj_26	kj_26	26	-0.5056978225527811
sub-22	meta_metaphor	meta_R_pMTG_pSTS	kj	KJ	word_label	kj_17	kj_17	17	0.029762599302717054
sub-22	meta_metaphor	meta_R_pMTG_pSTS	kj	KJ	word_label	kj_3	kj_3	3	0.2227694599903108
sub-22	meta_metaphor	meta_R_pMTG_pSTS	kj	KJ	word_label	kj_21	kj_21	21	-0.39865682902973215
sub-22	meta_metaphor	meta_R_pMTG_pSTS	kj	KJ	word_label	kj_1	kj_1	1	0.038044880019734356
sub-22	meta_metaphor	meta_R_pMTG_pSTS	kj	KJ	word_label	kj_15	kj_15	15	0.5835683451386859
sub-22	meta_metaphor	meta_R_pMTG_pSTS	kj	KJ	word_label	kj_24	kj_24	24	0.4446011569054332
sub-22	meta_metaphor	meta_R_pMTG_pSTS	kj	KJ	word_label	kj_29	kj_29	29	-0.43113489945252204
sub-22	meta_metaphor	meta_R_pMTG_pSTS	kj	KJ	word_label	kj_8	kj_8	8	-0.03195327789210065
sub-22	meta_metaphor	meta_R_pMTG_pSTS	kj	KJ	word_label	kj_6	kj_6	6	-0.22009882877420456
sub-22	meta_metaphor	meta_R_pMTG_pSTS	kj	KJ	word_label	kj_13	kj_13	13	-0.40893570804009
sub-22	meta_metaphor	meta_R_pMTG_pSTS	kj	KJ	word_label	kj_14	kj_14	14	0.4014102884130575
sub-22	meta_metaphor	meta_R_pMTG_pSTS	kj	KJ	word_label	kj_38	kj_38	38	-0.03307717687334603
sub-22	meta_metaphor	meta_R_pMTG_pSTS	kj	KJ	word_label	kj_31	kj_31	31	-0.07666809064812521
sub-22	meta_metaphor	meta_R_pMTG_pSTS	kj	KJ	word_label	kj_2	kj_2	2	0.374932418625916
sub-22	meta_metaphor	meta_R_pMTG_pSTS	kj	KJ	word_label	kj_25	kj_25	25	0.7058348698342258
sub-22	meta_metaphor	meta_R_pMTG_pSTS	kj	KJ	word_label	kj_20	kj_20	20	-0.17182741764740228
sub-22	meta_metaphor	meta_R_pMTG_pSTS	kj	KJ	word_label	kj_23	kj_23	23	-0.36905280133639345
sub-22	meta_metaphor	meta_R_pMTG_pSTS	kj	KJ	word_label	kj_34	kj_34	34	-0.5018378280770319
sub-22	meta_metaphor	meta_R_pMTG_pSTS	kj	KJ	word_label	kj_9	kj_9	9	0.05682822500865623
sub-22	meta_metaphor	meta_R_pMTG_pSTS	kj	KJ	word_label	kj_36	kj_36	36	-0.45091726914090774
sub-22	meta_metaphor	meta_R_pMTG_pSTS	kj	KJ	word_label	kj_16	kj_16	16	0.2871491938254185
sub-22	meta_metaphor	meta_R_pMTG_pSTS	kj	KJ	word_label	kj_19	kj_19	19	0.008420154776400842
sub-22	meta_metaphor	meta_R_pMTG_pSTS	kj	KJ	word_label	kj_37	kj_37	37	0.6628389903627634
sub-22	meta_metaphor	meta_R_pMTG_pSTS	kj	KJ	word_label	kj_27	kj_27	27	0.21134651387997064
sub-22	meta_metaphor	meta_R_pMTG_pSTS	kj	KJ	word_label	kj_33	kj_33	33	0.3837541375835849
sub-22	meta_metaphor	meta_R_pMTG_pSTS	kj	KJ	word_label	kj_11	kj_11	11	-0.3813611437288888
sub-22	meta_metaphor	meta_R_temporal_pole	yy	YY	word_label	yy_27	yy_27	27	0.05529980077476899
sub-22	meta_metaphor	meta_R_temporal_pole	yy	YY	word_label	yy_37	yy_37	37	0.20322876063525092
sub-22	meta_metaphor	meta_R_temporal_pole	yy	YY	word_label	yy_10	yy_10	10	-0.15187830901443813
sub-22	meta_metaphor	meta_R_temporal_pole	yy	YY	word_label	yy_15	yy_15	15	0.6917777750941383
sub-22	meta_metaphor	meta_R_temporal_pole	yy	YY	word_label	yy_24	yy_24	24	-0.692082346453816
sub-22	meta_metaphor	meta_R_temporal_pole	yy	YY	word_label	yy_14	yy_14	14	0.6599974126935847
sub-22	meta_metaphor	meta_R_temporal_pole	yy	YY	word_label	yy_17	yy_17	17	0.2791635493389071
sub-22	meta_metaphor	meta_R_temporal_pole	yy	YY	word_label	yy_3	yy_3	3	0.8796462930023107
sub-22	meta_metaphor	meta_R_temporal_pole	yy	YY	word_label	yy_1	yy_1	1	-0.06484839025876082
sub-22	meta_metaphor	meta_R_temporal_pole	yy	YY	word_label	yy_11	yy_11	11	0.807065484884922
sub-22	meta_metaphor	meta_R_temporal_pole	yy	YY	word_label	yy_22	yy_22	22	0.7222293583051194
sub-22	meta_metaphor	meta_R_temporal_pole	yy	YY	word_label	yy_23	yy_23	23	0.004759082617045323
sub-22	meta_metaphor	meta_R_temporal_pole	yy	YY	word_label	yy_4	yy_4	4	-0.593351230773758
sub-22	meta_metaphor	meta_R_temporal_pole	yy	YY	word_label	yy_13	yy_13	13	-0.13174407352200468
sub-22	meta_metaphor	meta_R_temporal_pole	yy	YY	word_label	yy_16	yy_16	16	0.25815231328960525
sub-22	meta_metaphor	meta_R_temporal_pole	yy	YY	word_label	yy_35	yy_35	35	0.5878551500820165
sub-22	meta_metaphor	meta_R_temporal_pole	yy	YY	word_label	yy_9	yy_9	9	0.8637039536062812
sub-22	meta_metaphor	meta_R_temporal_pole	yy	YY	word_label	yy_29	yy_29	29	0.792975552707368
sub-22	meta_metaphor	meta_R_temporal_pole	yy	YY	word_label	yy_40	yy_40	40	-0.8721507784497283
sub-22	meta_metaphor	meta_R_temporal_pole	yy	YY	word_label	yy_33	yy_33	33	-0.4838288790715029
sub-22	meta_metaphor	meta_R_temporal_pole	yy	YY	word_label	yy_12	yy_12	12	0.7664101714150752
sub-22	meta_metaphor	meta_R_temporal_pole	yy	YY	word_label	yy_28	yy_28	28	0.5887571162526678
sub-22	meta_metaphor	meta_R_temporal_pole	yy	YY	word_label	yy_18	yy_18	18	-0.16161821820922567
sub-22	meta_metaphor	meta_R_temporal_pole	yy	YY	word_label	yy_26	yy_26	26	0.20673252708256415
sub-22	meta_metaphor	meta_R_temporal_pole	yy	YY	word_label	yy_39	yy_39	39	-0.44371386299872273
sub-22	meta_metaphor	meta_R_temporal_pole	yy	YY	word_label	yy_2	yy_2	2	0.4649911284625903
sub-22	meta_metaphor	meta_R_temporal_pole	yy	YY	word_label	yy_32	yy_32	32	0.40286920894942485
sub-22	meta_metaphor	meta_R_temporal_pole	yy	YY	word_label	yy_19	yy_19	19	-0.9268610081918287
sub-22	meta_metaphor	meta_R_temporal_pole	yy	YY	word_label	yy_6	yy_6	6	-0.8575275204690692
sub-22	meta_metaphor	meta_R_temporal_pole	yy	YY	word_label	yy_36	yy_36	36	0.4386247272970545
sub-22	meta_metaphor	meta_R_temporal_pole	yy	YY	word_label	yy_8	yy_8	8	0.30841870740094096
sub-22	meta_metaphor	meta_R_temporal_pole	yy	YY	word_label	yy_5	yy_5	5	0.48139445348264864
sub-22	meta_metaphor	meta_R_temporal_pole	yy	YY	word_label	yy_21	yy_21	21	-0.45049363126475406
sub-22	meta_metaphor	meta_R_temporal_pole	yy	YY	word_label	yy_38	yy_38	38	0.053370180146264254
sub-22	meta_metaphor	meta_R_temporal_pole	yy	YY	word_label	yy_7	yy_7	7	0.029708443955794556
sub-22	meta_metaphor	meta_R_temporal_pole	kj	KJ	word_label	kj_12	kj_12	12	0.6069464430753322
sub-22	meta_metaphor	meta_R_temporal_pole	kj	KJ	word_label	kj_5	kj_5	5	-0.8106684196625866
sub-22	meta_metaphor	meta_R_temporal_pole	kj	KJ	word_label	kj_10	kj_10	10	0.4912880985464968
sub-22	meta_metaphor	meta_R_temporal_pole	kj	KJ	word_label	kj_7	kj_7	7	0.26531376846406624
sub-22	meta_metaphor	meta_R_temporal_pole	kj	KJ	word_label	kj_39	kj_39	39	-0.3505558815230173
sub-22	meta_metaphor	meta_R_temporal_pole	kj	KJ	word_label	kj_30	kj_30	30	0.5720950398709824
sub-22	meta_metaphor	meta_R_temporal_pole	kj	KJ	word_label	kj_28	kj_28	28	0.541721060540976
sub-22	meta_metaphor	meta_R_temporal_pole	kj	KJ	word_label	kj_22	kj_22	22	0.3868466457047793
sub-22	meta_metaphor	meta_R_temporal_pole	kj	KJ	word_label	kj_26	kj_26	26	-0.7136471177041818
sub-22	meta_metaphor	meta_R_temporal_pole	kj	KJ	word_label	kj_17	kj_17	17	-0.44100021512430204
sub-22	meta_metaphor	meta_R_temporal_pole	kj	KJ	word_label	kj_3	kj_3	3	0.7635237064939526
sub-22	meta_metaphor	meta_R_temporal_pole	kj	KJ	word_label	kj_21	kj_21	21	-0.4105243626140991
sub-22	meta_metaphor	meta_R_temporal_pole	kj	KJ	word_label	kj_1	kj_1	1	0.8553831904328144
sub-22	meta_metaphor	meta_R_temporal_pole	kj	KJ	word_label	kj_15	kj_15	15	0.8386240351753511
sub-22	meta_metaphor	meta_R_temporal_pole	kj	KJ	word_label	kj_24	kj_24	24	0.4611956748993249
sub-22	meta_metaphor	meta_R_temporal_pole	kj	KJ	word_label	kj_29	kj_29	29	0.8375224926221841
sub-22	meta_metaphor	meta_R_temporal_pole	kj	KJ	word_label	kj_8	kj_8	8	-0.23602379839727208
sub-22	meta_metaphor	meta_R_temporal_pole	kj	KJ	word_label	kj_6	kj_6	6	-0.11729523508344895
sub-22	meta_metaphor	meta_R_temporal_pole	kj	KJ	word_label	kj_13	kj_13	13	0.6956418471101071
sub-22	meta_metaphor	meta_R_temporal_pole	kj	KJ	word_label	kj_14	kj_14	14	0.7929867912576495
sub-22	meta_metaphor	meta_R_temporal_pole	kj	KJ	word_label	kj_38	kj_38	38	-0.4072345933548043
sub-22	meta_metaphor	meta_R_temporal_pole	kj	KJ	word_label	kj_31	kj_31	31	-0.2017468598512728
sub-22	meta_metaphor	meta_R_temporal_pole	kj	KJ	word_label	kj_2	kj_2	2	-0.2824791442096419
sub-22	meta_metaphor	meta_R_temporal_pole	kj	KJ	word_label	kj_25	kj_25	25	0.14130652515357048
sub-22	meta_metaphor	meta_R_temporal_pole	kj	KJ	word_label	kj_20	kj_20	20	-0.4494867686687826
sub-22	meta_metaphor	meta_R_temporal_pole	kj	KJ	word_label	kj_23	kj_23	23	0.10530746678359112
sub-22	meta_metaphor	meta_R_temporal_pole	kj	KJ	word_label	kj_34	kj_34	34	0.2640156226863396
sub-22	meta_metaphor	meta_R_temporal_pole	kj	KJ	word_label	kj_9	kj_9	9	-0.5950242357502892
sub-22	meta_metaphor	meta_R_temporal_pole	kj	KJ	word_label	kj_36	kj_36	36	0.506052385775152
sub-22	meta_metaphor	meta_R_temporal_pole	kj	KJ	word_label	kj_16	kj_16	16	-0.15281664101990286
sub-22	meta_metaphor	meta_R_temporal_pole	kj	KJ	word_label	kj_19	kj_19	19	0.15754833866436047
sub-22	meta_metaphor	meta_R_temporal_pole	kj	KJ	word_label	kj_37	kj_37	37	0.836964808126972
sub-22	meta_metaphor	meta_R_temporal_pole	kj	KJ	word_label	kj_27	kj_27	27	0.2029488538092653
sub-22	meta_metaphor	meta_R_temporal_pole	kj	KJ	word_label	kj_33	kj_33	33	-0.44115134798393285
sub-22	meta_metaphor	meta_R_temporal_pole	kj	KJ	word_label	kj_11	kj_11	11	-0.9052827934306478
sub-23	meta_metaphor	meta_L_AG	yy	YY	word_label	yy_15	yy_15	15	-0.6092170983622033
sub-23	meta_metaphor	meta_L_AG	yy	YY	word_label	yy_35	yy_35	35	-0.3067607950172617
sub-23	meta_metaphor	meta_L_AG	yy	YY	word_label	yy_14	yy_14	14	0.557594853183428
sub-23	meta_metaphor	meta_L_AG	yy	YY	word_label	yy_37	yy_37	37	0.29209812315021283
sub-23	meta_metaphor	meta_L_AG	yy	YY	word_label	yy_13	yy_13	13	0.23403442165723762
sub-23	meta_metaphor	meta_L_AG	yy	YY	word_label	yy_4	yy_4	4	-0.3003781462059351
sub-23	meta_metaphor	meta_L_AG	yy	YY	word_label	yy_19	yy_19	19	0.35636986816230676
sub-23	meta_metaphor	meta_L_AG	yy	YY	word_label	yy_22	yy_22	22	0.8091077411249064
sub-23	meta_metaphor	meta_L_AG	yy	YY	word_label	yy_18	yy_18	18	0.7084679621499211
sub-23	meta_metaphor	meta_L_AG	yy	YY	word_label	yy_21	yy_21	21	0.007443578944832927
sub-23	meta_metaphor	meta_L_AG	yy	YY	word_label	yy_7	yy_7	7	0.41562027265790746
sub-23	meta_metaphor	meta_L_AG	yy	YY	word_label	yy_23	yy_23	23	0.7177237861496722
sub-23	meta_metaphor	meta_L_AG	yy	YY	word_label	yy_16	yy_16	16	-0.17398824351472594
sub-23	meta_metaphor	meta_L_AG	yy	YY	word_label	yy_2	yy_2	2	-0.5685400098877941
sub-23	meta_metaphor	meta_L_AG	yy	YY	word_label	yy_28	yy_28	28	0.012687083315821954
sub-23	meta_metaphor	meta_L_AG	yy	YY	word_label	yy_38	yy_38	38	0.09295047365573081
sub-23	meta_metaphor	meta_L_AG	yy	YY	word_label	yy_33	yy_33	33	0.44194917160958114
sub-23	meta_metaphor	meta_L_AG	yy	YY	word_label	yy_26	yy_26	26	0.11456434914624632
sub-23	meta_metaphor	meta_L_AG	yy	YY	word_label	yy_29	yy_29	29	-0.5980788237924773
sub-23	meta_metaphor	meta_L_AG	yy	YY	word_label	yy_5	yy_5	5	0.7556045997501982
sub-23	meta_metaphor	meta_L_AG	yy	YY	word_label	yy_9	yy_9	9	-0.5814260385536476
sub-23	meta_metaphor	meta_L_AG	yy	YY	word_label	yy_32	yy_32	32	0.4049516803474867
sub-23	meta_metaphor	meta_L_AG	yy	YY	word_label	yy_12	yy_12	12	-0.15491464838634172
sub-23	meta_metaphor	meta_L_AG	yy	YY	word_label	yy_6	yy_6	6	0.6254740653290747
sub-23	meta_metaphor	meta_L_AG	yy	YY	word_label	yy_17	yy_17	17	0.4329131485583033
sub-23	meta_metaphor	meta_L_AG	yy	YY	word_label	yy_3	yy_3	3	-0.1218737357536053
sub-23	meta_metaphor	meta_L_AG	yy	YY	word_label	yy_24	yy_24	24	-0.3839821519637831
sub-23	meta_metaphor	meta_L_AG	yy	YY	word_label	yy_8	yy_8	8	0.14318215780951218
sub-23	meta_metaphor	meta_L_AG	yy	YY	word_label	yy_39	yy_39	39	0.22502366759860654
sub-23	meta_metaphor	meta_L_AG	yy	YY	word_label	yy_11	yy_11	11	-0.027561617697594017
sub-23	meta_metaphor	meta_L_AG	yy	YY	word_label	yy_40	yy_40	40	0.5687182545841227
sub-23	meta_metaphor	meta_L_AG	yy	YY	word_label	yy_10	yy_10	10	0.6280898717755277
sub-23	meta_metaphor	meta_L_AG	yy	YY	word_label	yy_36	yy_36	36	0.11224301562047606
sub-23	meta_metaphor	meta_L_AG	yy	YY	word_label	yy_1	yy_1	1	0.5833516931448727
sub-23	meta_metaphor	meta_L_AG	yy	YY	word_label	yy_27	yy_27	27	0.7084836261324262
sub-23	meta_metaphor	meta_L_AG	kj	KJ	word_label	kj_22	kj_22	22	0.6348378701293632
sub-23	meta_metaphor	meta_L_AG	kj	KJ	word_label	kj_15	kj_15	15	-0.658202062410892
sub-23	meta_metaphor	meta_L_AG	kj	KJ	word_label	kj_26	kj_26	26	0.8377159199994648
sub-23	meta_metaphor	meta_L_AG	kj	KJ	word_label	kj_14	kj_14	14	0.7351101266867474
sub-23	meta_metaphor	meta_L_AG	kj	KJ	word_label	kj_30	kj_30	30	0.07077403068570805
sub-23	meta_metaphor	meta_L_AG	kj	KJ	word_label	kj_1	kj_1	1	0.3184167395562512
sub-23	meta_metaphor	meta_L_AG	kj	KJ	word_label	kj_17	kj_17	17	0.12452527857466955
sub-23	meta_metaphor	meta_L_AG	kj	KJ	word_label	kj_23	kj_23	23	0.0951877084215148
sub-23	meta_metaphor	meta_L_AG	kj	KJ	word_label	kj_10	kj_10	10	0.4677792888496134
sub-23	meta_metaphor	meta_L_AG	kj	KJ	word_label	kj_11	kj_11	11	0.11496292707436577
sub-23	meta_metaphor	meta_L_AG	kj	KJ	word_label	kj_2	kj_2	2	0.36749744623491676
sub-23	meta_metaphor	meta_L_AG	kj	KJ	word_label	kj_36	kj_36	36	0.762985116269275
sub-23	meta_metaphor	meta_L_AG	kj	KJ	word_label	kj_16	kj_16	16	0.039173917454884376
sub-23	meta_metaphor	meta_L_AG	kj	KJ	word_label	kj_21	kj_21	21	-0.43179875517641786
sub-23	meta_metaphor	meta_L_AG	kj	KJ	word_label	kj_38	kj_38	38	-0.19210959352180243
sub-23	meta_metaphor	meta_L_AG	kj	KJ	word_label	kj_24	kj_24	24	0.34674323261529627
sub-23	meta_metaphor	meta_L_AG	kj	KJ	word_label	kj_37	kj_37	37	0.5521991648776768
sub-23	meta_metaphor	meta_L_AG	kj	KJ	word_label	kj_33	kj_33	33	0.25547686542586256
sub-23	meta_metaphor	meta_L_AG	kj	KJ	word_label	kj_13	kj_13	13	0.6552306767163614
sub-23	meta_metaphor	meta_L_AG	kj	KJ	word_label	kj_34	kj_34	34	0.6533519780491267
sub-23	meta_metaphor	meta_L_AG	kj	KJ	word_label	kj_5	kj_5	5	0.0003745440685343083
sub-23	meta_metaphor	meta_L_AG	kj	KJ	word_label	kj_6	kj_6	6	-0.23782135958093442
sub-23	meta_metaphor	meta_L_AG	kj	KJ	word_label	kj_25	kj_25	25	0.22887182107977475
sub-23	meta_metaphor	meta_L_AG	kj	KJ	word_label	kj_8	kj_8	8	-0.1979840820742472
sub-23	meta_metaphor	meta_L_AG	kj	KJ	word_label	kj_28	kj_28	28	0.15834326141722366
sub-23	meta_metaphor	meta_L_AG	kj	KJ	word_label	kj_27	kj_27	27	0.5037490376258389
sub-23	meta_metaphor	meta_L_AG	kj	KJ	word_label	kj_29	kj_29	29	0.3350498443293464
sub-23	meta_metaphor	meta_L_AG	kj	KJ	word_label	kj_12	kj_12	12	0.059367499216883855
sub-23	meta_metaphor	meta_L_AG	kj	KJ	word_label	kj_3	kj_3	3	0.3298363670560958
sub-23	meta_metaphor	meta_L_AG	kj	KJ	word_label	kj_7	kj_7	7	0.7255680571878932
sub-23	meta_metaphor	meta_L_AG	kj	KJ	word_label	kj_39	kj_39	39	-0.4137080231581351
sub-23	meta_metaphor	meta_L_AG	kj	KJ	word_label	kj_9	kj_9	9	0.47532278167700137
sub-23	meta_metaphor	meta_L_AG	kj	KJ	word_label	kj_19	kj_19	19	-0.2354599705317617
sub-23	meta_metaphor	meta_L_AG	kj	KJ	word_label	kj_31	kj_31	31	0.5903062571832264
sub-23	meta_metaphor	meta_L_AG	kj	KJ	word_label	kj_20	kj_20	20	0.7236503753040491
sub-23	meta_metaphor	meta_L_IFG	yy	YY	word_label	yy_15	yy_15	15	-0.0683198240152874
sub-23	meta_metaphor	meta_L_IFG	yy	YY	word_label	yy_35	yy_35	35	-0.20076394614820864
sub-23	meta_metaphor	meta_L_IFG	yy	YY	word_label	yy_14	yy_14	14	-0.24170884748173713
sub-23	meta_metaphor	meta_L_IFG	yy	YY	word_label	yy_37	yy_37	37	-0.04172490808169781
sub-23	meta_metaphor	meta_L_IFG	yy	YY	word_label	yy_13	yy_13	13	-0.13701569879699585
sub-23	meta_metaphor	meta_L_IFG	yy	YY	word_label	yy_4	yy_4	4	0.5633405502705219
sub-23	meta_metaphor	meta_L_IFG	yy	YY	word_label	yy_19	yy_19	19	-0.07811382392711567
sub-23	meta_metaphor	meta_L_IFG	yy	YY	word_label	yy_22	yy_22	22	0.31109820890293743
sub-23	meta_metaphor	meta_L_IFG	yy	YY	word_label	yy_18	yy_18	18	0.3112724758515185
sub-23	meta_metaphor	meta_L_IFG	yy	YY	word_label	yy_21	yy_21	21	-0.513352114814265
sub-23	meta_metaphor	meta_L_IFG	yy	YY	word_label	yy_7	yy_7	7	0.5146251544396974
sub-23	meta_metaphor	meta_L_IFG	yy	YY	word_label	yy_23	yy_23	23	-0.11100072232042442
sub-23	meta_metaphor	meta_L_IFG	yy	YY	word_label	yy_16	yy_16	16	-0.08406213823574414
sub-23	meta_metaphor	meta_L_IFG	yy	YY	word_label	yy_2	yy_2	2	-0.1737972358024029
sub-23	meta_metaphor	meta_L_IFG	yy	YY	word_label	yy_28	yy_28	28	-0.11706452892470325
sub-23	meta_metaphor	meta_L_IFG	yy	YY	word_label	yy_38	yy_38	38	0.0607703962691622
sub-23	meta_metaphor	meta_L_IFG	yy	YY	word_label	yy_33	yy_33	33	-0.34370152151980393
sub-23	meta_metaphor	meta_L_IFG	yy	YY	word_label	yy_26	yy_26	26	-0.2952427025803676
sub-23	meta_metaphor	meta_L_IFG	yy	YY	word_label	yy_29	yy_29	29	-0.6077886358475051
sub-23	meta_metaphor	meta_L_IFG	yy	YY	word_label	yy_5	yy_5	5	0.10156800768094938
sub-23	meta_metaphor	meta_L_IFG	yy	YY	word_label	yy_9	yy_9	9	-0.26358114309321223
sub-23	meta_metaphor	meta_L_IFG	yy	YY	word_label	yy_32	yy_32	32	-0.3042624971162272
sub-23	meta_metaphor	meta_L_IFG	yy	YY	word_label	yy_12	yy_12	12	0.08915311368162507
sub-23	meta_metaphor	meta_L_IFG	yy	YY	word_label	yy_6	yy_6	6	0.0185555531935567
sub-23	meta_metaphor	meta_L_IFG	yy	YY	word_label	yy_17	yy_17	17	0.004592815624217399
sub-23	meta_metaphor	meta_L_IFG	yy	YY	word_label	yy_3	yy_3	3	-0.09584472407908295
sub-23	meta_metaphor	meta_L_IFG	yy	YY	word_label	yy_24	yy_24	24	0.3090826410730101
sub-23	meta_metaphor	meta_L_IFG	yy	YY	word_label	yy_8	yy_8	8	-0.12455343900189612
sub-23	meta_metaphor	meta_L_IFG	yy	YY	word_label	yy_39	yy_39	39	0.29318861116465167
sub-23	meta_metaphor	meta_L_IFG	yy	YY	word_label	yy_11	yy_11	11	0.09893952363153286
sub-23	meta_metaphor	meta_L_IFG	yy	YY	word_label	yy_40	yy_40	40	-0.4614841394583656
sub-23	meta_metaphor	meta_L_IFG	yy	YY	word_label	yy_10	yy_10	10	0.4089960281269171
sub-23	meta_metaphor	meta_L_IFG	yy	YY	word_label	yy_36	yy_36	36	0.0005275522901968016
sub-23	meta_metaphor	meta_L_IFG	yy	YY	word_label	yy_1	yy_1	1	-0.4629508745125816
sub-23	meta_metaphor	meta_L_IFG	yy	YY	word_label	yy_27	yy_27	27	-0.4922832815790956
sub-23	meta_metaphor	meta_L_IFG	kj	KJ	word_label	kj_22	kj_22	22	-0.11561389589666843
sub-23	meta_metaphor	meta_L_IFG	kj	KJ	word_label	kj_15	kj_15	15	0.1207734598144251
sub-23	meta_metaphor	meta_L_IFG	kj	KJ	word_label	kj_26	kj_26	26	-0.2648474863325849
sub-23	meta_metaphor	meta_L_IFG	kj	KJ	word_label	kj_14	kj_14	14	-0.1341008008007504
sub-23	meta_metaphor	meta_L_IFG	kj	KJ	word_label	kj_30	kj_30	30	-0.3147636479703687
sub-23	meta_metaphor	meta_L_IFG	kj	KJ	word_label	kj_1	kj_1	1	-0.0037350508781459806
sub-23	meta_metaphor	meta_L_IFG	kj	KJ	word_label	kj_17	kj_17	17	-0.4110663574736889
sub-23	meta_metaphor	meta_L_IFG	kj	KJ	word_label	kj_23	kj_23	23	-0.2514798761616158
sub-23	meta_metaphor	meta_L_IFG	kj	KJ	word_label	kj_10	kj_10	10	-0.06663221294967163
sub-23	meta_metaphor	meta_L_IFG	kj	KJ	word_label	kj_11	kj_11	11	-0.4892421101992115
sub-23	meta_metaphor	meta_L_IFG	kj	KJ	word_label	kj_2	kj_2	2	-0.005479816306516877
sub-23	meta_metaphor	meta_L_IFG	kj	KJ	word_label	kj_36	kj_36	36	0.00894019200612542
sub-23	meta_metaphor	meta_L_IFG	kj	KJ	word_label	kj_16	kj_16	16	-0.29568151525378844
sub-23	meta_metaphor	meta_L_IFG	kj	KJ	word_label	kj_21	kj_21	21	-0.09484085898010712
sub-23	meta_metaphor	meta_L_IFG	kj	KJ	word_label	kj_38	kj_38	38	-0.33498495226055686
sub-23	meta_metaphor	meta_L_IFG	kj	KJ	word_label	kj_24	kj_24	24	-0.45965814917529657
sub-23	meta_metaphor	meta_L_IFG	kj	KJ	word_label	kj_37	kj_37	37	0.30310062390125353
sub-23	meta_metaphor	meta_L_IFG	kj	KJ	word_label	kj_33	kj_33	33	-0.4718304728954902
sub-23	meta_metaphor	meta_L_IFG	kj	KJ	word_label	kj_13	kj_13	13	0.26629963484206276
sub-23	meta_metaphor	meta_L_IFG	kj	KJ	word_label	kj_34	kj_34	34	0.3703420945427491
sub-23	meta_metaphor	meta_L_IFG	kj	KJ	word_label	kj_5	kj_5	5	-0.6167292787072731
sub-23	meta_metaphor	meta_L_IFG	kj	KJ	word_label	kj_6	kj_6	6	0.1663787796282946
sub-23	meta_metaphor	meta_L_IFG	kj	KJ	word_label	kj_25	kj_25	25	-0.43630780665372615
sub-23	meta_metaphor	meta_L_IFG	kj	KJ	word_label	kj_8	kj_8	8	0.6031850400165847
sub-23	meta_metaphor	meta_L_IFG	kj	KJ	word_label	kj_28	kj_28	28	0.449939030232782
sub-23	meta_metaphor	meta_L_IFG	kj	KJ	word_label	kj_27	kj_27	27	-0.2952885503499914
sub-23	meta_metaphor	meta_L_IFG	kj	KJ	word_label	kj_29	kj_29	29	0.19990886289642906
sub-23	meta_metaphor	meta_L_IFG	kj	KJ	word_label	kj_12	kj_12	12	-0.2551831750889061
sub-23	meta_metaphor	meta_L_IFG	kj	KJ	word_label	kj_3	kj_3	3	0.5804255421107828
sub-23	meta_metaphor	meta_L_IFG	kj	KJ	word_label	kj_7	kj_7	7	0.0961198375864278
sub-23	meta_metaphor	meta_L_IFG	kj	KJ	word_label	kj_39	kj_39	39	-0.5160323246614634
sub-23	meta_metaphor	meta_L_IFG	kj	KJ	word_label	kj_9	kj_9	9	0.17702897682523944
sub-23	meta_metaphor	meta_L_IFG	kj	KJ	word_label	kj_19	kj_19	19	-0.13231106199026296
sub-23	meta_metaphor	meta_L_IFG	kj	KJ	word_label	kj_31	kj_31	31	0.02260533810432643
sub-23	meta_metaphor	meta_L_IFG	kj	KJ	word_label	kj_20	kj_20	20	0.7534755378939787
sub-23	meta_metaphor	meta_L_pMTG_pSTS	yy	YY	word_label	yy_15	yy_15	15	-0.6252322656310212
sub-23	meta_metaphor	meta_L_pMTG_pSTS	yy	YY	word_label	yy_35	yy_35	35	-0.257145856892401
sub-23	meta_metaphor	meta_L_pMTG_pSTS	yy	YY	word_label	yy_14	yy_14	14	0.4575881128298418
sub-23	meta_metaphor	meta_L_pMTG_pSTS	yy	YY	word_label	yy_37	yy_37	37	-0.315447981064715
sub-23	meta_metaphor	meta_L_pMTG_pSTS	yy	YY	word_label	yy_13	yy_13	13	0.6304505558276136
sub-23	meta_metaphor	meta_L_pMTG_pSTS	yy	YY	word_label	yy_4	yy_4	4	0.4561834206119174
sub-23	meta_metaphor	meta_L_pMTG_pSTS	yy	YY	word_label	yy_19	yy_19	19	0.380235892194932
sub-23	meta_metaphor	meta_L_pMTG_pSTS	yy	YY	word_label	yy_22	yy_22	22	0.06834491039362381
sub-23	meta_metaphor	meta_L_pMTG_pSTS	yy	YY	word_label	yy_18	yy_18	18	0.6122808368440829
sub-23	meta_metaphor	meta_L_pMTG_pSTS	yy	YY	word_label	yy_21	yy_21	21	-0.2872740207088442
sub-23	meta_metaphor	meta_L_pMTG_pSTS	yy	YY	word_label	yy_7	yy_7	7	0.5702636025981997
sub-23	meta_metaphor	meta_L_pMTG_pSTS	yy	YY	word_label	yy_23	yy_23	23	0.23862650766266996
sub-23	meta_metaphor	meta_L_pMTG_pSTS	yy	YY	word_label	yy_16	yy_16	16	0.6234794866329615
sub-23	meta_metaphor	meta_L_pMTG_pSTS	yy	YY	word_label	yy_2	yy_2	2	-0.3229650897633855
sub-23	meta_metaphor	meta_L_pMTG_pSTS	yy	YY	word_label	yy_28	yy_28	28	0.7414592925335008
sub-23	meta_metaphor	meta_L_pMTG_pSTS	yy	YY	word_label	yy_38	yy_38	38	-0.531801709196539
sub-23	meta_metaphor	meta_L_pMTG_pSTS	yy	YY	word_label	yy_33	yy_33	33	0.5555146523342037
sub-23	meta_metaphor	meta_L_pMTG_pSTS	yy	YY	word_label	yy_26	yy_26	26	0.30126539812514025
sub-23	meta_metaphor	meta_L_pMTG_pSTS	yy	YY	word_label	yy_29	yy_29	29	-0.5847474184340934
sub-23	meta_metaphor	meta_L_pMTG_pSTS	yy	YY	word_label	yy_5	yy_5	5	0.7452496487449313
sub-23	meta_metaphor	meta_L_pMTG_pSTS	yy	YY	word_label	yy_9	yy_9	9	0.24028157839065947
sub-23	meta_metaphor	meta_L_pMTG_pSTS	yy	YY	word_label	yy_32	yy_32	32	-0.2767902793730983
sub-23	meta_metaphor	meta_L_pMTG_pSTS	yy	YY	word_label	yy_12	yy_12	12	0.2982632445503563
sub-23	meta_metaphor	meta_L_pMTG_pSTS	yy	YY	word_label	yy_6	yy_6	6	0.8600811989269223
sub-23	meta_metaphor	meta_L_pMTG_pSTS	yy	YY	word_label	yy_17	yy_17	17	-0.43188816165943555
sub-23	meta_metaphor	meta_L_pMTG_pSTS	yy	YY	word_label	yy_3	yy_3	3	-0.6030698692631303
sub-23	meta_metaphor	meta_L_pMTG_pSTS	yy	YY	word_label	yy_24	yy_24	24	0.5957772013815831
sub-23	meta_metaphor	meta_L_pMTG_pSTS	yy	YY	word_label	yy_8	yy_8	8	-0.00041562795097571653
sub-23	meta_metaphor	meta_L_pMTG_pSTS	yy	YY	word_label	yy_39	yy_39	39	-0.13716892531821048
sub-23	meta_metaphor	meta_L_pMTG_pSTS	yy	YY	word_label	yy_11	yy_11	11	0.7663540932393027
sub-23	meta_metaphor	meta_L_pMTG_pSTS	yy	YY	word_label	yy_40	yy_40	40	-0.4550584812947821
sub-23	meta_metaphor	meta_L_pMTG_pSTS	yy	YY	word_label	yy_10	yy_10	10	0.14937410213173238
sub-23	meta_metaphor	meta_L_pMTG_pSTS	yy	YY	word_label	yy_36	yy_36	36	0.5609188375304079
sub-23	meta_metaphor	meta_L_pMTG_pSTS	yy	YY	word_label	yy_1	yy_1	1	0.21180402261440542
sub-23	meta_metaphor	meta_L_pMTG_pSTS	yy	YY	word_label	yy_27	yy_27	27	0.35086405305768303
sub-23	meta_metaphor	meta_L_pMTG_pSTS	kj	KJ	word_label	kj_22	kj_22	22	-0.059267986907002836
sub-23	meta_metaphor	meta_L_pMTG_pSTS	kj	KJ	word_label	kj_15	kj_15	15	-0.5076795513990563
sub-23	meta_metaphor	meta_L_pMTG_pSTS	kj	KJ	word_label	kj_26	kj_26	26	0.7744652456580463
sub-23	meta_metaphor	meta_L_pMTG_pSTS	kj	KJ	word_label	kj_14	kj_14	14	0.6132096948651394
sub-23	meta_metaphor	meta_L_pMTG_pSTS	kj	KJ	word_label	kj_30	kj_30	30	-0.4493807739788398
sub-23	meta_metaphor	meta_L_pMTG_pSTS	kj	KJ	word_label	kj_1	kj_1	1	-0.4721872213113873
sub-23	meta_metaphor	meta_L_pMTG_pSTS	kj	KJ	word_label	kj_17	kj_17	17	0.417816690106897
sub-23	meta_metaphor	meta_L_pMTG_pSTS	kj	KJ	word_label	kj_23	kj_23	23	0.39369534589646277
sub-23	meta_metaphor	meta_L_pMTG_pSTS	kj	KJ	word_label	kj_10	kj_10	10	-0.5879394118403091
sub-23	meta_metaphor	meta_L_pMTG_pSTS	kj	KJ	word_label	kj_11	kj_11	11	0.10628807584636599
sub-23	meta_metaphor	meta_L_pMTG_pSTS	kj	KJ	word_label	kj_2	kj_2	2	0.1101825389644699
sub-23	meta_metaphor	meta_L_pMTG_pSTS	kj	KJ	word_label	kj_36	kj_36	36	0.43494144577891874
sub-23	meta_metaphor	meta_L_pMTG_pSTS	kj	KJ	word_label	kj_16	kj_16	16	0.12546620438278172
sub-23	meta_metaphor	meta_L_pMTG_pSTS	kj	KJ	word_label	kj_21	kj_21	21	-0.7975354508514452
sub-23	meta_metaphor	meta_L_pMTG_pSTS	kj	KJ	word_label	kj_38	kj_38	38	-0.3017414316324345
sub-23	meta_metaphor	meta_L_pMTG_pSTS	kj	KJ	word_label	kj_24	kj_24	24	0.23189769205644914
sub-23	meta_metaphor	meta_L_pMTG_pSTS	kj	KJ	word_label	kj_37	kj_37	37	0.29139051854845543
sub-23	meta_metaphor	meta_L_pMTG_pSTS	kj	KJ	word_label	kj_33	kj_33	33	0.00537581125669425
sub-23	meta_metaphor	meta_L_pMTG_pSTS	kj	KJ	word_label	kj_13	kj_13	13	-0.3329245695303211
sub-23	meta_metaphor	meta_L_pMTG_pSTS	kj	KJ	word_label	kj_34	kj_34	34	0.7709423033156909
sub-23	meta_metaphor	meta_L_pMTG_pSTS	kj	KJ	word_label	kj_5	kj_5	5	0.4568533643478536
sub-23	meta_metaphor	meta_L_pMTG_pSTS	kj	KJ	word_label	kj_6	kj_6	6	0.30339031205229106
sub-23	meta_metaphor	meta_L_pMTG_pSTS	kj	KJ	word_label	kj_25	kj_25	25	0.5068600543311527
sub-23	meta_metaphor	meta_L_pMTG_pSTS	kj	KJ	word_label	kj_8	kj_8	8	-0.0362409400384693
sub-23	meta_metaphor	meta_L_pMTG_pSTS	kj	KJ	word_label	kj_28	kj_28	28	0.4846220284855502
sub-23	meta_metaphor	meta_L_pMTG_pSTS	kj	KJ	word_label	kj_27	kj_27	27	0.6381594333449959
sub-23	meta_metaphor	meta_L_pMTG_pSTS	kj	KJ	word_label	kj_29	kj_29	29	0.3911081944683076
sub-23	meta_metaphor	meta_L_pMTG_pSTS	kj	KJ	word_label	kj_12	kj_12	12	0.6042747896790056
sub-23	meta_metaphor	meta_L_pMTG_pSTS	kj	KJ	word_label	kj_3	kj_3	3	0.470562319565415
sub-23	meta_metaphor	meta_L_pMTG_pSTS	kj	KJ	word_label	kj_7	kj_7	7	0.7056689604852076
sub-23	meta_metaphor	meta_L_pMTG_pSTS	kj	KJ	word_label	kj_39	kj_39	39	-0.47779503718782146
sub-23	meta_metaphor	meta_L_pMTG_pSTS	kj	KJ	word_label	kj_9	kj_9	9	0.6179278660991654
sub-23	meta_metaphor	meta_L_pMTG_pSTS	kj	KJ	word_label	kj_19	kj_19	19	-0.38758793744754033
sub-23	meta_metaphor	meta_L_pMTG_pSTS	kj	KJ	word_label	kj_31	kj_31	31	0.6540586414153939
sub-23	meta_metaphor	meta_L_pMTG_pSTS	kj	KJ	word_label	kj_20	kj_20	20	0.5688484182086497
sub-23	meta_metaphor	meta_L_temporal_pole	yy	YY	word_label	yy_15	yy_15	15	0.8881790621790997
sub-23	meta_metaphor	meta_L_temporal_pole	yy	YY	word_label	yy_35	yy_35	35	-0.7997236799028837
sub-23	meta_metaphor	meta_L_temporal_pole	yy	YY	word_label	yy_14	yy_14	14	0.5434644851142159
sub-23	meta_metaphor	meta_L_temporal_pole	yy	YY	word_label	yy_37	yy_37	37	0.43387653221242684
sub-23	meta_metaphor	meta_L_temporal_pole	yy	YY	word_label	yy_13	yy_13	13	-0.8748331432412997
sub-23	meta_metaphor	meta_L_temporal_pole	yy	YY	word_label	yy_4	yy_4	4	-0.9018240045676839
sub-23	meta_metaphor	meta_L_temporal_pole	yy	YY	word_label	yy_19	yy_19	19	-0.6415722237622645
sub-23	meta_metaphor	meta_L_temporal_pole	yy	YY	word_label	yy_22	yy_22	22	0.9144851846377177
sub-23	meta_metaphor	meta_L_temporal_pole	yy	YY	word_label	yy_18	yy_18	18	0.8389146641800628
sub-23	meta_metaphor	meta_L_temporal_pole	yy	YY	word_label	yy_21	yy_21	21	-0.1072002832957139
sub-23	meta_metaphor	meta_L_temporal_pole	yy	YY	word_label	yy_7	yy_7	7	-0.4720679797566151
sub-23	meta_metaphor	meta_L_temporal_pole	yy	YY	word_label	yy_23	yy_23	23	-0.818879320837382
sub-23	meta_metaphor	meta_L_temporal_pole	yy	YY	word_label	yy_16	yy_16	16	0.8987437076886621
sub-23	meta_metaphor	meta_L_temporal_pole	yy	YY	word_label	yy_2	yy_2	2	-0.07168616702269663
sub-23	meta_metaphor	meta_L_temporal_pole	yy	YY	word_label	yy_28	yy_28	28	0.558665981295743
sub-23	meta_metaphor	meta_L_temporal_pole	yy	YY	word_label	yy_38	yy_38	38	0.12995731206818445
sub-23	meta_metaphor	meta_L_temporal_pole	yy	YY	word_label	yy_33	yy_33	33	-0.8475677310345361
sub-23	meta_metaphor	meta_L_temporal_pole	yy	YY	word_label	yy_26	yy_26	26	-0.025844702892116357
sub-23	meta_metaphor	meta_L_temporal_pole	yy	YY	word_label	yy_29	yy_29	29	-0.24917789284590372
sub-23	meta_metaphor	meta_L_temporal_pole	yy	YY	word_label	yy_5	yy_5	5	0.6640261358179718
sub-23	meta_metaphor	meta_L_temporal_pole	yy	YY	word_label	yy_9	yy_9	9	0.07689982368520121
sub-23	meta_metaphor	meta_L_temporal_pole	yy	YY	word_label	yy_32	yy_32	32	-0.1407715880237833
sub-23	meta_metaphor	meta_L_temporal_pole	yy	YY	word_label	yy_12	yy_12	12	-0.7559681414879129
sub-23	meta_metaphor	meta_L_temporal_pole	yy	YY	word_label	yy_6	yy_6	6	0.5242174018304043
sub-23	meta_metaphor	meta_L_temporal_pole	yy	YY	word_label	yy_17	yy_17	17	-0.665850712892895
sub-23	meta_metaphor	meta_L_temporal_pole	yy	YY	word_label	yy_3	yy_3	3	-0.6021751145164997
sub-23	meta_metaphor	meta_L_temporal_pole	yy	YY	word_label	yy_24	yy_24	24	-0.8174245837483809
sub-23	meta_metaphor	meta_L_temporal_pole	yy	YY	word_label	yy_8	yy_8	8	0.6733868824770978
sub-23	meta_metaphor	meta_L_temporal_pole	yy	YY	word_label	yy_39	yy_39	39	-0.7522050683077462
sub-23	meta_metaphor	meta_L_temporal_pole	yy	YY	word_label	yy_11	yy_11	11	0.8762781288528874
sub-23	meta_metaphor	meta_L_temporal_pole	yy	YY	word_label	yy_40	yy_40	40	0.37377400699894986
sub-23	meta_metaphor	meta_L_temporal_pole	yy	YY	word_label	yy_10	yy_10	10	-0.34675468986899377
sub-23	meta_metaphor	meta_L_temporal_pole	yy	YY	word_label	yy_36	yy_36	36	0.5880555503536384
sub-23	meta_metaphor	meta_L_temporal_pole	yy	YY	word_label	yy_1	yy_1	1	-0.44219255857193607
sub-23	meta_metaphor	meta_L_temporal_pole	yy	YY	word_label	yy_27	yy_27	27	-0.9022837854971164
sub-23	meta_metaphor	meta_L_temporal_pole	kj	KJ	word_label	kj_22	kj_22	22	-0.7903415874419872
sub-23	meta_metaphor	meta_L_temporal_pole	kj	KJ	word_label	kj_15	kj_15	15	0.7702005909408688
sub-23	meta_metaphor	meta_L_temporal_pole	kj	KJ	word_label	kj_26	kj_26	26	0.8541540571732754
sub-23	meta_metaphor	meta_L_temporal_pole	kj	KJ	word_label	kj_14	kj_14	14	-0.7355183251539783
sub-23	meta_metaphor	meta_L_temporal_pole	kj	KJ	word_label	kj_30	kj_30	30	-0.43189104419833474
sub-23	meta_metaphor	meta_L_temporal_pole	kj	KJ	word_label	kj_1	kj_1	1	-0.6658540139912996
sub-23	meta_metaphor	meta_L_temporal_pole	kj	KJ	word_label	kj_17	kj_17	17	0.20873095344721332
sub-23	meta_metaphor	meta_L_temporal_pole	kj	KJ	word_label	kj_23	kj_23	23	-0.5358898888600392
sub-23	meta_metaphor	meta_L_temporal_pole	kj	KJ	word_label	kj_10	kj_10	10	0.3114270538655565
sub-23	meta_metaphor	meta_L_temporal_pole	kj	KJ	word_label	kj_11	kj_11	11	0.8120630660650832
sub-23	meta_metaphor	meta_L_temporal_pole	kj	KJ	word_label	kj_2	kj_2	2	-0.3572967832214621
sub-23	meta_metaphor	meta_L_temporal_pole	kj	KJ	word_label	kj_36	kj_36	36	-0.7504945473438269
sub-23	meta_metaphor	meta_L_temporal_pole	kj	KJ	word_label	kj_16	kj_16	16	-0.10203917628931251
sub-23	meta_metaphor	meta_L_temporal_pole	kj	KJ	word_label	kj_21	kj_21	21	-0.749988237408192
sub-23	meta_metaphor	meta_L_temporal_pole	kj	KJ	word_label	kj_38	kj_38	38	0.3996083988281043
sub-23	meta_metaphor	meta_L_temporal_pole	kj	KJ	word_label	kj_24	kj_24	24	-0.7904624646779147
sub-23	meta_metaphor	meta_L_temporal_pole	kj	KJ	word_label	kj_37	kj_37	37	0.06319984913647847
sub-23	meta_metaphor	meta_L_temporal_pole	kj	KJ	word_label	kj_33	kj_33	33	-0.36898503796089677
sub-23	meta_metaphor	meta_L_temporal_pole	kj	KJ	word_label	kj_13	kj_13	13	0.8762984353444709
sub-23	meta_metaphor	meta_L_temporal_pole	kj	KJ	word_label	kj_34	kj_34	34	-0.7620469102006254
sub-23	meta_metaphor	meta_L_temporal_pole	kj	KJ	word_label	kj_5	kj_5	5	-0.4782953262682105
sub-23	meta_metaphor	meta_L_temporal_pole	kj	KJ	word_label	kj_6	kj_6	6	-0.9121687720243055
sub-23	meta_metaphor	meta_L_temporal_pole	kj	KJ	word_label	kj_25	kj_25	25	-0.6964786221559026
sub-23	meta_metaphor	meta_L_temporal_pole	kj	KJ	word_label	kj_8	kj_8	8	0.9741709800508208
sub-23	meta_metaphor	meta_L_temporal_pole	kj	KJ	word_label	kj_28	kj_28	28	-0.11730260352689624
sub-23	meta_metaphor	meta_L_temporal_pole	kj	KJ	word_label	kj_27	kj_27	27	-0.8962529056337634
sub-23	meta_metaphor	meta_L_temporal_pole	kj	KJ	word_label	kj_29	kj_29	29	-0.5936978137585507
sub-23	meta_metaphor	meta_L_temporal_pole	kj	KJ	word_label	kj_12	kj_12	12	0.125530680275791
sub-23	meta_metaphor	meta_L_temporal_pole	kj	KJ	word_label	kj_3	kj_3	3	0.34663508591459774
sub-23	meta_metaphor	meta_L_temporal_pole	kj	KJ	word_label	kj_7	kj_7	7	-0.7969316865417335
sub-23	meta_metaphor	meta_L_temporal_pole	kj	KJ	word_label	kj_39	kj_39	39	-0.921429933311682
sub-23	meta_metaphor	meta_L_temporal_pole	kj	KJ	word_label	kj_9	kj_9	9	-0.9118214084077071
sub-23	meta_metaphor	meta_L_temporal_pole	kj	KJ	word_label	kj_19	kj_19	19	0.3750869903875302
sub-23	meta_metaphor	meta_L_temporal_pole	kj	KJ	word_label	kj_31	kj_31	31	-0.8583731710014242
sub-23	meta_metaphor	meta_L_temporal_pole	kj	KJ	word_label	kj_20	kj_20	20	-0.8600611231914872
sub-23	meta_metaphor	meta_R_AG	yy	YY	word_label	yy_15	yy_15	15	0.1383350854760635
sub-23	meta_metaphor	meta_R_AG	yy	YY	word_label	yy_35	yy_35	35	-0.192281740143443
sub-23	meta_metaphor	meta_R_AG	yy	YY	word_label	yy_14	yy_14	14	-0.14410098720974074
sub-23	meta_metaphor	meta_R_AG	yy	YY	word_label	yy_37	yy_37	37	0.28424022332035637
sub-23	meta_metaphor	meta_R_AG	yy	YY	word_label	yy_13	yy_13	13	-0.029320483490676744
sub-23	meta_metaphor	meta_R_AG	yy	YY	word_label	yy_4	yy_4	4	-0.16995387143682492
sub-23	meta_metaphor	meta_R_AG	yy	YY	word_label	yy_19	yy_19	19	0.14645541233373155
sub-23	meta_metaphor	meta_R_AG	yy	YY	word_label	yy_22	yy_22	22	-0.20976336338177062
sub-23	meta_metaphor	meta_R_AG	yy	YY	word_label	yy_18	yy_18	18	-0.06815392641433228
sub-23	meta_metaphor	meta_R_AG	yy	YY	word_label	yy_21	yy_21	21	0.35745432251538634
sub-23	meta_metaphor	meta_R_AG	yy	YY	word_label	yy_7	yy_7	7	0.05410377597588253
sub-23	meta_metaphor	meta_R_AG	yy	YY	word_label	yy_23	yy_23	23	-0.11376242467549917
sub-23	meta_metaphor	meta_R_AG	yy	YY	word_label	yy_16	yy_16	16	0.0905304840084422
sub-23	meta_metaphor	meta_R_AG	yy	YY	word_label	yy_2	yy_2	2	0.18345080139060824
sub-23	meta_metaphor	meta_R_AG	yy	YY	word_label	yy_28	yy_28	28	-0.22717591045644991
sub-23	meta_metaphor	meta_R_AG	yy	YY	word_label	yy_38	yy_38	38	-0.40106722301292685
sub-23	meta_metaphor	meta_R_AG	yy	YY	word_label	yy_33	yy_33	33	0.024053738592532754
sub-23	meta_metaphor	meta_R_AG	yy	YY	word_label	yy_26	yy_26	26	-0.4391838980219954
sub-23	meta_metaphor	meta_R_AG	yy	YY	word_label	yy_29	yy_29	29	0.3321992523822776
sub-23	meta_metaphor	meta_R_AG	yy	YY	word_label	yy_5	yy_5	5	0.4005630021401314
sub-23	meta_metaphor	meta_R_AG	yy	YY	word_label	yy_9	yy_9	9	-0.19451805266583064
sub-23	meta_metaphor	meta_R_AG	yy	YY	word_label	yy_32	yy_32	32	-0.21881261525754192
sub-23	meta_metaphor	meta_R_AG	yy	YY	word_label	yy_12	yy_12	12	0.15918248776833552
sub-23	meta_metaphor	meta_R_AG	yy	YY	word_label	yy_6	yy_6	6	-0.11365620749593788
sub-23	meta_metaphor	meta_R_AG	yy	YY	word_label	yy_17	yy_17	17	0.2914765529452583
sub-23	meta_metaphor	meta_R_AG	yy	YY	word_label	yy_3	yy_3	3	0.19540079972099775
sub-23	meta_metaphor	meta_R_AG	yy	YY	word_label	yy_24	yy_24	24	-0.15459744183474144
sub-23	meta_metaphor	meta_R_AG	yy	YY	word_label	yy_8	yy_8	8	-0.29911858689307225
sub-23	meta_metaphor	meta_R_AG	yy	YY	word_label	yy_39	yy_39	39	0.20405821766890178
sub-23	meta_metaphor	meta_R_AG	yy	YY	word_label	yy_11	yy_11	11	0.3971007708030298
sub-23	meta_metaphor	meta_R_AG	yy	YY	word_label	yy_40	yy_40	40	-0.036735474818461934
sub-23	meta_metaphor	meta_R_AG	yy	YY	word_label	yy_10	yy_10	10	0.21592685954118745
sub-23	meta_metaphor	meta_R_AG	yy	YY	word_label	yy_36	yy_36	36	-0.2696856304440551
sub-23	meta_metaphor	meta_R_AG	yy	YY	word_label	yy_1	yy_1	1	-0.40825023863779336
sub-23	meta_metaphor	meta_R_AG	yy	YY	word_label	yy_27	yy_27	27	-0.08435510443940823
sub-23	meta_metaphor	meta_R_AG	kj	KJ	word_label	kj_22	kj_22	22	-0.5487292181891419
sub-23	meta_metaphor	meta_R_AG	kj	KJ	word_label	kj_15	kj_15	15	-0.06703063211554552
sub-23	meta_metaphor	meta_R_AG	kj	KJ	word_label	kj_26	kj_26	26	0.09581748631784784
sub-23	meta_metaphor	meta_R_AG	kj	KJ	word_label	kj_14	kj_14	14	-0.08146255889469876
sub-23	meta_metaphor	meta_R_AG	kj	KJ	word_label	kj_30	kj_30	30	-0.46821315212370496
sub-23	meta_metaphor	meta_R_AG	kj	KJ	word_label	kj_1	kj_1	1	0.17916574472030297
sub-23	meta_metaphor	meta_R_AG	kj	KJ	word_label	kj_17	kj_17	17	0.6026232316061069
sub-23	meta_metaphor	meta_R_AG	kj	KJ	word_label	kj_23	kj_23	23	0.5390696242130998
sub-23	meta_metaphor	meta_R_AG	kj	KJ	word_label	kj_10	kj_10	10	0.17105770061925604
sub-23	meta_metaphor	meta_R_AG	kj	KJ	word_label	kj_11	kj_11	11	-0.2228450764082001
sub-23	meta_metaphor	meta_R_AG	kj	KJ	word_label	kj_2	kj_2	2	0.28222574702502906
sub-23	meta_metaphor	meta_R_AG	kj	KJ	word_label	kj_36	kj_36	36	-0.13214010859211386
sub-23	meta_metaphor	meta_R_AG	kj	KJ	word_label	kj_16	kj_16	16	-0.43606940157149404
sub-23	meta_metaphor	meta_R_AG	kj	KJ	word_label	kj_21	kj_21	21	0.566106495576949
sub-23	meta_metaphor	meta_R_AG	kj	KJ	word_label	kj_38	kj_38	38	-0.22838232455746701
sub-23	meta_metaphor	meta_R_AG	kj	KJ	word_label	kj_24	kj_24	24	0.414583716248437
sub-23	meta_metaphor	meta_R_AG	kj	KJ	word_label	kj_37	kj_37	37	-0.09220659192483917
sub-23	meta_metaphor	meta_R_AG	kj	KJ	word_label	kj_33	kj_33	33	-0.16486793035077588
sub-23	meta_metaphor	meta_R_AG	kj	KJ	word_label	kj_13	kj_13	13	0.34519585362153604
sub-23	meta_metaphor	meta_R_AG	kj	KJ	word_label	kj_34	kj_34	34	0.047375331089646096
sub-23	meta_metaphor	meta_R_AG	kj	KJ	word_label	kj_5	kj_5	5	0.07202407585986913
sub-23	meta_metaphor	meta_R_AG	kj	KJ	word_label	kj_6	kj_6	6	0.18680283374749815
sub-23	meta_metaphor	meta_R_AG	kj	KJ	word_label	kj_25	kj_25	25	-0.2213344832848674
sub-23	meta_metaphor	meta_R_AG	kj	KJ	word_label	kj_8	kj_8	8	0.01283852203927917
sub-23	meta_metaphor	meta_R_AG	kj	KJ	word_label	kj_28	kj_28	28	-0.05621658029493887
sub-23	meta_metaphor	meta_R_AG	kj	KJ	word_label	kj_27	kj_27	27	0.026385486311224966
sub-23	meta_metaphor	meta_R_AG	kj	KJ	word_label	kj_29	kj_29	29	0.4377785040879625
sub-23	meta_metaphor	meta_R_AG	kj	KJ	word_label	kj_12	kj_12	12	0.0978835606759469
sub-23	meta_metaphor	meta_R_AG	kj	KJ	word_label	kj_3	kj_3	3	0.0030577509329363915
sub-23	meta_metaphor	meta_R_AG	kj	KJ	word_label	kj_7	kj_7	7	-0.1850248066436619
sub-23	meta_metaphor	meta_R_AG	kj	KJ	word_label	kj_39	kj_39	39	-0.5255741941625532
sub-23	meta_metaphor	meta_R_AG	kj	KJ	word_label	kj_9	kj_9	9	0.051880996326232456
sub-23	meta_metaphor	meta_R_AG	kj	KJ	word_label	kj_19	kj_19	19	-0.04914064043203244
sub-23	meta_metaphor	meta_R_AG	kj	KJ	word_label	kj_31	kj_31	31	-0.3130736559796126
sub-23	meta_metaphor	meta_R_AG	kj	KJ	word_label	kj_20	kj_20	20	-0.24467966371060787
sub-23	meta_metaphor	meta_R_IFG	yy	YY	word_label	yy_15	yy_15	15	-0.4979084210011187
sub-23	meta_metaphor	meta_R_IFG	yy	YY	word_label	yy_35	yy_35	35	0.23471141198833848
sub-23	meta_metaphor	meta_R_IFG	yy	YY	word_label	yy_14	yy_14	14	0.5264662555747015
sub-23	meta_metaphor	meta_R_IFG	yy	YY	word_label	yy_37	yy_37	37	-0.34405535293578504
sub-23	meta_metaphor	meta_R_IFG	yy	YY	word_label	yy_13	yy_13	13	0.4720695844344042
sub-23	meta_metaphor	meta_R_IFG	yy	YY	word_label	yy_4	yy_4	4	-0.008500971216656134
sub-23	meta_metaphor	meta_R_IFG	yy	YY	word_label	yy_19	yy_19	19	0.07738323062939943
sub-23	meta_metaphor	meta_R_IFG	yy	YY	word_label	yy_22	yy_22	22	-0.12852432758790727
sub-23	meta_metaphor	meta_R_IFG	yy	YY	word_label	yy_18	yy_18	18	0.6289671857559949
sub-23	meta_metaphor	meta_R_IFG	yy	YY	word_label	yy_21	yy_21	21	-0.6305959175953821
sub-23	meta_metaphor	meta_R_IFG	yy	YY	word_label	yy_7	yy_7	7	0.7390966698531006
sub-23	meta_metaphor	meta_R_IFG	yy	YY	word_label	yy_23	yy_23	23	0.4482303597703925
sub-23	meta_metaphor	meta_R_IFG	yy	YY	word_label	yy_16	yy_16	16	-0.22305306270158828
sub-23	meta_metaphor	meta_R_IFG	yy	YY	word_label	yy_2	yy_2	2	0.1909786948971007
sub-23	meta_metaphor	meta_R_IFG	yy	YY	word_label	yy_28	yy_28	28	-0.31628441245672423
sub-23	meta_metaphor	meta_R_IFG	yy	YY	word_label	yy_38	yy_38	38	-0.1287942903922069
sub-23	meta_metaphor	meta_R_IFG	yy	YY	word_label	yy_33	yy_33	33	0.5752857396595066
sub-23	meta_metaphor	meta_R_IFG	yy	YY	word_label	yy_26	yy_26	26	-0.3033619673273342
sub-23	meta_metaphor	meta_R_IFG	yy	YY	word_label	yy_29	yy_29	29	-0.36826319587733847
sub-23	meta_metaphor	meta_R_IFG	yy	YY	word_label	yy_5	yy_5	5	-0.03744047654142378
sub-23	meta_metaphor	meta_R_IFG	yy	YY	word_label	yy_9	yy_9	9	-0.1261530268104632
sub-23	meta_metaphor	meta_R_IFG	yy	YY	word_label	yy_32	yy_32	32	0.6445317580207905
sub-23	meta_metaphor	meta_R_IFG	yy	YY	word_label	yy_12	yy_12	12	0.1738781155670944
sub-23	meta_metaphor	meta_R_IFG	yy	YY	word_label	yy_6	yy_6	6	0.5148638798948508
sub-23	meta_metaphor	meta_R_IFG	yy	YY	word_label	yy_17	yy_17	17	-0.49257341897678997
sub-23	meta_metaphor	meta_R_IFG	yy	YY	word_label	yy_3	yy_3	3	0.3331481507717064
sub-23	meta_metaphor	meta_R_IFG	yy	YY	word_label	yy_24	yy_24	24	0.4559302658784348
sub-23	meta_metaphor	meta_R_IFG	yy	YY	word_label	yy_8	yy_8	8	0.5133112133291008
sub-23	meta_metaphor	meta_R_IFG	yy	YY	word_label	yy_39	yy_39	39	0.40516737636897654
sub-23	meta_metaphor	meta_R_IFG	yy	YY	word_label	yy_11	yy_11	11	0.5791138059886295
sub-23	meta_metaphor	meta_R_IFG	yy	YY	word_label	yy_40	yy_40	40	-0.05424380771215879
sub-23	meta_metaphor	meta_R_IFG	yy	YY	word_label	yy_10	yy_10	10	0.22844134584439377
sub-23	meta_metaphor	meta_R_IFG	yy	YY	word_label	yy_36	yy_36	36	0.441593527851156
sub-23	meta_metaphor	meta_R_IFG	yy	YY	word_label	yy_1	yy_1	1	0.27420063249906385
sub-23	meta_metaphor	meta_R_IFG	yy	YY	word_label	yy_27	yy_27	27	0.5709676847261169
sub-23	meta_metaphor	meta_R_IFG	kj	KJ	word_label	kj_22	kj_22	22	-0.6984501314207333
sub-23	meta_metaphor	meta_R_IFG	kj	KJ	word_label	kj_15	kj_15	15	-0.36020478802968015
sub-23	meta_metaphor	meta_R_IFG	kj	KJ	word_label	kj_26	kj_26	26	0.6641695517907373
sub-23	meta_metaphor	meta_R_IFG	kj	KJ	word_label	kj_14	kj_14	14	0.2714376506821881
sub-23	meta_metaphor	meta_R_IFG	kj	KJ	word_label	kj_30	kj_30	30	0.10684160377758253
sub-23	meta_metaphor	meta_R_IFG	kj	KJ	word_label	kj_1	kj_1	1	0.13427829365118213
sub-23	meta_metaphor	meta_R_IFG	kj	KJ	word_label	kj_17	kj_17	17	0.3386738527287918
sub-23	meta_metaphor	meta_R_IFG	kj	KJ	word_label	kj_23	kj_23	23	0.7937017221865321
sub-23	meta_metaphor	meta_R_IFG	kj	KJ	word_label	kj_10	kj_10	10	-0.31170314553366946
sub-23	meta_metaphor	meta_R_IFG	kj	KJ	word_label	kj_11	kj_11	11	-0.45242625350208027
sub-23	meta_metaphor	meta_R_IFG	kj	KJ	word_label	kj_2	kj_2	2	0.6998380535259995
sub-23	meta_metaphor	meta_R_IFG	kj	KJ	word_label	kj_36	kj_36	36	-0.2915760739701287
sub-23	meta_metaphor	meta_R_IFG	kj	KJ	word_label	kj_16	kj_16	16	0.5784934708605356
sub-23	meta_metaphor	meta_R_IFG	kj	KJ	word_label	kj_21	kj_21	21	-0.20693985853993482
sub-23	meta_metaphor	meta_R_IFG	kj	KJ	word_label	kj_38	kj_38	38	-0.10407840835781798
sub-23	meta_metaphor	meta_R_IFG	kj	KJ	word_label	kj_24	kj_24	24	-0.02923613602890672
sub-23	meta_metaphor	meta_R_IFG	kj	KJ	word_label	kj_37	kj_37	37	0.5073249929098674
sub-23	meta_metaphor	meta_R_IFG	kj	KJ	word_label	kj_33	kj_33	33	0.7668391774073546
sub-23	meta_metaphor	meta_R_IFG	kj	KJ	word_label	kj_13	kj_13	13	-0.041100340040874095
sub-23	meta_metaphor	meta_R_IFG	kj	KJ	word_label	kj_34	kj_34	34	0.19634916974323782
sub-23	meta_metaphor	meta_R_IFG	kj	KJ	word_label	kj_5	kj_5	5	0.6702756920366357
sub-23	meta_metaphor	meta_R_IFG	kj	KJ	word_label	kj_6	kj_6	6	0.5954623873651169
sub-23	meta_metaphor	meta_R_IFG	kj	KJ	word_label	kj_25	kj_25	25	-0.5705897670022084
sub-23	meta_metaphor	meta_R_IFG	kj	KJ	word_label	kj_8	kj_8	8	-0.5734542007136032
sub-23	meta_metaphor	meta_R_IFG	kj	KJ	word_label	kj_28	kj_28	28	0.3016321413613838
sub-23	meta_metaphor	meta_R_IFG	kj	KJ	word_label	kj_27	kj_27	27	0.3092434069316056
sub-23	meta_metaphor	meta_R_IFG	kj	KJ	word_label	kj_29	kj_29	29	0.506562811498927
sub-23	meta_metaphor	meta_R_IFG	kj	KJ	word_label	kj_12	kj_12	12	0.29020650107985857
sub-23	meta_metaphor	meta_R_IFG	kj	KJ	word_label	kj_3	kj_3	3	0.7818691813398805
sub-23	meta_metaphor	meta_R_IFG	kj	KJ	word_label	kj_7	kj_7	7	0.4934460958563403
sub-23	meta_metaphor	meta_R_IFG	kj	KJ	word_label	kj_39	kj_39	39	-0.25332663514800485
sub-23	meta_metaphor	meta_R_IFG	kj	KJ	word_label	kj_9	kj_9	9	0.5157794044476761
sub-23	meta_metaphor	meta_R_IFG	kj	KJ	word_label	kj_19	kj_19	19	-0.043360666729034006
sub-23	meta_metaphor	meta_R_IFG	kj	KJ	word_label	kj_31	kj_31	31	0.49491636065632033
sub-23	meta_metaphor	meta_R_IFG	kj	KJ	word_label	kj_20	kj_20	20	0.23690531503438703
sub-23	meta_metaphor	meta_R_pMTG_pSTS	yy	YY	word_label	yy_15	yy_15	15	0.016808580882345877
sub-23	meta_metaphor	meta_R_pMTG_pSTS	yy	YY	word_label	yy_35	yy_35	35	-0.11400609852017052
sub-23	meta_metaphor	meta_R_pMTG_pSTS	yy	YY	word_label	yy_14	yy_14	14	0.29918775445329465
sub-23	meta_metaphor	meta_R_pMTG_pSTS	yy	YY	word_label	yy_37	yy_37	37	-0.08363346226238338
sub-23	meta_metaphor	meta_R_pMTG_pSTS	yy	YY	word_label	yy_13	yy_13	13	0.02845908980916034
sub-23	meta_metaphor	meta_R_pMTG_pSTS	yy	YY	word_label	yy_4	yy_4	4	-0.1290463916662398
sub-23	meta_metaphor	meta_R_pMTG_pSTS	yy	YY	word_label	yy_19	yy_19	19	0.4379601302143597
sub-23	meta_metaphor	meta_R_pMTG_pSTS	yy	YY	word_label	yy_22	yy_22	22	-0.5181939884464499
sub-23	meta_metaphor	meta_R_pMTG_pSTS	yy	YY	word_label	yy_18	yy_18	18	0.2618710915894933
sub-23	meta_metaphor	meta_R_pMTG_pSTS	yy	YY	word_label	yy_21	yy_21	21	0.12915793615659787
sub-23	meta_metaphor	meta_R_pMTG_pSTS	yy	YY	word_label	yy_7	yy_7	7	0.3983886049512083
sub-23	meta_metaphor	meta_R_pMTG_pSTS	yy	YY	word_label	yy_23	yy_23	23	0.33751602760291516
sub-23	meta_metaphor	meta_R_pMTG_pSTS	yy	YY	word_label	yy_16	yy_16	16	0.040504821481025306
sub-23	meta_metaphor	meta_R_pMTG_pSTS	yy	YY	word_label	yy_2	yy_2	2	-0.20984579198757178
sub-23	meta_metaphor	meta_R_pMTG_pSTS	yy	YY	word_label	yy_28	yy_28	28	0.3918061283040368
sub-23	meta_metaphor	meta_R_pMTG_pSTS	yy	YY	word_label	yy_38	yy_38	38	-0.12080444134067313
sub-23	meta_metaphor	meta_R_pMTG_pSTS	yy	YY	word_label	yy_33	yy_33	33	0.4220702193686976
sub-23	meta_metaphor	meta_R_pMTG_pSTS	yy	YY	word_label	yy_26	yy_26	26	-0.34081008466686324
sub-23	meta_metaphor	meta_R_pMTG_pSTS	yy	YY	word_label	yy_29	yy_29	29	-0.08552118944434287
sub-23	meta_metaphor	meta_R_pMTG_pSTS	yy	YY	word_label	yy_5	yy_5	5	0.04539502663895697
sub-23	meta_metaphor	meta_R_pMTG_pSTS	yy	YY	word_label	yy_9	yy_9	9	-0.033925360775496356
sub-23	meta_metaphor	meta_R_pMTG_pSTS	yy	YY	word_label	yy_32	yy_32	32	0.18165794804773672
sub-23	meta_metaphor	meta_R_pMTG_pSTS	yy	YY	word_label	yy_12	yy_12	12	0.02040035687389508
sub-23	meta_metaphor	meta_R_pMTG_pSTS	yy	YY	word_label	yy_6	yy_6	6	0.23801864367373493
sub-23	meta_metaphor	meta_R_pMTG_pSTS	yy	YY	word_label	yy_17	yy_17	17	-0.11694791691580038
sub-23	meta_metaphor	meta_R_pMTG_pSTS	yy	YY	word_label	yy_3	yy_3	3	-0.21346464327022374
sub-23	meta_metaphor	meta_R_pMTG_pSTS	yy	YY	word_label	yy_24	yy_24	24	0.04310600688665479
sub-23	meta_metaphor	meta_R_pMTG_pSTS	yy	YY	word_label	yy_8	yy_8	8	0.06552068347776292
sub-23	meta_metaphor	meta_R_pMTG_pSTS	yy	YY	word_label	yy_39	yy_39	39	0.09516066998280565
sub-23	meta_metaphor	meta_R_pMTG_pSTS	yy	YY	word_label	yy_11	yy_11	11	-0.0029798833934304783
sub-23	meta_metaphor	meta_R_pMTG_pSTS	yy	YY	word_label	yy_40	yy_40	40	0.12635396082310568
sub-23	meta_metaphor	meta_R_pMTG_pSTS	yy	YY	word_label	yy_10	yy_10	10	0.008330968444506814
sub-23	meta_metaphor	meta_R_pMTG_pSTS	yy	YY	word_label	yy_36	yy_36	36	0.10736755451036148
sub-23	meta_metaphor	meta_R_pMTG_pSTS	yy	YY	word_label	yy_1	yy_1	1	0.028593286423015483
sub-23	meta_metaphor	meta_R_pMTG_pSTS	yy	YY	word_label	yy_27	yy_27	27	0.3078990452689211
sub-23	meta_metaphor	meta_R_pMTG_pSTS	kj	KJ	word_label	kj_22	kj_22	22	-0.33589837572476744
sub-23	meta_metaphor	meta_R_pMTG_pSTS	kj	KJ	word_label	kj_15	kj_15	15	-0.36767685940440975
sub-23	meta_metaphor	meta_R_pMTG_pSTS	kj	KJ	word_label	kj_26	kj_26	26	0.5224874684387946
sub-23	meta_metaphor	meta_R_pMTG_pSTS	kj	KJ	word_label	kj_14	kj_14	14	0.08686694209131847
sub-23	meta_metaphor	meta_R_pMTG_pSTS	kj	KJ	word_label	kj_30	kj_30	30	0.056162735354166916
sub-23	meta_metaphor	meta_R_pMTG_pSTS	kj	KJ	word_label	kj_1	kj_1	1	0.042394196618684536
sub-23	meta_metaphor	meta_R_pMTG_pSTS	kj	KJ	word_label	kj_17	kj_17	17	0.15994295151201277
sub-23	meta_metaphor	meta_R_pMTG_pSTS	kj	KJ	word_label	kj_23	kj_23	23	-0.11001313057854802
sub-23	meta_metaphor	meta_R_pMTG_pSTS	kj	KJ	word_label	kj_10	kj_10	10	-9.674084142871694e-05
sub-23	meta_metaphor	meta_R_pMTG_pSTS	kj	KJ	word_label	kj_11	kj_11	11	-0.13445531977195768
sub-23	meta_metaphor	meta_R_pMTG_pSTS	kj	KJ	word_label	kj_2	kj_2	2	-0.07687558162519412
sub-23	meta_metaphor	meta_R_pMTG_pSTS	kj	KJ	word_label	kj_36	kj_36	36	0.367165799602017
sub-23	meta_metaphor	meta_R_pMTG_pSTS	kj	KJ	word_label	kj_16	kj_16	16	0.4287700011079984
sub-23	meta_metaphor	meta_R_pMTG_pSTS	kj	KJ	word_label	kj_21	kj_21	21	0.13447337584774194
sub-23	meta_metaphor	meta_R_pMTG_pSTS	kj	KJ	word_label	kj_38	kj_38	38	0.19009463823154527
sub-23	meta_metaphor	meta_R_pMTG_pSTS	kj	KJ	word_label	kj_24	kj_24	24	0.21309401446208417
sub-23	meta_metaphor	meta_R_pMTG_pSTS	kj	KJ	word_label	kj_37	kj_37	37	-0.5001529761949859
sub-23	meta_metaphor	meta_R_pMTG_pSTS	kj	KJ	word_label	kj_33	kj_33	33	0.27559980815284363
sub-23	meta_metaphor	meta_R_pMTG_pSTS	kj	KJ	word_label	kj_13	kj_13	13	-0.2423760160974211
sub-23	meta_metaphor	meta_R_pMTG_pSTS	kj	KJ	word_label	kj_34	kj_34	34	0.24995216724558036
sub-23	meta_metaphor	meta_R_pMTG_pSTS	kj	KJ	word_label	kj_5	kj_5	5	0.43692518286206056
sub-23	meta_metaphor	meta_R_pMTG_pSTS	kj	KJ	word_label	kj_6	kj_6	6	0.005155782153484992
sub-23	meta_metaphor	meta_R_pMTG_pSTS	kj	KJ	word_label	kj_25	kj_25	25	0.17266242856982783
sub-23	meta_metaphor	meta_R_pMTG_pSTS	kj	KJ	word_label	kj_8	kj_8	8	-0.25490354012364375
sub-23	meta_metaphor	meta_R_pMTG_pSTS	kj	KJ	word_label	kj_28	kj_28	28	0.030217913512264882
sub-23	meta_metaphor	meta_R_pMTG_pSTS	kj	KJ	word_label	kj_27	kj_27	27	-0.1986150599646153
sub-23	meta_metaphor	meta_R_pMTG_pSTS	kj	KJ	word_label	kj_29	kj_29	29	-0.07194303585668661
sub-23	meta_metaphor	meta_R_pMTG_pSTS	kj	KJ	word_label	kj_12	kj_12	12	0.13808794204306005
sub-23	meta_metaphor	meta_R_pMTG_pSTS	kj	KJ	word_label	kj_3	kj_3	3	0.43058755156036826
sub-23	meta_metaphor	meta_R_pMTG_pSTS	kj	KJ	word_label	kj_7	kj_7	7	0.314090915019957
sub-23	meta_metaphor	meta_R_pMTG_pSTS	kj	KJ	word_label	kj_39	kj_39	39	0.40368796113214467
sub-23	meta_metaphor	meta_R_pMTG_pSTS	kj	KJ	word_label	kj_9	kj_9	9	0.03159621649867987
sub-23	meta_metaphor	meta_R_pMTG_pSTS	kj	KJ	word_label	kj_19	kj_19	19	-0.2132576653611277
sub-23	meta_metaphor	meta_R_pMTG_pSTS	kj	KJ	word_label	kj_31	kj_31	31	-0.12497535569744057
sub-23	meta_metaphor	meta_R_pMTG_pSTS	kj	KJ	word_label	kj_20	kj_20	20	0.3600732823850456
sub-23	meta_metaphor	meta_R_temporal_pole	yy	YY	word_label	yy_15	yy_15	15	0.1911556121213687
sub-23	meta_metaphor	meta_R_temporal_pole	yy	YY	word_label	yy_35	yy_35	35	-0.23544361515297568
sub-23	meta_metaphor	meta_R_temporal_pole	yy	YY	word_label	yy_14	yy_14	14	0.009405890763995266
sub-23	meta_metaphor	meta_R_temporal_pole	yy	YY	word_label	yy_37	yy_37	37	0.18967160703799027
sub-23	meta_metaphor	meta_R_temporal_pole	yy	YY	word_label	yy_13	yy_13	13	0.1772557794618869
sub-23	meta_metaphor	meta_R_temporal_pole	yy	YY	word_label	yy_4	yy_4	4	-0.34563248594725465
sub-23	meta_metaphor	meta_R_temporal_pole	yy	YY	word_label	yy_19	yy_19	19	0.06930442785745207
sub-23	meta_metaphor	meta_R_temporal_pole	yy	YY	word_label	yy_22	yy_22	22	0.0869278579773539
sub-23	meta_metaphor	meta_R_temporal_pole	yy	YY	word_label	yy_18	yy_18	18	0.08542738120431494
sub-23	meta_metaphor	meta_R_temporal_pole	yy	YY	word_label	yy_21	yy_21	21	-0.11147440191263323
sub-23	meta_metaphor	meta_R_temporal_pole	yy	YY	word_label	yy_7	yy_7	7	0.01201928574227338
sub-23	meta_metaphor	meta_R_temporal_pole	yy	YY	word_label	yy_23	yy_23	23	0.12956737943080512
sub-23	meta_metaphor	meta_R_temporal_pole	yy	YY	word_label	yy_16	yy_16	16	0.33668839133643197
sub-23	meta_metaphor	meta_R_temporal_pole	yy	YY	word_label	yy_2	yy_2	2	-0.5923160305547179
sub-23	meta_metaphor	meta_R_temporal_pole	yy	YY	word_label	yy_28	yy_28	28	0.29843861929659504
sub-23	meta_metaphor	meta_R_temporal_pole	yy	YY	word_label	yy_38	yy_38	38	0.20811773828050803
sub-23	meta_metaphor	meta_R_temporal_pole	yy	YY	word_label	yy_33	yy_33	33	-0.2819844964291537
sub-23	meta_metaphor	meta_R_temporal_pole	yy	YY	word_label	yy_26	yy_26	26	0.33056468900395986
sub-23	meta_metaphor	meta_R_temporal_pole	yy	YY	word_label	yy_29	yy_29	29	-0.27333997871214816
sub-23	meta_metaphor	meta_R_temporal_pole	yy	YY	word_label	yy_5	yy_5	5	0.046948936973524466
sub-23	meta_metaphor	meta_R_temporal_pole	yy	YY	word_label	yy_9	yy_9	9	0.1920192515002742
sub-23	meta_metaphor	meta_R_temporal_pole	yy	YY	word_label	yy_32	yy_32	32	0.23932165444669676
sub-23	meta_metaphor	meta_R_temporal_pole	yy	YY	word_label	yy_12	yy_12	12	-0.11242424800734213
sub-23	meta_metaphor	meta_R_temporal_pole	yy	YY	word_label	yy_6	yy_6	6	0.08889517735003928
sub-23	meta_metaphor	meta_R_temporal_pole	yy	YY	word_label	yy_17	yy_17	17	-0.19097901283708735
sub-23	meta_metaphor	meta_R_temporal_pole	yy	YY	word_label	yy_3	yy_3	3	0.02942397019222137
sub-23	meta_metaphor	meta_R_temporal_pole	yy	YY	word_label	yy_24	yy_24	24	0.41306430900335744
sub-23	meta_metaphor	meta_R_temporal_pole	yy	YY	word_label	yy_8	yy_8	8	-0.2610280076456967
sub-23	meta_metaphor	meta_R_temporal_pole	yy	YY	word_label	yy_39	yy_39	39	0.09120511740602072
sub-23	meta_metaphor	meta_R_temporal_pole	yy	YY	word_label	yy_11	yy_11	11	0.6129291960646189
sub-23	meta_metaphor	meta_R_temporal_pole	yy	YY	word_label	yy_40	yy_40	40	-0.1775256604010273
sub-23	meta_metaphor	meta_R_temporal_pole	yy	YY	word_label	yy_10	yy_10	10	0.2615932314392769
sub-23	meta_metaphor	meta_R_temporal_pole	yy	YY	word_label	yy_36	yy_36	36	-0.03158267829121068
sub-23	meta_metaphor	meta_R_temporal_pole	yy	YY	word_label	yy_1	yy_1	1	0.40583597708889235
sub-23	meta_metaphor	meta_R_temporal_pole	yy	YY	word_label	yy_27	yy_27	27	0.15283306704366073
sub-23	meta_metaphor	meta_R_temporal_pole	kj	KJ	word_label	kj_22	kj_22	22	0.1708846128925079
sub-23	meta_metaphor	meta_R_temporal_pole	kj	KJ	word_label	kj_15	kj_15	15	0.11221627497964855
sub-23	meta_metaphor	meta_R_temporal_pole	kj	KJ	word_label	kj_26	kj_26	26	-0.14148601659852533
sub-23	meta_metaphor	meta_R_temporal_pole	kj	KJ	word_label	kj_14	kj_14	14	-0.08194933121301637
sub-23	meta_metaphor	meta_R_temporal_pole	kj	KJ	word_label	kj_30	kj_30	30	-0.10615254947697517
sub-23	meta_metaphor	meta_R_temporal_pole	kj	KJ	word_label	kj_1	kj_1	1	0.0739369128409324
sub-23	meta_metaphor	meta_R_temporal_pole	kj	KJ	word_label	kj_17	kj_17	17	-0.08937684182836654
sub-23	meta_metaphor	meta_R_temporal_pole	kj	KJ	word_label	kj_23	kj_23	23	-0.0553075411905924
sub-23	meta_metaphor	meta_R_temporal_pole	kj	KJ	word_label	kj_10	kj_10	10	-0.1667320172380544
sub-23	meta_metaphor	meta_R_temporal_pole	kj	KJ	word_label	kj_11	kj_11	11	-0.16465733738474495
sub-23	meta_metaphor	meta_R_temporal_pole	kj	KJ	word_label	kj_2	kj_2	2	-0.0725346041507317
sub-23	meta_metaphor	meta_R_temporal_pole	kj	KJ	word_label	kj_36	kj_36	36	-0.20397007987205162
sub-23	meta_metaphor	meta_R_temporal_pole	kj	KJ	word_label	kj_16	kj_16	16	0.044864289612080915
sub-23	meta_metaphor	meta_R_temporal_pole	kj	KJ	word_label	kj_21	kj_21	21	-0.20279087784835909
sub-23	meta_metaphor	meta_R_temporal_pole	kj	KJ	word_label	kj_38	kj_38	38	-0.30665686681186605
sub-23	meta_metaphor	meta_R_temporal_pole	kj	KJ	word_label	kj_24	kj_24	24	-0.04244157406780485
sub-23	meta_metaphor	meta_R_temporal_pole	kj	KJ	word_label	kj_37	kj_37	37	-0.09946510268445034
sub-23	meta_metaphor	meta_R_temporal_pole	kj	KJ	word_label	kj_33	kj_33	33	0.24676073275048377
sub-23	meta_metaphor	meta_R_temporal_pole	kj	KJ	word_label	kj_13	kj_13	13	-0.2951358547621774
sub-23	meta_metaphor	meta_R_temporal_pole	kj	KJ	word_label	kj_34	kj_34	34	-0.24693427697403736
sub-23	meta_metaphor	meta_R_temporal_pole	kj	KJ	word_label	kj_5	kj_5	5	-0.4001185800716038
sub-23	meta_metaphor	meta_R_temporal_pole	kj	KJ	word_label	kj_6	kj_6	6	0.21956172984259248
sub-23	meta_metaphor	meta_R_temporal_pole	kj	KJ	word_label	kj_25	kj_25	25	0.007523146881380611
sub-23	meta_metaphor	meta_R_temporal_pole	kj	KJ	word_label	kj_8	kj_8	8	0.13002944732474433
sub-23	meta_metaphor	meta_R_temporal_pole	kj	KJ	word_label	kj_28	kj_28	28	0.09245841128792837
sub-23	meta_metaphor	meta_R_temporal_pole	kj	KJ	word_label	kj_27	kj_27	27	-0.08031477023501511
sub-23	meta_metaphor	meta_R_temporal_pole	kj	KJ	word_label	kj_29	kj_29	29	-0.014518373058336276
sub-23	meta_metaphor	meta_R_temporal_pole	kj	KJ	word_label	kj_12	kj_12	12	-0.0677948593699716
sub-23	meta_metaphor	meta_R_temporal_pole	kj	KJ	word_label	kj_3	kj_3	3	-0.08622115108623214
sub-23	meta_metaphor	meta_R_temporal_pole	kj	KJ	word_label	kj_7	kj_7	7	0.1331940169028766
sub-23	meta_metaphor	meta_R_temporal_pole	kj	KJ	word_label	kj_39	kj_39	39	-0.2436803026863773
sub-23	meta_metaphor	meta_R_temporal_pole	kj	KJ	word_label	kj_9	kj_9	9	0.04861878282338808
sub-23	meta_metaphor	meta_R_temporal_pole	kj	KJ	word_label	kj_19	kj_19	19	-0.3504370810590711
sub-23	meta_metaphor	meta_R_temporal_pole	kj	KJ	word_label	kj_31	kj_31	31	0.3036769805973345
sub-23	meta_metaphor	meta_R_temporal_pole	kj	KJ	word_label	kj_20	kj_20	20	-0.09959385267206192
sub-24	meta_metaphor	meta_L_AG	yy	YY	word_label	yy_22	yy_22	22	-0.4767341738835727
sub-24	meta_metaphor	meta_L_AG	yy	YY	word_label	yy_11	yy_11	11	-0.5195109114695161
sub-24	meta_metaphor	meta_L_AG	yy	YY	word_label	yy_29	yy_29	29	-0.7516593652380718
sub-24	meta_metaphor	meta_L_AG	yy	YY	word_label	yy_1	yy_1	1	0.5755299068745142
sub-24	meta_metaphor	meta_L_AG	yy	YY	word_label	yy_6	yy_6	6	-0.20431543887172376
sub-24	meta_metaphor	meta_L_AG	yy	YY	word_label	yy_4	yy_4	4	0.5845351225032277
sub-24	meta_metaphor	meta_L_AG	yy	YY	word_label	yy_32	yy_32	32	0.13678227338658835
sub-24	meta_metaphor	meta_L_AG	yy	YY	word_label	yy_15	yy_15	15	-0.14208057536324936
sub-24	meta_metaphor	meta_L_AG	yy	YY	word_label	yy_9	yy_9	9	-0.6923705626818044
sub-24	meta_metaphor	meta_L_AG	yy	YY	word_label	yy_28	yy_28	28	-0.7187117598282101
sub-24	meta_metaphor	meta_L_AG	yy	YY	word_label	yy_19	yy_19	19	0.0797313408718267
sub-24	meta_metaphor	meta_L_AG	yy	YY	word_label	yy_17	yy_17	17	-0.8079996885309713
sub-24	meta_metaphor	meta_L_AG	yy	YY	word_label	yy_23	yy_23	23	0.34508416280195486
sub-24	meta_metaphor	meta_L_AG	yy	YY	word_label	yy_35	yy_35	35	0.8484954735025856
sub-24	meta_metaphor	meta_L_AG	yy	YY	word_label	yy_18	yy_18	18	0.6847199066106924
sub-24	meta_metaphor	meta_L_AG	yy	YY	word_label	yy_33	yy_33	33	-0.7711435464583779
sub-24	meta_metaphor	meta_L_AG	yy	YY	word_label	yy_24	yy_24	24	-0.46622622061011637
sub-24	meta_metaphor	meta_L_AG	yy	YY	word_label	yy_14	yy_14	14	0.48955673549384116
sub-24	meta_metaphor	meta_L_AG	yy	YY	word_label	yy_13	yy_13	13	-0.7240056315272092
sub-24	meta_metaphor	meta_L_AG	yy	YY	word_label	yy_2	yy_2	2	0.26573493693403977
sub-24	meta_metaphor	meta_L_AG	yy	YY	word_label	yy_40	yy_40	40	-0.5534290873224004
sub-24	meta_metaphor	meta_L_AG	yy	YY	word_label	yy_38	yy_38	38	0.06458988970448153
sub-24	meta_metaphor	meta_L_AG	yy	YY	word_label	yy_39	yy_39	39	0.18334537778546325
sub-24	meta_metaphor	meta_L_AG	yy	YY	word_label	yy_36	yy_36	36	0.2818969209208095
sub-24	meta_metaphor	meta_L_AG	yy	YY	word_label	yy_27	yy_27	27	0.474628564695801
sub-24	meta_metaphor	meta_L_AG	yy	YY	word_label	yy_21	yy_21	21	-0.5327946130625637
sub-24	meta_metaphor	meta_L_AG	yy	YY	word_label	yy_10	yy_10	10	0.25684060705085665
sub-24	meta_metaphor	meta_L_AG	yy	YY	word_label	yy_7	yy_7	7	-0.6995180159069722
sub-24	meta_metaphor	meta_L_AG	yy	YY	word_label	yy_8	yy_8	8	-0.5233904645049502
sub-24	meta_metaphor	meta_L_AG	yy	YY	word_label	yy_26	yy_26	26	0.038391054265562406
sub-24	meta_metaphor	meta_L_AG	yy	YY	word_label	yy_12	yy_12	12	-0.21962072128015023
sub-24	meta_metaphor	meta_L_AG	yy	YY	word_label	yy_37	yy_37	37	-0.8053135309195878
sub-24	meta_metaphor	meta_L_AG	yy	YY	word_label	yy_5	yy_5	5	-0.08108058862972578
sub-24	meta_metaphor	meta_L_AG	yy	YY	word_label	yy_3	yy_3	3	-0.4996731655597517
sub-24	meta_metaphor	meta_L_AG	yy	YY	word_label	yy_16	yy_16	16	-0.45775436714836754
sub-24	meta_metaphor	meta_L_AG	kj	KJ	word_label	kj_31	kj_31	31	0.20306622148095943
sub-24	meta_metaphor	meta_L_AG	kj	KJ	word_label	kj_9	kj_9	9	-0.32900467155777124
sub-24	meta_metaphor	meta_L_AG	kj	KJ	word_label	kj_28	kj_28	28	-0.6548224804700891
sub-24	meta_metaphor	meta_L_AG	kj	KJ	word_label	kj_36	kj_36	36	-0.2526901178337775
sub-24	meta_metaphor	meta_L_AG	kj	KJ	word_label	kj_23	kj_23	23	0.06951301402771047
sub-24	meta_metaphor	meta_L_AG	kj	KJ	word_label	kj_17	kj_17	17	0.43893258129608825
sub-24	meta_metaphor	meta_L_AG	kj	KJ	word_label	kj_29	kj_29	29	-0.5492671324498611
sub-24	meta_metaphor	meta_L_AG	kj	KJ	word_label	kj_34	kj_34	34	-0.1186857413664291
sub-24	meta_metaphor	meta_L_AG	kj	KJ	word_label	kj_19	kj_19	19	-0.677617749560871
sub-24	meta_metaphor	meta_L_AG	kj	KJ	word_label	kj_15	kj_15	15	-0.43539203498939777
sub-24	meta_metaphor	meta_L_AG	kj	KJ	word_label	kj_30	kj_30	30	0.4599779132326065
sub-24	meta_metaphor	meta_L_AG	kj	KJ	word_label	kj_33	kj_33	33	0.5060185463323438
sub-24	meta_metaphor	meta_L_AG	kj	KJ	word_label	kj_1	kj_1	1	-0.5720533039180664
sub-24	meta_metaphor	meta_L_AG	kj	KJ	word_label	kj_3	kj_3	3	-0.4600651477857427
sub-24	meta_metaphor	meta_L_AG	kj	KJ	word_label	kj_27	kj_27	27	0.1493028267702547
sub-24	meta_metaphor	meta_L_AG	kj	KJ	word_label	kj_6	kj_6	6	0.7043399466613249
sub-24	meta_metaphor	meta_L_AG	kj	KJ	word_label	kj_10	kj_10	10	0.27120452891989744
sub-24	meta_metaphor	meta_L_AG	kj	KJ	word_label	kj_14	kj_14	14	-0.45120580597108156
sub-24	meta_metaphor	meta_L_AG	kj	KJ	word_label	kj_26	kj_26	26	-0.586817230707575
sub-24	meta_metaphor	meta_L_AG	kj	KJ	word_label	kj_5	kj_5	5	-0.14748619669500546
sub-24	meta_metaphor	meta_L_AG	kj	KJ	word_label	kj_13	kj_13	13	0.6191929790005372
sub-24	meta_metaphor	meta_L_AG	kj	KJ	word_label	kj_38	kj_38	38	0.5855149761452669
sub-24	meta_metaphor	meta_L_AG	kj	KJ	word_label	kj_21	kj_21	21	-0.7291653530285711
sub-24	meta_metaphor	meta_L_AG	kj	KJ	word_label	kj_39	kj_39	39	0.16673050410662682
sub-24	meta_metaphor	meta_L_AG	kj	KJ	word_label	kj_16	kj_16	16	-0.7171270820688903
sub-24	meta_metaphor	meta_L_AG	kj	KJ	word_label	kj_8	kj_8	8	-0.5616637762819204
sub-24	meta_metaphor	meta_L_AG	kj	KJ	word_label	kj_25	kj_25	25	-0.20431687117329256
sub-24	meta_metaphor	meta_L_AG	kj	KJ	word_label	kj_37	kj_37	37	0.09463854792166512
sub-24	meta_metaphor	meta_L_AG	kj	KJ	word_label	kj_7	kj_7	7	0.6487214649012069
sub-24	meta_metaphor	meta_L_AG	kj	KJ	word_label	kj_20	kj_20	20	-0.2755700888750638
sub-24	meta_metaphor	meta_L_AG	kj	KJ	word_label	kj_12	kj_12	12	0.49099080369285764
sub-24	meta_metaphor	meta_L_AG	kj	KJ	word_label	kj_2	kj_2	2	-0.5045939391094277
sub-24	meta_metaphor	meta_L_AG	kj	KJ	word_label	kj_22	kj_22	22	0.2622392542095591
sub-24	meta_metaphor	meta_L_AG	kj	KJ	word_label	kj_11	kj_11	11	-0.1355989872329093
sub-24	meta_metaphor	meta_L_AG	kj	KJ	word_label	kj_24	kj_24	24	-0.41675983442873493
sub-24	meta_metaphor	meta_L_IFG	yy	YY	word_label	yy_22	yy_22	22	-0.10645546707536964
sub-24	meta_metaphor	meta_L_IFG	yy	YY	word_label	yy_11	yy_11	11	-0.009918134947240182
sub-24	meta_metaphor	meta_L_IFG	yy	YY	word_label	yy_29	yy_29	29	-0.11588400385706447
sub-24	meta_metaphor	meta_L_IFG	yy	YY	word_label	yy_1	yy_1	1	0.020004558641228465
sub-24	meta_metaphor	meta_L_IFG	yy	YY	word_label	yy_6	yy_6	6	0.009961023544670575
sub-24	meta_metaphor	meta_L_IFG	yy	YY	word_label	yy_4	yy_4	4	0.03520675355073788
sub-24	meta_metaphor	meta_L_IFG	yy	YY	word_label	yy_32	yy_32	32	0.25621843434332586
sub-24	meta_metaphor	meta_L_IFG	yy	YY	word_label	yy_15	yy_15	15	-0.10419823935612259
sub-24	meta_metaphor	meta_L_IFG	yy	YY	word_label	yy_9	yy_9	9	0.07044299664744391
sub-24	meta_metaphor	meta_L_IFG	yy	YY	word_label	yy_28	yy_28	28	-0.6274929430819047
sub-24	meta_metaphor	meta_L_IFG	yy	YY	word_label	yy_19	yy_19	19	-0.1972024225000729
sub-24	meta_metaphor	meta_L_IFG	yy	YY	word_label	yy_17	yy_17	17	0.055542742438529344
sub-24	meta_metaphor	meta_L_IFG	yy	YY	word_label	yy_23	yy_23	23	0.13483349443991252
sub-24	meta_metaphor	meta_L_IFG	yy	YY	word_label	yy_35	yy_35	35	-0.3141178291932681
sub-24	meta_metaphor	meta_L_IFG	yy	YY	word_label	yy_18	yy_18	18	0.5190106625026651
sub-24	meta_metaphor	meta_L_IFG	yy	YY	word_label	yy_33	yy_33	33	0.34747319094576656
sub-24	meta_metaphor	meta_L_IFG	yy	YY	word_label	yy_24	yy_24	24	0.04001279739109352
sub-24	meta_metaphor	meta_L_IFG	yy	YY	word_label	yy_14	yy_14	14	0.3854470343969401
sub-24	meta_metaphor	meta_L_IFG	yy	YY	word_label	yy_13	yy_13	13	-0.029247139743535756
sub-24	meta_metaphor	meta_L_IFG	yy	YY	word_label	yy_2	yy_2	2	-0.08518964790859196
sub-24	meta_metaphor	meta_L_IFG	yy	YY	word_label	yy_40	yy_40	40	0.14082721233311646
sub-24	meta_metaphor	meta_L_IFG	yy	YY	word_label	yy_38	yy_38	38	0.12186461010031338
sub-24	meta_metaphor	meta_L_IFG	yy	YY	word_label	yy_39	yy_39	39	-0.10529269333963795
sub-24	meta_metaphor	meta_L_IFG	yy	YY	word_label	yy_36	yy_36	36	-0.025894172744396964
sub-24	meta_metaphor	meta_L_IFG	yy	YY	word_label	yy_27	yy_27	27	-0.3912317585694923
sub-24	meta_metaphor	meta_L_IFG	yy	YY	word_label	yy_21	yy_21	21	0.5640913945347412
sub-24	meta_metaphor	meta_L_IFG	yy	YY	word_label	yy_10	yy_10	10	0.0348116267610307
sub-24	meta_metaphor	meta_L_IFG	yy	YY	word_label	yy_7	yy_7	7	0.07860108017915973
sub-24	meta_metaphor	meta_L_IFG	yy	YY	word_label	yy_8	yy_8	8	0.4297847260638065
sub-24	meta_metaphor	meta_L_IFG	yy	YY	word_label	yy_26	yy_26	26	0.015595979322951462
sub-24	meta_metaphor	meta_L_IFG	yy	YY	word_label	yy_12	yy_12	12	-0.3144292135044803
sub-24	meta_metaphor	meta_L_IFG	yy	YY	word_label	yy_37	yy_37	37	-0.6070846031827035
sub-24	meta_metaphor	meta_L_IFG	yy	YY	word_label	yy_5	yy_5	5	-0.35289679045062267
sub-24	meta_metaphor	meta_L_IFG	yy	YY	word_label	yy_3	yy_3	3	0.06815799220835182
sub-24	meta_metaphor	meta_L_IFG	yy	YY	word_label	yy_16	yy_16	16	-0.3225932910734166
sub-24	meta_metaphor	meta_L_IFG	kj	KJ	word_label	kj_31	kj_31	31	0.09033767159460475
sub-24	meta_metaphor	meta_L_IFG	kj	KJ	word_label	kj_9	kj_9	9	-0.38632617302568945
sub-24	meta_metaphor	meta_L_IFG	kj	KJ	word_label	kj_28	kj_28	28	-0.24270694717644498
sub-24	meta_metaphor	meta_L_IFG	kj	KJ	word_label	kj_36	kj_36	36	0.16937016168571664
sub-24	meta_metaphor	meta_L_IFG	kj	KJ	word_label	kj_23	kj_23	23	0.09582075238674148
sub-24	meta_metaphor	meta_L_IFG	kj	KJ	word_label	kj_17	kj_17	17	0.09828199863303771
sub-24	meta_metaphor	meta_L_IFG	kj	KJ	word_label	kj_29	kj_29	29	-0.2778511720629519
sub-24	meta_metaphor	meta_L_IFG	kj	KJ	word_label	kj_34	kj_34	34	0.0982105992252057
sub-24	meta_metaphor	meta_L_IFG	kj	KJ	word_label	kj_19	kj_19	19	-0.041377522658513466
sub-24	meta_metaphor	meta_L_IFG	kj	KJ	word_label	kj_15	kj_15	15	-0.030554381500454714
sub-24	meta_metaphor	meta_L_IFG	kj	KJ	word_label	kj_30	kj_30	30	0.40416602039994526
sub-24	meta_metaphor	meta_L_IFG	kj	KJ	word_label	kj_33	kj_33	33	0.03835321723971998
sub-24	meta_metaphor	meta_L_IFG	kj	KJ	word_label	kj_1	kj_1	1	0.09197832247956267
sub-24	meta_metaphor	meta_L_IFG	kj	KJ	word_label	kj_3	kj_3	3	0.1076805741945482
sub-24	meta_metaphor	meta_L_IFG	kj	KJ	word_label	kj_27	kj_27	27	-0.24415157919258107
sub-24	meta_metaphor	meta_L_IFG	kj	KJ	word_label	kj_6	kj_6	6	-0.10803267379919432
sub-24	meta_metaphor	meta_L_IFG	kj	KJ	word_label	kj_10	kj_10	10	-0.3607811941046251
sub-24	meta_metaphor	meta_L_IFG	kj	KJ	word_label	kj_14	kj_14	14	0.569040931471801
sub-24	meta_metaphor	meta_L_IFG	kj	KJ	word_label	kj_26	kj_26	26	-0.00933235698453526
sub-24	meta_metaphor	meta_L_IFG	kj	KJ	word_label	kj_5	kj_5	5	0.02724137508319353
sub-24	meta_metaphor	meta_L_IFG	kj	KJ	word_label	kj_13	kj_13	13	-0.09890891449553194
sub-24	meta_metaphor	meta_L_IFG	kj	KJ	word_label	kj_38	kj_38	38	-0.020310116579952808
sub-24	meta_metaphor	meta_L_IFG	kj	KJ	word_label	kj_21	kj_21	21	0.11898322396926551
sub-24	meta_metaphor	meta_L_IFG	kj	KJ	word_label	kj_39	kj_39	39	0.169123595177321
sub-24	meta_metaphor	meta_L_IFG	kj	KJ	word_label	kj_16	kj_16	16	-0.20088968779984395
sub-24	meta_metaphor	meta_L_IFG	kj	KJ	word_label	kj_8	kj_8	8	-0.13306070964595554
sub-24	meta_metaphor	meta_L_IFG	kj	KJ	word_label	kj_25	kj_25	25	-0.34592098440723945
sub-24	meta_metaphor	meta_L_IFG	kj	KJ	word_label	kj_37	kj_37	37	-0.05078766590194099
sub-24	meta_metaphor	meta_L_IFG	kj	KJ	word_label	kj_7	kj_7	7	0.047152946412402426
sub-24	meta_metaphor	meta_L_IFG	kj	KJ	word_label	kj_20	kj_20	20	-0.08614233313443308
sub-24	meta_metaphor	meta_L_IFG	kj	KJ	word_label	kj_12	kj_12	12	-0.21374919877362103
sub-24	meta_metaphor	meta_L_IFG	kj	KJ	word_label	kj_2	kj_2	2	-0.4245169591754957
sub-24	meta_metaphor	meta_L_IFG	kj	KJ	word_label	kj_22	kj_22	22	0.25591455231554794
sub-24	meta_metaphor	meta_L_IFG	kj	KJ	word_label	kj_11	kj_11	11	0.01964519450378518
sub-24	meta_metaphor	meta_L_IFG	kj	KJ	word_label	kj_24	kj_24	24	-0.054624271335319045
sub-24	meta_metaphor	meta_L_pMTG_pSTS	yy	YY	word_label	yy_22	yy_22	22	0.14684466059912937
sub-24	meta_metaphor	meta_L_pMTG_pSTS	yy	YY	word_label	yy_11	yy_11	11	-0.22995347087377474
sub-24	meta_metaphor	meta_L_pMTG_pSTS	yy	YY	word_label	yy_29	yy_29	29	-0.28377673456600616
sub-24	meta_metaphor	meta_L_pMTG_pSTS	yy	YY	word_label	yy_1	yy_1	1	-0.5817998498554899
sub-24	meta_metaphor	meta_L_pMTG_pSTS	yy	YY	word_label	yy_6	yy_6	6	0.10053358086520339
sub-24	meta_metaphor	meta_L_pMTG_pSTS	yy	YY	word_label	yy_4	yy_4	4	0.5390120359022225
sub-24	meta_metaphor	meta_L_pMTG_pSTS	yy	YY	word_label	yy_32	yy_32	32	0.0656298353572079
sub-24	meta_metaphor	meta_L_pMTG_pSTS	yy	YY	word_label	yy_15	yy_15	15	0.24692990072848173
sub-24	meta_metaphor	meta_L_pMTG_pSTS	yy	YY	word_label	yy_9	yy_9	9	-0.14552411507609544
sub-24	meta_metaphor	meta_L_pMTG_pSTS	yy	YY	word_label	yy_28	yy_28	28	-0.7464677133382706
sub-24	meta_metaphor	meta_L_pMTG_pSTS	yy	YY	word_label	yy_19	yy_19	19	0.11687415051662385
sub-24	meta_metaphor	meta_L_pMTG_pSTS	yy	YY	word_label	yy_17	yy_17	17	0.3725104587478114
sub-24	meta_metaphor	meta_L_pMTG_pSTS	yy	YY	word_label	yy_23	yy_23	23	0.05574196179845189
sub-24	meta_metaphor	meta_L_pMTG_pSTS	yy	YY	word_label	yy_35	yy_35	35	0.4572307392864462
sub-24	meta_metaphor	meta_L_pMTG_pSTS	yy	YY	word_label	yy_18	yy_18	18	0.5972837102315748
sub-24	meta_metaphor	meta_L_pMTG_pSTS	yy	YY	word_label	yy_33	yy_33	33	-0.1868526283726441
sub-24	meta_metaphor	meta_L_pMTG_pSTS	yy	YY	word_label	yy_24	yy_24	24	-0.15325740740694604
sub-24	meta_metaphor	meta_L_pMTG_pSTS	yy	YY	word_label	yy_14	yy_14	14	0.3015435033036525
sub-24	meta_metaphor	meta_L_pMTG_pSTS	yy	YY	word_label	yy_13	yy_13	13	-0.23961792816972863
sub-24	meta_metaphor	meta_L_pMTG_pSTS	yy	YY	word_label	yy_2	yy_2	2	0.18501443494774178
sub-24	meta_metaphor	meta_L_pMTG_pSTS	yy	YY	word_label	yy_40	yy_40	40	-0.027555185808824635
sub-24	meta_metaphor	meta_L_pMTG_pSTS	yy	YY	word_label	yy_38	yy_38	38	-0.336216513847627
sub-24	meta_metaphor	meta_L_pMTG_pSTS	yy	YY	word_label	yy_39	yy_39	39	0.2517373477535139
sub-24	meta_metaphor	meta_L_pMTG_pSTS	yy	YY	word_label	yy_36	yy_36	36	0.45905383408486594
sub-24	meta_metaphor	meta_L_pMTG_pSTS	yy	YY	word_label	yy_27	yy_27	27	-0.3365665611731713
sub-24	meta_metaphor	meta_L_pMTG_pSTS	yy	YY	word_label	yy_21	yy_21	21	0.615153684946404
sub-24	meta_metaphor	meta_L_pMTG_pSTS	yy	YY	word_label	yy_10	yy_10	10	0.24255499411442538
sub-24	meta_metaphor	meta_L_pMTG_pSTS	yy	YY	word_label	yy_7	yy_7	7	-0.49716539764791134
sub-24	meta_metaphor	meta_L_pMTG_pSTS	yy	YY	word_label	yy_8	yy_8	8	0.261776497346383
sub-24	meta_metaphor	meta_L_pMTG_pSTS	yy	YY	word_label	yy_26	yy_26	26	0.6317114846296054
sub-24	meta_metaphor	meta_L_pMTG_pSTS	yy	YY	word_label	yy_12	yy_12	12	-0.15596716795322854
sub-24	meta_metaphor	meta_L_pMTG_pSTS	yy	YY	word_label	yy_37	yy_37	37	-0.24642121498233682
sub-24	meta_metaphor	meta_L_pMTG_pSTS	yy	YY	word_label	yy_5	yy_5	5	-0.058324154978829895
sub-24	meta_metaphor	meta_L_pMTG_pSTS	yy	YY	word_label	yy_3	yy_3	3	0.6033113090072967
sub-24	meta_metaphor	meta_L_pMTG_pSTS	yy	YY	word_label	yy_16	yy_16	16	0.06210141930715724
sub-24	meta_metaphor	meta_L_pMTG_pSTS	kj	KJ	word_label	kj_31	kj_31	31	0.22861593458942192
sub-24	meta_metaphor	meta_L_pMTG_pSTS	kj	KJ	word_label	kj_9	kj_9	9	0.4807897084939863
sub-24	meta_metaphor	meta_L_pMTG_pSTS	kj	KJ	word_label	kj_28	kj_28	28	0.05950568621234033
sub-24	meta_metaphor	meta_L_pMTG_pSTS	kj	KJ	word_label	kj_36	kj_36	36	0.08342190472357443
sub-24	meta_metaphor	meta_L_pMTG_pSTS	kj	KJ	word_label	kj_23	kj_23	23	0.22848354603494245
sub-24	meta_metaphor	meta_L_pMTG_pSTS	kj	KJ	word_label	kj_17	kj_17	17	0.004067534831487796
sub-24	meta_metaphor	meta_L_pMTG_pSTS	kj	KJ	word_label	kj_29	kj_29	29	-0.4991036866935163
sub-24	meta_metaphor	meta_L_pMTG_pSTS	kj	KJ	word_label	kj_34	kj_34	34	0.3865853257091366
sub-24	meta_metaphor	meta_L_pMTG_pSTS	kj	KJ	word_label	kj_19	kj_19	19	0.28883186105030195
sub-24	meta_metaphor	meta_L_pMTG_pSTS	kj	KJ	word_label	kj_15	kj_15	15	0.3039760219212547
sub-24	meta_metaphor	meta_L_pMTG_pSTS	kj	KJ	word_label	kj_30	kj_30	30	0.09944336262480771
sub-24	meta_metaphor	meta_L_pMTG_pSTS	kj	KJ	word_label	kj_33	kj_33	33	-0.6152046340589509
sub-24	meta_metaphor	meta_L_pMTG_pSTS	kj	KJ	word_label	kj_1	kj_1	1	-0.30940483985515466
sub-24	meta_metaphor	meta_L_pMTG_pSTS	kj	KJ	word_label	kj_3	kj_3	3	-0.2609187535827378
sub-24	meta_metaphor	meta_L_pMTG_pSTS	kj	KJ	word_label	kj_27	kj_27	27	-0.16660188449745195
sub-24	meta_metaphor	meta_L_pMTG_pSTS	kj	KJ	word_label	kj_6	kj_6	6	0.25499996165250916
sub-24	meta_metaphor	meta_L_pMTG_pSTS	kj	KJ	word_label	kj_10	kj_10	10	0.046173990487689366
sub-24	meta_metaphor	meta_L_pMTG_pSTS	kj	KJ	word_label	kj_14	kj_14	14	-0.22275872610712397
sub-24	meta_metaphor	meta_L_pMTG_pSTS	kj	KJ	word_label	kj_26	kj_26	26	-0.237234928919259
sub-24	meta_metaphor	meta_L_pMTG_pSTS	kj	KJ	word_label	kj_5	kj_5	5	0.2947056774985546
sub-24	meta_metaphor	meta_L_pMTG_pSTS	kj	KJ	word_label	kj_13	kj_13	13	0.5611414030966793
sub-24	meta_metaphor	meta_L_pMTG_pSTS	kj	KJ	word_label	kj_38	kj_38	38	-0.25650253097073933
sub-24	meta_metaphor	meta_L_pMTG_pSTS	kj	KJ	word_label	kj_21	kj_21	21	-0.10233223868844703
sub-24	meta_metaphor	meta_L_pMTG_pSTS	kj	KJ	word_label	kj_39	kj_39	39	-0.45311612332934975
sub-24	meta_metaphor	meta_L_pMTG_pSTS	kj	KJ	word_label	kj_16	kj_16	16	-0.5082306591237221
sub-24	meta_metaphor	meta_L_pMTG_pSTS	kj	KJ	word_label	kj_8	kj_8	8	-0.7341990496735981
sub-24	meta_metaphor	meta_L_pMTG_pSTS	kj	KJ	word_label	kj_25	kj_25	25	0.27414488348425664
sub-24	meta_metaphor	meta_L_pMTG_pSTS	kj	KJ	word_label	kj_37	kj_37	37	-0.3409488390479247
sub-24	meta_metaphor	meta_L_pMTG_pSTS	kj	KJ	word_label	kj_7	kj_7	7	0.348266533849079
sub-24	meta_metaphor	meta_L_pMTG_pSTS	kj	KJ	word_label	kj_20	kj_20	20	0.4656161984382339
sub-24	meta_metaphor	meta_L_pMTG_pSTS	kj	KJ	word_label	kj_12	kj_12	12	0.2066556259714295
sub-24	meta_metaphor	meta_L_pMTG_pSTS	kj	KJ	word_label	kj_2	kj_2	2	0.32776714433762516
sub-24	meta_metaphor	meta_L_pMTG_pSTS	kj	KJ	word_label	kj_22	kj_22	22	-0.4536688229813012
sub-24	meta_metaphor	meta_L_pMTG_pSTS	kj	KJ	word_label	kj_11	kj_11	11	-0.061317889715629015
sub-24	meta_metaphor	meta_L_pMTG_pSTS	kj	KJ	word_label	kj_24	kj_24	24	-0.2088839278381314
sub-24	meta_metaphor	meta_L_temporal_pole	yy	YY	word_label	yy_22	yy_22	22	-0.3405583389405195
sub-24	meta_metaphor	meta_L_temporal_pole	yy	YY	word_label	yy_11	yy_11	11	0.13957914648571546
sub-24	meta_metaphor	meta_L_temporal_pole	yy	YY	word_label	yy_29	yy_29	29	-0.22644976345628265
sub-24	meta_metaphor	meta_L_temporal_pole	yy	YY	word_label	yy_1	yy_1	1	0.052587560497989676
sub-24	meta_metaphor	meta_L_temporal_pole	yy	YY	word_label	yy_6	yy_6	6	-0.5492127884363134
sub-24	meta_metaphor	meta_L_temporal_pole	yy	YY	word_label	yy_4	yy_4	4	0.04469691466352958
sub-24	meta_metaphor	meta_L_temporal_pole	yy	YY	word_label	yy_32	yy_32	32	0.2541756197080996
sub-24	meta_metaphor	meta_L_temporal_pole	yy	YY	word_label	yy_15	yy_15	15	0.21127938348534403
sub-24	meta_metaphor	meta_L_temporal_pole	yy	YY	word_label	yy_9	yy_9	9	0.14473845471957464
sub-24	meta_metaphor	meta_L_temporal_pole	yy	YY	word_label	yy_28	yy_28	28	0.1529600487192303
sub-24	meta_metaphor	meta_L_temporal_pole	yy	YY	word_label	yy_19	yy_19	19	-0.18639086036105484
sub-24	meta_metaphor	meta_L_temporal_pole	yy	YY	word_label	yy_17	yy_17	17	-0.27422752041611154
sub-24	meta_metaphor	meta_L_temporal_pole	yy	YY	word_label	yy_23	yy_23	23	0.45875171599069303
sub-24	meta_metaphor	meta_L_temporal_pole	yy	YY	word_label	yy_35	yy_35	35	0.26468312462228816
sub-24	meta_metaphor	meta_L_temporal_pole	yy	YY	word_label	yy_18	yy_18	18	-0.06399824603827181
sub-24	meta_metaphor	meta_L_temporal_pole	yy	YY	word_label	yy_33	yy_33	33	-0.20177325205098628
sub-24	meta_metaphor	meta_L_temporal_pole	yy	YY	word_label	yy_24	yy_24	24	0.01584737272552424
sub-24	meta_metaphor	meta_L_temporal_pole	yy	YY	word_label	yy_14	yy_14	14	-0.22507909662903308
sub-24	meta_metaphor	meta_L_temporal_pole	yy	YY	word_label	yy_13	yy_13	13	-0.3036024014739189
sub-24	meta_metaphor	meta_L_temporal_pole	yy	YY	word_label	yy_2	yy_2	2	0.18744679626450783
sub-24	meta_metaphor	meta_L_temporal_pole	yy	YY	word_label	yy_40	yy_40	40	-0.12236048352913477
sub-24	meta_metaphor	meta_L_temporal_pole	yy	YY	word_label	yy_38	yy_38	38	0.18390585495438538
sub-24	meta_metaphor	meta_L_temporal_pole	yy	YY	word_label	yy_39	yy_39	39	-0.03996818133599084
sub-24	meta_metaphor	meta_L_temporal_pole	yy	YY	word_label	yy_36	yy_36	36	-0.3691501850608035
sub-24	meta_metaphor	meta_L_temporal_pole	yy	YY	word_label	yy_27	yy_27	27	0.2459391978931781
sub-24	meta_metaphor	meta_L_temporal_pole	yy	YY	word_label	yy_21	yy_21	21	-0.20353955588810943
sub-24	meta_metaphor	meta_L_temporal_pole	yy	YY	word_label	yy_10	yy_10	10	0.0942260089847517
sub-24	meta_metaphor	meta_L_temporal_pole	yy	YY	word_label	yy_7	yy_7	7	-0.38486100344409513
sub-24	meta_metaphor	meta_L_temporal_pole	yy	YY	word_label	yy_8	yy_8	8	-0.25176116878177673
sub-24	meta_metaphor	meta_L_temporal_pole	yy	YY	word_label	yy_26	yy_26	26	-0.15097701170947364
sub-24	meta_metaphor	meta_L_temporal_pole	yy	YY	word_label	yy_12	yy_12	12	-0.3696858888818501
sub-24	meta_metaphor	meta_L_temporal_pole	yy	YY	word_label	yy_37	yy_37	37	0.04784056257997692
sub-24	meta_metaphor	meta_L_temporal_pole	yy	YY	word_label	yy_5	yy_5	5	-0.0673788926861272
sub-24	meta_metaphor	meta_L_temporal_pole	yy	YY	word_label	yy_3	yy_3	3	0.25345993737385913
sub-24	meta_metaphor	meta_L_temporal_pole	yy	YY	word_label	yy_16	yy_16	16	0.20673441800218859
sub-24	meta_metaphor	meta_L_temporal_pole	kj	KJ	word_label	kj_31	kj_31	31	-0.3905810809652993
sub-24	meta_metaphor	meta_L_temporal_pole	kj	KJ	word_label	kj_9	kj_9	9	0.250112254339228
sub-24	meta_metaphor	meta_L_temporal_pole	kj	KJ	word_label	kj_28	kj_28	28	-0.004035027440692354
sub-24	meta_metaphor	meta_L_temporal_pole	kj	KJ	word_label	kj_36	kj_36	36	-0.06204011907307544
sub-24	meta_metaphor	meta_L_temporal_pole	kj	KJ	word_label	kj_23	kj_23	23	-0.1957492814913006
sub-24	meta_metaphor	meta_L_temporal_pole	kj	KJ	word_label	kj_17	kj_17	17	0.331903984576838
sub-24	meta_metaphor	meta_L_temporal_pole	kj	KJ	word_label	kj_29	kj_29	29	0.08597038055423287
sub-24	meta_metaphor	meta_L_temporal_pole	kj	KJ	word_label	kj_34	kj_34	34	0.059519152641773085
sub-24	meta_metaphor	meta_L_temporal_pole	kj	KJ	word_label	kj_19	kj_19	19	0.24064695573127234
sub-24	meta_metaphor	meta_L_temporal_pole	kj	KJ	word_label	kj_15	kj_15	15	-0.3057866997294165
sub-24	meta_metaphor	meta_L_temporal_pole	kj	KJ	word_label	kj_30	kj_30	30	0.1638361755201767
sub-24	meta_metaphor	meta_L_temporal_pole	kj	KJ	word_label	kj_33	kj_33	33	-0.0554269717945909
sub-24	meta_metaphor	meta_L_temporal_pole	kj	KJ	word_label	kj_1	kj_1	1	0.4543366839906456
sub-24	meta_metaphor	meta_L_temporal_pole	kj	KJ	word_label	kj_3	kj_3	3	0.38417693978350165
sub-24	meta_metaphor	meta_L_temporal_pole	kj	KJ	word_label	kj_27	kj_27	27	-0.03889068810648275
sub-24	meta_metaphor	meta_L_temporal_pole	kj	KJ	word_label	kj_6	kj_6	6	0.4748051070886563
sub-24	meta_metaphor	meta_L_temporal_pole	kj	KJ	word_label	kj_10	kj_10	10	-0.4943124332590024
sub-24	meta_metaphor	meta_L_temporal_pole	kj	KJ	word_label	kj_14	kj_14	14	-0.03614106193511027
sub-24	meta_metaphor	meta_L_temporal_pole	kj	KJ	word_label	kj_26	kj_26	26	0.053871864524646484
sub-24	meta_metaphor	meta_L_temporal_pole	kj	KJ	word_label	kj_5	kj_5	5	-0.39110714783928574
sub-24	meta_metaphor	meta_L_temporal_pole	kj	KJ	word_label	kj_13	kj_13	13	-0.2652260983920237
sub-24	meta_metaphor	meta_L_temporal_pole	kj	KJ	word_label	kj_38	kj_38	38	0.5779159321254538
sub-24	meta_metaphor	meta_L_temporal_pole	kj	KJ	word_label	kj_21	kj_21	21	-0.058984552509611085
sub-24	meta_metaphor	meta_L_temporal_pole	kj	KJ	word_label	kj_39	kj_39	39	-0.6462105925158346
sub-24	meta_metaphor	meta_L_temporal_pole	kj	KJ	word_label	kj_16	kj_16	16	0.17781923316355386
sub-24	meta_metaphor	meta_L_temporal_pole	kj	KJ	word_label	kj_8	kj_8	8	0.05289653791849747
sub-24	meta_metaphor	meta_L_temporal_pole	kj	KJ	word_label	kj_25	kj_25	25	-0.0197404458025247
sub-24	meta_metaphor	meta_L_temporal_pole	kj	KJ	word_label	kj_37	kj_37	37	0.04141017121658965
sub-24	meta_metaphor	meta_L_temporal_pole	kj	KJ	word_label	kj_7	kj_7	7	0.2768649219480811
sub-24	meta_metaphor	meta_L_temporal_pole	kj	KJ	word_label	kj_20	kj_20	20	0.5162690321192893
sub-24	meta_metaphor	meta_L_temporal_pole	kj	KJ	word_label	kj_12	kj_12	12	0.12997493195071855
sub-24	meta_metaphor	meta_L_temporal_pole	kj	KJ	word_label	kj_2	kj_2	2	-0.30232840676818623
sub-24	meta_metaphor	meta_L_temporal_pole	kj	KJ	word_label	kj_22	kj_22	22	-0.13134183611930308
sub-24	meta_metaphor	meta_L_temporal_pole	kj	KJ	word_label	kj_11	kj_11	11	-0.2528113832083108
sub-24	meta_metaphor	meta_L_temporal_pole	kj	KJ	word_label	kj_24	kj_24	24	-0.052997867704135136
sub-24	meta_metaphor	meta_R_AG	yy	YY	word_label	yy_22	yy_22	22	0.30106603688925987
sub-24	meta_metaphor	meta_R_AG	yy	YY	word_label	yy_11	yy_11	11	0.01796165273745181
sub-24	meta_metaphor	meta_R_AG	yy	YY	word_label	yy_29	yy_29	29	-0.17225821417603188
sub-24	meta_metaphor	meta_R_AG	yy	YY	word_label	yy_1	yy_1	1	-0.3696485699670166
sub-24	meta_metaphor	meta_R_AG	yy	YY	word_label	yy_6	yy_6	6	0.26591291434253517
sub-24	meta_metaphor	meta_R_AG	yy	YY	word_label	yy_4	yy_4	4	0.2913621537739038
sub-24	meta_metaphor	meta_R_AG	yy	YY	word_label	yy_32	yy_32	32	-0.018581089812440495
sub-24	meta_metaphor	meta_R_AG	yy	YY	word_label	yy_15	yy_15	15	0.40107880134684404
sub-24	meta_metaphor	meta_R_AG	yy	YY	word_label	yy_9	yy_9	9	-0.4567151413368924
sub-24	meta_metaphor	meta_R_AG	yy	YY	word_label	yy_28	yy_28	28	-0.6638869872265448
sub-24	meta_metaphor	meta_R_AG	yy	YY	word_label	yy_19	yy_19	19	0.30590506335528783
sub-24	meta_metaphor	meta_R_AG	yy	YY	word_label	yy_17	yy_17	17	-0.46945124058435656
sub-24	meta_metaphor	meta_R_AG	yy	YY	word_label	yy_23	yy_23	23	-0.24901869659539963
sub-24	meta_metaphor	meta_R_AG	yy	YY	word_label	yy_35	yy_35	35	0.10824966794998772
sub-24	meta_metaphor	meta_R_AG	yy	YY	word_label	yy_18	yy_18	18	0.5864266886613948
sub-24	meta_metaphor	meta_R_AG	yy	YY	word_label	yy_33	yy_33	33	-0.34662261152177937
sub-24	meta_metaphor	meta_R_AG	yy	YY	word_label	yy_24	yy_24	24	-0.6632905565160138
sub-24	meta_metaphor	meta_R_AG	yy	YY	word_label	yy_14	yy_14	14	-0.6779889735428641
sub-24	meta_metaphor	meta_R_AG	yy	YY	word_label	yy_13	yy_13	13	-0.7660713774387963
sub-24	meta_metaphor	meta_R_AG	yy	YY	word_label	yy_2	yy_2	2	0.40689913143718487
sub-24	meta_metaphor	meta_R_AG	yy	YY	word_label	yy_40	yy_40	40	-0.4613551460248006
sub-24	meta_metaphor	meta_R_AG	yy	YY	word_label	yy_38	yy_38	38	0.013369586004251158
sub-24	meta_metaphor	meta_R_AG	yy	YY	word_label	yy_39	yy_39	39	0.19589548462733883
sub-24	meta_metaphor	meta_R_AG	yy	YY	word_label	yy_36	yy_36	36	0.1478070417010111
sub-24	meta_metaphor	meta_R_AG	yy	YY	word_label	yy_27	yy_27	27	-0.5828437723403774
sub-24	meta_metaphor	meta_R_AG	yy	YY	word_label	yy_21	yy_21	21	-0.6557042571136575
sub-24	meta_metaphor	meta_R_AG	yy	YY	word_label	yy_10	yy_10	10	-0.0017095465239098542
sub-24	meta_metaphor	meta_R_AG	yy	YY	word_label	yy_7	yy_7	7	-0.49383837807641373
sub-24	meta_metaphor	meta_R_AG	yy	YY	word_label	yy_8	yy_8	8	-0.0949559685384884
sub-24	meta_metaphor	meta_R_AG	yy	YY	word_label	yy_26	yy_26	26	-0.20243732725135483
sub-24	meta_metaphor	meta_R_AG	yy	YY	word_label	yy_12	yy_12	12	-0.3436717778304662
sub-24	meta_metaphor	meta_R_AG	yy	YY	word_label	yy_37	yy_37	37	-0.5522116077162446
sub-24	meta_metaphor	meta_R_AG	yy	YY	word_label	yy_5	yy_5	5	0.4165404358266323
sub-24	meta_metaphor	meta_R_AG	yy	YY	word_label	yy_3	yy_3	3	-0.6722441020618845
sub-24	meta_metaphor	meta_R_AG	yy	YY	word_label	yy_16	yy_16	16	-0.372218895268476
sub-24	meta_metaphor	meta_R_AG	kj	KJ	word_label	kj_31	kj_31	31	-0.6539010990743481
sub-24	meta_metaphor	meta_R_AG	kj	KJ	word_label	kj_9	kj_9	9	0.37890392234279885
sub-24	meta_metaphor	meta_R_AG	kj	KJ	word_label	kj_28	kj_28	28	0.09043012172860265
sub-24	meta_metaphor	meta_R_AG	kj	KJ	word_label	kj_36	kj_36	36	0.1706971255302249
sub-24	meta_metaphor	meta_R_AG	kj	KJ	word_label	kj_23	kj_23	23	-0.29976774168765297
sub-24	meta_metaphor	meta_R_AG	kj	KJ	word_label	kj_17	kj_17	17	0.28913711799731895
sub-24	meta_metaphor	meta_R_AG	kj	KJ	word_label	kj_29	kj_29	29	-0.40976185504028023
sub-24	meta_metaphor	meta_R_AG	kj	KJ	word_label	kj_34	kj_34	34	-0.3758041800498399
sub-24	meta_metaphor	meta_R_AG	kj	KJ	word_label	kj_19	kj_19	19	-0.15766677319737407
sub-24	meta_metaphor	meta_R_AG	kj	KJ	word_label	kj_15	kj_15	15	0.012461745481868904
sub-24	meta_metaphor	meta_R_AG	kj	KJ	word_label	kj_30	kj_30	30	0.10507685618864743
sub-24	meta_metaphor	meta_R_AG	kj	KJ	word_label	kj_33	kj_33	33	0.18311147819292128
sub-24	meta_metaphor	meta_R_AG	kj	KJ	word_label	kj_1	kj_1	1	0.44880272320057746
sub-24	meta_metaphor	meta_R_AG	kj	KJ	word_label	kj_3	kj_3	3	0.41282077836312275
sub-24	meta_metaphor	meta_R_AG	kj	KJ	word_label	kj_27	kj_27	27	-0.2875571372584338
sub-24	meta_metaphor	meta_R_AG	kj	KJ	word_label	kj_6	kj_6	6	0.7609699137379426
sub-24	meta_metaphor	meta_R_AG	kj	KJ	word_label	kj_10	kj_10	10	-0.7067970635619971
sub-24	meta_metaphor	meta_R_AG	kj	KJ	word_label	kj_14	kj_14	14	0.3764984449388011
sub-24	meta_metaphor	meta_R_AG	kj	KJ	word_label	kj_26	kj_26	26	-0.397770308874582
sub-24	meta_metaphor	meta_R_AG	kj	KJ	word_label	kj_5	kj_5	5	-0.7027036896022478
sub-24	meta_metaphor	meta_R_AG	kj	KJ	word_label	kj_13	kj_13	13	-0.33638720496575786
sub-24	meta_metaphor	meta_R_AG	kj	KJ	word_label	kj_38	kj_38	38	0.10212522599900714
sub-24	meta_metaphor	meta_R_AG	kj	KJ	word_label	kj_21	kj_21	21	-0.030200378176276715
sub-24	meta_metaphor	meta_R_AG	kj	KJ	word_label	kj_39	kj_39	39	-0.17682882550050913
sub-24	meta_metaphor	meta_R_AG	kj	KJ	word_label	kj_16	kj_16	16	0.16426568878231732
sub-24	meta_metaphor	meta_R_AG	kj	KJ	word_label	kj_8	kj_8	8	0.4475164558332134
sub-24	meta_metaphor	meta_R_AG	kj	KJ	word_label	kj_25	kj_25	25	0.08897370264158375
sub-24	meta_metaphor	meta_R_AG	kj	KJ	word_label	kj_37	kj_37	37	-0.5317893771058483
sub-24	meta_metaphor	meta_R_AG	kj	KJ	word_label	kj_7	kj_7	7	-0.4504951007604763
sub-24	meta_metaphor	meta_R_AG	kj	KJ	word_label	kj_20	kj_20	20	-0.20964389594382302
sub-24	meta_metaphor	meta_R_AG	kj	KJ	word_label	kj_12	kj_12	12	0.29375359871428447
sub-24	meta_metaphor	meta_R_AG	kj	KJ	word_label	kj_2	kj_2	2	-0.6733078925393813
sub-24	meta_metaphor	meta_R_AG	kj	KJ	word_label	kj_22	kj_22	22	0.1821259642719568
sub-24	meta_metaphor	meta_R_AG	kj	KJ	word_label	kj_11	kj_11	11	-0.18699456148765328
sub-24	meta_metaphor	meta_R_AG	kj	KJ	word_label	kj_24	kj_24	24	0.251082764212503
sub-24	meta_metaphor	meta_R_IFG	yy	YY	word_label	yy_22	yy_22	22	-0.32806872002040827
sub-24	meta_metaphor	meta_R_IFG	yy	YY	word_label	yy_11	yy_11	11	-0.4522879373673203
sub-24	meta_metaphor	meta_R_IFG	yy	YY	word_label	yy_29	yy_29	29	0.424997587674028
sub-24	meta_metaphor	meta_R_IFG	yy	YY	word_label	yy_1	yy_1	1	-0.3365952752191272
sub-24	meta_metaphor	meta_R_IFG	yy	YY	word_label	yy_6	yy_6	6	-0.29178724932911787
sub-24	meta_metaphor	meta_R_IFG	yy	YY	word_label	yy_4	yy_4	4	0.681124149944995
sub-24	meta_metaphor	meta_R_IFG	yy	YY	word_label	yy_32	yy_32	32	0.5127212545143848
sub-24	meta_metaphor	meta_R_IFG	yy	YY	word_label	yy_15	yy_15	15	0.5562864681556654
sub-24	meta_metaphor	meta_R_IFG	yy	YY	word_label	yy_9	yy_9	9	-0.7322244132007264
sub-24	meta_metaphor	meta_R_IFG	yy	YY	word_label	yy_28	yy_28	28	-0.7650222567973918
sub-24	meta_metaphor	meta_R_IFG	yy	YY	word_label	yy_19	yy_19	19	-0.4268236246390965
sub-24	meta_metaphor	meta_R_IFG	yy	YY	word_label	yy_17	yy_17	17	-0.46311966511191754
sub-24	meta_metaphor	meta_R_IFG	yy	YY	word_label	yy_23	yy_23	23	0.2567669008350343
sub-24	meta_metaphor	meta_R_IFG	yy	YY	word_label	yy_35	yy_35	35	0.7701662931116072
sub-24	meta_metaphor	meta_R_IFG	yy	YY	word_label	yy_18	yy_18	18	-0.08258834108044967
sub-24	meta_metaphor	meta_R_IFG	yy	YY	word_label	yy_33	yy_33	33	0.35554466034133425
sub-24	meta_metaphor	meta_R_IFG	yy	YY	word_label	yy_24	yy_24	24	-0.549572027964988
sub-24	meta_metaphor	meta_R_IFG	yy	YY	word_label	yy_14	yy_14	14	0.7261386490522208
sub-24	meta_metaphor	meta_R_IFG	yy	YY	word_label	yy_13	yy_13	13	-0.4348699333994547
sub-24	meta_metaphor	meta_R_IFG	yy	YY	word_label	yy_2	yy_2	2	0.12483637210218669
sub-24	meta_metaphor	meta_R_IFG	yy	YY	word_label	yy_40	yy_40	40	-0.541534152667874
sub-24	meta_metaphor	meta_R_IFG	yy	YY	word_label	yy_38	yy_38	38	-0.46540469930518436
sub-24	meta_metaphor	meta_R_IFG	yy	YY	word_label	yy_39	yy_39	39	0.7765813699894425
sub-24	meta_metaphor	meta_R_IFG	yy	YY	word_label	yy_36	yy_36	36	0.3451862981710811
sub-24	meta_metaphor	meta_R_IFG	yy	YY	word_label	yy_27	yy_27	27	0.22405085686922765
sub-24	meta_metaphor	meta_R_IFG	yy	YY	word_label	yy_21	yy_21	21	-0.1177118519570385
sub-24	meta_metaphor	meta_R_IFG	yy	YY	word_label	yy_10	yy_10	10	-0.0002800275926665088
sub-24	meta_metaphor	meta_R_IFG	yy	YY	word_label	yy_7	yy_7	7	-0.5152064990014026
sub-24	meta_metaphor	meta_R_IFG	yy	YY	word_label	yy_8	yy_8	8	-0.30121548481542926
sub-24	meta_metaphor	meta_R_IFG	yy	YY	word_label	yy_26	yy_26	26	0.4895077233666007
sub-24	meta_metaphor	meta_R_IFG	yy	YY	word_label	yy_12	yy_12	12	-0.5699477392212953
sub-24	meta_metaphor	meta_R_IFG	yy	YY	word_label	yy_37	yy_37	37	-0.6417789851558218
sub-24	meta_metaphor	meta_R_IFG	yy	YY	word_label	yy_5	yy_5	5	-0.6050205607269432
sub-24	meta_metaphor	meta_R_IFG	yy	YY	word_label	yy_3	yy_3	3	0.6353277078316143
sub-24	meta_metaphor	meta_R_IFG	yy	YY	word_label	yy_16	yy_16	16	-0.35044073321845887
sub-24	meta_metaphor	meta_R_IFG	kj	KJ	word_label	kj_31	kj_31	31	0.4477361719697188
sub-24	meta_metaphor	meta_R_IFG	kj	KJ	word_label	kj_9	kj_9	9	-0.2687742203525414
sub-24	meta_metaphor	meta_R_IFG	kj	KJ	word_label	kj_28	kj_28	28	-0.5236080904007645
sub-24	meta_metaphor	meta_R_IFG	kj	KJ	word_label	kj_36	kj_36	36	0.6555765130844309
sub-24	meta_metaphor	meta_R_IFG	kj	KJ	word_label	kj_23	kj_23	23	-0.46103390134543354
sub-24	meta_metaphor	meta_R_IFG	kj	KJ	word_label	kj_17	kj_17	17	-0.4510868539496928
sub-24	meta_metaphor	meta_R_IFG	kj	KJ	word_label	kj_29	kj_29	29	-0.7208117492285251
sub-24	meta_metaphor	meta_R_IFG	kj	KJ	word_label	kj_34	kj_34	34	-0.45002816848109517
sub-24	meta_metaphor	meta_R_IFG	kj	KJ	word_label	kj_19	kj_19	19	-0.6885110800670826
sub-24	meta_metaphor	meta_R_IFG	kj	KJ	word_label	kj_15	kj_15	15	0.6254053411956825
sub-24	meta_metaphor	meta_R_IFG	kj	KJ	word_label	kj_30	kj_30	30	-0.017739780299588587
sub-24	meta_metaphor	meta_R_IFG	kj	KJ	word_label	kj_33	kj_33	33	0.3434912043720332
sub-24	meta_metaphor	meta_R_IFG	kj	KJ	word_label	kj_1	kj_1	1	-0.2916874704113082
sub-24	meta_metaphor	meta_R_IFG	kj	KJ	word_label	kj_3	kj_3	3	-0.44376602088512573
sub-24	meta_metaphor	meta_R_IFG	kj	KJ	word_label	kj_27	kj_27	27	-0.6698514008052
sub-24	meta_metaphor	meta_R_IFG	kj	KJ	word_label	kj_6	kj_6	6	0.6498402154740572
sub-24	meta_metaphor	meta_R_IFG	kj	KJ	word_label	kj_10	kj_10	10	-0.4463209445443907
sub-24	meta_metaphor	meta_R_IFG	kj	KJ	word_label	kj_14	kj_14	14	-0.16808013924253346
sub-24	meta_metaphor	meta_R_IFG	kj	KJ	word_label	kj_26	kj_26	26	-0.7486020001819541
sub-24	meta_metaphor	meta_R_IFG	kj	KJ	word_label	kj_5	kj_5	5	0.10109768458883055
sub-24	meta_metaphor	meta_R_IFG	kj	KJ	word_label	kj_13	kj_13	13	0.6803335196470089
sub-24	meta_metaphor	meta_R_IFG	kj	KJ	word_label	kj_38	kj_38	38	-0.10196245622515357
sub-24	meta_metaphor	meta_R_IFG	kj	KJ	word_label	kj_21	kj_21	21	0.2483989819219322
sub-24	meta_metaphor	meta_R_IFG	kj	KJ	word_label	kj_39	kj_39	39	-0.11508671291994005
sub-24	meta_metaphor	meta_R_IFG	kj	KJ	word_label	kj_16	kj_16	16	-0.5394671682979413
sub-24	meta_metaphor	meta_R_IFG	kj	KJ	word_label	kj_8	kj_8	8	-0.5506409865406328
sub-24	meta_metaphor	meta_R_IFG	kj	KJ	word_label	kj_25	kj_25	25	0.1519443469159155
sub-24	meta_metaphor	meta_R_IFG	kj	KJ	word_label	kj_37	kj_37	37	-0.13508759375612875
sub-24	meta_metaphor	meta_R_IFG	kj	KJ	word_label	kj_7	kj_7	7	0.3274408157161059
sub-24	meta_metaphor	meta_R_IFG	kj	KJ	word_label	kj_20	kj_20	20	-0.3711428247834196
sub-24	meta_metaphor	meta_R_IFG	kj	KJ	word_label	kj_12	kj_12	12	-0.14223348859777737
sub-24	meta_metaphor	meta_R_IFG	kj	KJ	word_label	kj_2	kj_2	2	0.6715741721820326
sub-24	meta_metaphor	meta_R_IFG	kj	KJ	word_label	kj_22	kj_22	22	-0.06402537772843059
sub-24	meta_metaphor	meta_R_IFG	kj	KJ	word_label	kj_11	kj_11	11	-0.539081294275351
sub-24	meta_metaphor	meta_R_IFG	kj	KJ	word_label	kj_24	kj_24	24	-0.4198278077933339
sub-24	meta_metaphor	meta_R_pMTG_pSTS	yy	YY	word_label	yy_22	yy_22	22	0.21663318286864888
sub-24	meta_metaphor	meta_R_pMTG_pSTS	yy	YY	word_label	yy_11	yy_11	11	-0.41142538768549475
sub-24	meta_metaphor	meta_R_pMTG_pSTS	yy	YY	word_label	yy_29	yy_29	29	-0.5477064979949318
sub-24	meta_metaphor	meta_R_pMTG_pSTS	yy	YY	word_label	yy_1	yy_1	1	0.21413397471080964
sub-24	meta_metaphor	meta_R_pMTG_pSTS	yy	YY	word_label	yy_6	yy_6	6	-0.5299577006240164
sub-24	meta_metaphor	meta_R_pMTG_pSTS	yy	YY	word_label	yy_4	yy_4	4	0.10334097399358765
sub-24	meta_metaphor	meta_R_pMTG_pSTS	yy	YY	word_label	yy_32	yy_32	32	0.405007232801628
sub-24	meta_metaphor	meta_R_pMTG_pSTS	yy	YY	word_label	yy_15	yy_15	15	0.1884817081315842
sub-24	meta_metaphor	meta_R_pMTG_pSTS	yy	YY	word_label	yy_9	yy_9	9	-0.6039323375971681
sub-24	meta_metaphor	meta_R_pMTG_pSTS	yy	YY	word_label	yy_28	yy_28	28	-0.6529027224567094
sub-24	meta_metaphor	meta_R_pMTG_pSTS	yy	YY	word_label	yy_19	yy_19	19	-0.16097386173816292
sub-24	meta_metaphor	meta_R_pMTG_pSTS	yy	YY	word_label	yy_17	yy_17	17	-0.016728524002682713
sub-24	meta_metaphor	meta_R_pMTG_pSTS	yy	YY	word_label	yy_23	yy_23	23	0.23246447827638728
sub-24	meta_metaphor	meta_R_pMTG_pSTS	yy	YY	word_label	yy_35	yy_35	35	0.7633943672117803
sub-24	meta_metaphor	meta_R_pMTG_pSTS	yy	YY	word_label	yy_18	yy_18	18	-0.002665021464207706
sub-24	meta_metaphor	meta_R_pMTG_pSTS	yy	YY	word_label	yy_33	yy_33	33	-0.28862969043651937
sub-24	meta_metaphor	meta_R_pMTG_pSTS	yy	YY	word_label	yy_24	yy_24	24	-0.5485051520031939
sub-24	meta_metaphor	meta_R_pMTG_pSTS	yy	YY	word_label	yy_14	yy_14	14	-0.40495494684385136
sub-24	meta_metaphor	meta_R_pMTG_pSTS	yy	YY	word_label	yy_13	yy_13	13	-0.48910953602150936
sub-24	meta_metaphor	meta_R_pMTG_pSTS	yy	YY	word_label	yy_2	yy_2	2	-0.17802197172230158
sub-24	meta_metaphor	meta_R_pMTG_pSTS	yy	YY	word_label	yy_40	yy_40	40	-0.6051083757058825
sub-24	meta_metaphor	meta_R_pMTG_pSTS	yy	YY	word_label	yy_38	yy_38	38	-0.7442212869611171
sub-24	meta_metaphor	meta_R_pMTG_pSTS	yy	YY	word_label	yy_39	yy_39	39	0.7570196961077813
sub-24	meta_metaphor	meta_R_pMTG_pSTS	yy	YY	word_label	yy_36	yy_36	36	-0.169576263226568
sub-24	meta_metaphor	meta_R_pMTG_pSTS	yy	YY	word_label	yy_27	yy_27	27	-0.02285439568396014
sub-24	meta_metaphor	meta_R_pMTG_pSTS	yy	YY	word_label	yy_21	yy_21	21	0.49011612963473644
sub-24	meta_metaphor	meta_R_pMTG_pSTS	yy	YY	word_label	yy_10	yy_10	10	0.3081166920561504
sub-24	meta_metaphor	meta_R_pMTG_pSTS	yy	YY	word_label	yy_7	yy_7	7	0.12945666519854845
sub-24	meta_metaphor	meta_R_pMTG_pSTS	yy	YY	word_label	yy_8	yy_8	8	-0.2292566047512177
sub-24	meta_metaphor	meta_R_pMTG_pSTS	yy	YY	word_label	yy_26	yy_26	26	0.2217202136132841
sub-24	meta_metaphor	meta_R_pMTG_pSTS	yy	YY	word_label	yy_12	yy_12	12	-0.5537518756521708
sub-24	meta_metaphor	meta_R_pMTG_pSTS	yy	YY	word_label	yy_37	yy_37	37	-0.7167202609108815
sub-24	meta_metaphor	meta_R_pMTG_pSTS	yy	YY	word_label	yy_5	yy_5	5	0.20489682554822786
sub-24	meta_metaphor	meta_R_pMTG_pSTS	yy	YY	word_label	yy_3	yy_3	3	0.2400445927121752
sub-24	meta_metaphor	meta_R_pMTG_pSTS	yy	YY	word_label	yy_16	yy_16	16	0.16893081573721772
sub-24	meta_metaphor	meta_R_pMTG_pSTS	kj	KJ	word_label	kj_31	kj_31	31	0.20661229830064795
sub-24	meta_metaphor	meta_R_pMTG_pSTS	kj	KJ	word_label	kj_9	kj_9	9	-0.29352354848150425
sub-24	meta_metaphor	meta_R_pMTG_pSTS	kj	KJ	word_label	kj_28	kj_28	28	-0.5123856448290002
sub-24	meta_metaphor	meta_R_pMTG_pSTS	kj	KJ	word_label	kj_36	kj_36	36	-0.1688799314489352
sub-24	meta_metaphor	meta_R_pMTG_pSTS	kj	KJ	word_label	kj_23	kj_23	23	0.46866113606926185
sub-24	meta_metaphor	meta_R_pMTG_pSTS	kj	KJ	word_label	kj_17	kj_17	17	-0.40105070160958356
sub-24	meta_metaphor	meta_R_pMTG_pSTS	kj	KJ	word_label	kj_29	kj_29	29	-0.780998231825124
sub-24	meta_metaphor	meta_R_pMTG_pSTS	kj	KJ	word_label	kj_34	kj_34	34	0.35913578108729305
sub-24	meta_metaphor	meta_R_pMTG_pSTS	kj	KJ	word_label	kj_19	kj_19	19	-0.10543942743733851
sub-24	meta_metaphor	meta_R_pMTG_pSTS	kj	KJ	word_label	kj_15	kj_15	15	-0.3245676116085727
sub-24	meta_metaphor	meta_R_pMTG_pSTS	kj	KJ	word_label	kj_30	kj_30	30	-0.406433530636554
sub-24	meta_metaphor	meta_R_pMTG_pSTS	kj	KJ	word_label	kj_33	kj_33	33	-0.08268058992741559
sub-24	meta_metaphor	meta_R_pMTG_pSTS	kj	KJ	word_label	kj_1	kj_1	1	-0.4758710513930773
sub-24	meta_metaphor	meta_R_pMTG_pSTS	kj	KJ	word_label	kj_3	kj_3	3	0.07998506816969628
sub-24	meta_metaphor	meta_R_pMTG_pSTS	kj	KJ	word_label	kj_27	kj_27	27	-0.1481604326035815
sub-24	meta_metaphor	meta_R_pMTG_pSTS	kj	KJ	word_label	kj_6	kj_6	6	0.6006769324510054
sub-24	meta_metaphor	meta_R_pMTG_pSTS	kj	KJ	word_label	kj_10	kj_10	10	0.2128240015525696
sub-24	meta_metaphor	meta_R_pMTG_pSTS	kj	KJ	word_label	kj_14	kj_14	14	-0.6415823108117
sub-24	meta_metaphor	meta_R_pMTG_pSTS	kj	KJ	word_label	kj_26	kj_26	26	0.16407892716399683
sub-24	meta_metaphor	meta_R_pMTG_pSTS	kj	KJ	word_label	kj_5	kj_5	5	-0.12156010307705628
sub-24	meta_metaphor	meta_R_pMTG_pSTS	kj	KJ	word_label	kj_13	kj_13	13	0.6375123856807025
sub-24	meta_metaphor	meta_R_pMTG_pSTS	kj	KJ	word_label	kj_38	kj_38	38	-0.1663106329957642
sub-24	meta_metaphor	meta_R_pMTG_pSTS	kj	KJ	word_label	kj_21	kj_21	21	-0.6019773257493862
sub-24	meta_metaphor	meta_R_pMTG_pSTS	kj	KJ	word_label	kj_39	kj_39	39	-0.30657458634259865
sub-24	meta_metaphor	meta_R_pMTG_pSTS	kj	KJ	word_label	kj_16	kj_16	16	-0.5572264450564695
sub-24	meta_metaphor	meta_R_pMTG_pSTS	kj	KJ	word_label	kj_8	kj_8	8	-0.3272932727557593
sub-24	meta_metaphor	meta_R_pMTG_pSTS	kj	KJ	word_label	kj_25	kj_25	25	0.05367985097794354
sub-24	meta_metaphor	meta_R_pMTG_pSTS	kj	KJ	word_label	kj_37	kj_37	37	0.4885807562030166
sub-24	meta_metaphor	meta_R_pMTG_pSTS	kj	KJ	word_label	kj_7	kj_7	7	0.11552936594198898
sub-24	meta_metaphor	meta_R_pMTG_pSTS	kj	KJ	word_label	kj_20	kj_20	20	-0.14329518087753648
sub-24	meta_metaphor	meta_R_pMTG_pSTS	kj	KJ	word_label	kj_12	kj_12	12	-0.11244799727656477
sub-24	meta_metaphor	meta_R_pMTG_pSTS	kj	KJ	word_label	kj_2	kj_2	2	-0.3048426533823048
sub-24	meta_metaphor	meta_R_pMTG_pSTS	kj	KJ	word_label	kj_22	kj_22	22	-0.26393983653229935
sub-24	meta_metaphor	meta_R_pMTG_pSTS	kj	KJ	word_label	kj_11	kj_11	11	-0.44652012133069896
sub-24	meta_metaphor	meta_R_pMTG_pSTS	kj	KJ	word_label	kj_24	kj_24	24	-0.6651230199365848
sub-24	meta_metaphor	meta_R_temporal_pole	yy	YY	word_label	yy_22	yy_22	22	-0.5928093999218318
sub-24	meta_metaphor	meta_R_temporal_pole	yy	YY	word_label	yy_11	yy_11	11	-0.4981626149508164
sub-24	meta_metaphor	meta_R_temporal_pole	yy	YY	word_label	yy_29	yy_29	29	-0.03429875619305471
sub-24	meta_metaphor	meta_R_temporal_pole	yy	YY	word_label	yy_1	yy_1	1	-0.5247882793405062
sub-24	meta_metaphor	meta_R_temporal_pole	yy	YY	word_label	yy_6	yy_6	6	0.06660857213602432
sub-24	meta_metaphor	meta_R_temporal_pole	yy	YY	word_label	yy_4	yy_4	4	0.48865686805655856
sub-24	meta_metaphor	meta_R_temporal_pole	yy	YY	word_label	yy_32	yy_32	32	0.03513468144823945
sub-24	meta_metaphor	meta_R_temporal_pole	yy	YY	word_label	yy_15	yy_15	15	0.6615774478958566
sub-24	meta_metaphor	meta_R_temporal_pole	yy	YY	word_label	yy_9	yy_9	9	-0.5350546561370861
sub-24	meta_metaphor	meta_R_temporal_pole	yy	YY	word_label	yy_28	yy_28	28	-0.03166950899570728
sub-24	meta_metaphor	meta_R_temporal_pole	yy	YY	word_label	yy_19	yy_19	19	-0.1391657458308351
sub-24	meta_metaphor	meta_R_temporal_pole	yy	YY	word_label	yy_17	yy_17	17	-0.724549913098426
sub-24	meta_metaphor	meta_R_temporal_pole	yy	YY	word_label	yy_23	yy_23	23	0.40543151323644366
sub-24	meta_metaphor	meta_R_temporal_pole	yy	YY	word_label	yy_35	yy_35	35	0.7713555870238934
sub-24	meta_metaphor	meta_R_temporal_pole	yy	YY	word_label	yy_18	yy_18	18	0.3507199037272863
sub-24	meta_metaphor	meta_R_temporal_pole	yy	YY	word_label	yy_33	yy_33	33	0.6682660998572465
sub-24	meta_metaphor	meta_R_temporal_pole	yy	YY	word_label	yy_24	yy_24	24	-0.2162661260151979
sub-24	meta_metaphor	meta_R_temporal_pole	yy	YY	word_label	yy_14	yy_14	14	0.13822510325788231
sub-24	meta_metaphor	meta_R_temporal_pole	yy	YY	word_label	yy_13	yy_13	13	0.3442497579690847
sub-24	meta_metaphor	meta_R_temporal_pole	yy	YY	word_label	yy_2	yy_2	2	-0.07649030893154332
sub-24	meta_metaphor	meta_R_temporal_pole	yy	YY	word_label	yy_40	yy_40	40	-0.7162050845717753
sub-24	meta_metaphor	meta_R_temporal_pole	yy	YY	word_label	yy_38	yy_38	38	-0.5883354648599066
sub-24	meta_metaphor	meta_R_temporal_pole	yy	YY	word_label	yy_39	yy_39	39	0.3770496632339286
sub-24	meta_metaphor	meta_R_temporal_pole	yy	YY	word_label	yy_36	yy_36	36	0.3466427476859462
sub-24	meta_metaphor	meta_R_temporal_pole	yy	YY	word_label	yy_27	yy_27	27	0.6016624883665328
sub-24	meta_metaphor	meta_R_temporal_pole	yy	YY	word_label	yy_21	yy_21	21	0.31990493844320994
sub-24	meta_metaphor	meta_R_temporal_pole	yy	YY	word_label	yy_10	yy_10	10	-0.3064981603325108
sub-24	meta_metaphor	meta_R_temporal_pole	yy	YY	word_label	yy_7	yy_7	7	-0.17474275337937334
sub-24	meta_metaphor	meta_R_temporal_pole	yy	YY	word_label	yy_8	yy_8	8	-0.23690219726665296
sub-24	meta_metaphor	meta_R_temporal_pole	yy	YY	word_label	yy_26	yy_26	26	-0.24594417772689608
sub-24	meta_metaphor	meta_R_temporal_pole	yy	YY	word_label	yy_12	yy_12	12	-0.01873557776576004
sub-24	meta_metaphor	meta_R_temporal_pole	yy	YY	word_label	yy_37	yy_37	37	-0.33145738109041845
sub-24	meta_metaphor	meta_R_temporal_pole	yy	YY	word_label	yy_5	yy_5	5	-0.4013937197567865
sub-24	meta_metaphor	meta_R_temporal_pole	yy	YY	word_label	yy_3	yy_3	3	0.30423085526699273
sub-24	meta_metaphor	meta_R_temporal_pole	yy	YY	word_label	yy_16	yy_16	16	0.15082683986911033
sub-24	meta_metaphor	meta_R_temporal_pole	kj	KJ	word_label	kj_31	kj_31	31	-0.3537359220296916
sub-24	meta_metaphor	meta_R_temporal_pole	kj	KJ	word_label	kj_9	kj_9	9	0.7188919133515768
sub-24	meta_metaphor	meta_R_temporal_pole	kj	KJ	word_label	kj_28	kj_28	28	-0.4462152322679124
sub-24	meta_metaphor	meta_R_temporal_pole	kj	KJ	word_label	kj_36	kj_36	36	-0.5793625830486296
sub-24	meta_metaphor	meta_R_temporal_pole	kj	KJ	word_label	kj_23	kj_23	23	-0.2781746353145434
sub-24	meta_metaphor	meta_R_temporal_pole	kj	KJ	word_label	kj_17	kj_17	17	0.595589899588034
sub-24	meta_metaphor	meta_R_temporal_pole	kj	KJ	word_label	kj_29	kj_29	29	-0.0436439657061724
sub-24	meta_metaphor	meta_R_temporal_pole	kj	KJ	word_label	kj_34	kj_34	34	-0.08389224918331137
sub-24	meta_metaphor	meta_R_temporal_pole	kj	KJ	word_label	kj_19	kj_19	19	0.10147811356081006
sub-24	meta_metaphor	meta_R_temporal_pole	kj	KJ	word_label	kj_15	kj_15	15	0.34184869341319174
sub-24	meta_metaphor	meta_R_temporal_pole	kj	KJ	word_label	kj_30	kj_30	30	0.08798975226755462
sub-24	meta_metaphor	meta_R_temporal_pole	kj	KJ	word_label	kj_33	kj_33	33	-0.47832941693410386
sub-24	meta_metaphor	meta_R_temporal_pole	kj	KJ	word_label	kj_1	kj_1	1	0.4495384092641088
sub-24	meta_metaphor	meta_R_temporal_pole	kj	KJ	word_label	kj_3	kj_3	3	0.03253384089178743
sub-24	meta_metaphor	meta_R_temporal_pole	kj	KJ	word_label	kj_27	kj_27	27	0.008486859697699578
sub-24	meta_metaphor	meta_R_temporal_pole	kj	KJ	word_label	kj_6	kj_6	6	0.5557230469863943
sub-24	meta_metaphor	meta_R_temporal_pole	kj	KJ	word_label	kj_10	kj_10	10	0.7507766008577377
sub-24	meta_metaphor	meta_R_temporal_pole	kj	KJ	word_label	kj_14	kj_14	14	-0.7784843696361463
sub-24	meta_metaphor	meta_R_temporal_pole	kj	KJ	word_label	kj_26	kj_26	26	-0.5519359034979068
sub-24	meta_metaphor	meta_R_temporal_pole	kj	KJ	word_label	kj_5	kj_5	5	-0.5752017496939364
sub-24	meta_metaphor	meta_R_temporal_pole	kj	KJ	word_label	kj_13	kj_13	13	-0.007978863414012525
sub-24	meta_metaphor	meta_R_temporal_pole	kj	KJ	word_label	kj_38	kj_38	38	0.14437964425072594
sub-24	meta_metaphor	meta_R_temporal_pole	kj	KJ	word_label	kj_21	kj_21	21	0.5105075953330815
sub-24	meta_metaphor	meta_R_temporal_pole	kj	KJ	word_label	kj_39	kj_39	39	-0.7153412445299145
sub-24	meta_metaphor	meta_R_temporal_pole	kj	KJ	word_label	kj_16	kj_16	16	0.7672791842371703
sub-24	meta_metaphor	meta_R_temporal_pole	kj	KJ	word_label	kj_8	kj_8	8	0.10476350408300121
sub-24	meta_metaphor	meta_R_temporal_pole	kj	KJ	word_label	kj_25	kj_25	25	0.16363857984319294
sub-24	meta_metaphor	meta_R_temporal_pole	kj	KJ	word_label	kj_37	kj_37	37	0.25075236666185197
sub-24	meta_metaphor	meta_R_temporal_pole	kj	KJ	word_label	kj_7	kj_7	7	0.7587033372591651
sub-24	meta_metaphor	meta_R_temporal_pole	kj	KJ	word_label	kj_20	kj_20	20	0.7025421842037277
sub-24	meta_metaphor	meta_R_temporal_pole	kj	KJ	word_label	kj_12	kj_12	12	0.608342835973193
sub-24	meta_metaphor	meta_R_temporal_pole	kj	KJ	word_label	kj_2	kj_2	2	0.6719680378803445
sub-24	meta_metaphor	meta_R_temporal_pole	kj	KJ	word_label	kj_22	kj_22	22	-0.3763240177638125
sub-24	meta_metaphor	meta_R_temporal_pole	kj	KJ	word_label	kj_11	kj_11	11	0.5476945079147852
sub-24	meta_metaphor	meta_R_temporal_pole	kj	KJ	word_label	kj_24	kj_24	24	-0.15704008759091861
sub-25	meta_metaphor	meta_L_AG	yy	YY	word_label	yy_14	yy_14	14	0.16812000614510653
sub-25	meta_metaphor	meta_L_AG	yy	YY	word_label	yy_6	yy_6	6	0.6430481111269037
sub-25	meta_metaphor	meta_L_AG	yy	YY	word_label	yy_12	yy_12	12	0.1310197500472291
sub-25	meta_metaphor	meta_L_AG	yy	YY	word_label	yy_39	yy_39	39	-0.17394415342405428
sub-25	meta_metaphor	meta_L_AG	yy	YY	word_label	yy_32	yy_32	32	0.4244680545103558
sub-25	meta_metaphor	meta_L_AG	yy	YY	word_label	yy_38	yy_38	38	0.5565937946232256
sub-25	meta_metaphor	meta_L_AG	yy	YY	word_label	yy_1	yy_1	1	0.24844941342692164
sub-25	meta_metaphor	meta_L_AG	yy	YY	word_label	yy_18	yy_18	18	-0.598614124121224
sub-25	meta_metaphor	meta_L_AG	yy	YY	word_label	yy_24	yy_24	24	0.15472959522294452
sub-25	meta_metaphor	meta_L_AG	yy	YY	word_label	yy_11	yy_11	11	0.14976844851716395
sub-25	meta_metaphor	meta_L_AG	yy	YY	word_label	yy_33	yy_33	33	-0.17755363080805667
sub-25	meta_metaphor	meta_L_AG	yy	YY	word_label	yy_8	yy_8	8	0.4357926678515413
sub-25	meta_metaphor	meta_L_AG	yy	YY	word_label	yy_5	yy_5	5	0.07832783754640708
sub-25	meta_metaphor	meta_L_AG	yy	YY	word_label	yy_21	yy_21	21	-0.2669120049529205
sub-25	meta_metaphor	meta_L_AG	yy	YY	word_label	yy_4	yy_4	4	0.28929624139634424
sub-25	meta_metaphor	meta_L_AG	yy	YY	word_label	yy_17	yy_17	17	-0.17761871133858098
sub-25	meta_metaphor	meta_L_AG	yy	YY	word_label	yy_29	yy_29	29	0.17392268536594008
sub-25	meta_metaphor	meta_L_AG	yy	YY	word_label	yy_10	yy_10	10	-0.41823849120226414
sub-25	meta_metaphor	meta_L_AG	yy	YY	word_label	yy_15	yy_15	15	0.26846710657264533
sub-25	meta_metaphor	meta_L_AG	yy	YY	word_label	yy_9	yy_9	9	0.28652382400591764
sub-25	meta_metaphor	meta_L_AG	yy	YY	word_label	yy_37	yy_37	37	-0.14694532414438266
sub-25	meta_metaphor	meta_L_AG	yy	YY	word_label	yy_40	yy_40	40	0.451297148187911
sub-25	meta_metaphor	meta_L_AG	yy	YY	word_label	yy_23	yy_23	23	-0.3655619207314967
sub-25	meta_metaphor	meta_L_AG	yy	YY	word_label	yy_26	yy_26	26	0.5478512067672994
sub-25	meta_metaphor	meta_L_AG	yy	YY	word_label	yy_2	yy_2	2	0.4472107113368092
sub-25	meta_metaphor	meta_L_AG	yy	YY	word_label	yy_36	yy_36	36	0.07227752230094853
sub-25	meta_metaphor	meta_L_AG	yy	YY	word_label	yy_13	yy_13	13	0.2644976227662544
sub-25	meta_metaphor	meta_L_AG	yy	YY	word_label	yy_3	yy_3	3	-0.1488631080072562
sub-25	meta_metaphor	meta_L_AG	yy	YY	word_label	yy_35	yy_35	35	0.07456975318937839
sub-25	meta_metaphor	meta_L_AG	yy	YY	word_label	yy_19	yy_19	19	0.6454606511596347
sub-25	meta_metaphor	meta_L_AG	yy	YY	word_label	yy_28	yy_28	28	0.24371532226742443
sub-25	meta_metaphor	meta_L_AG	yy	YY	word_label	yy_7	yy_7	7	-0.4128581692374857
sub-25	meta_metaphor	meta_L_AG	yy	YY	word_label	yy_27	yy_27	27	0.16134271273528122
sub-25	meta_metaphor	meta_L_AG	yy	YY	word_label	yy_22	yy_22	22	0.3062765766709401
sub-25	meta_metaphor	meta_L_AG	yy	YY	word_label	yy_16	yy_16	16	0.13145726350161557
sub-25	meta_metaphor	meta_L_AG	kj	KJ	word_label	kj_21	kj_21	21	-0.08458188254720557
sub-25	meta_metaphor	meta_L_AG	kj	KJ	word_label	kj_37	kj_37	37	0.05922633530170776
sub-25	meta_metaphor	meta_L_AG	kj	KJ	word_label	kj_39	kj_39	39	0.3600261914616425
sub-25	meta_metaphor	meta_L_AG	kj	KJ	word_label	kj_6	kj_6	6	0.18082305740374524
sub-25	meta_metaphor	meta_L_AG	kj	KJ	word_label	kj_7	kj_7	7	0.15847100492382016
sub-25	meta_metaphor	meta_L_AG	kj	KJ	word_label	kj_1	kj_1	1	0.20812881563891475
sub-25	meta_metaphor	meta_L_AG	kj	KJ	word_label	kj_28	kj_28	28	0.47577546022662837
sub-25	meta_metaphor	meta_L_AG	kj	KJ	word_label	kj_27	kj_27	27	0.18953966535773797
sub-25	meta_metaphor	meta_L_AG	kj	KJ	word_label	kj_5	kj_5	5	0.2439629589965849
sub-25	meta_metaphor	meta_L_AG	kj	KJ	word_label	kj_14	kj_14	14	-0.2607504219225138
sub-25	meta_metaphor	meta_L_AG	kj	KJ	word_label	kj_17	kj_17	17	-0.052722844134641234
sub-25	meta_metaphor	meta_L_AG	kj	KJ	word_label	kj_15	kj_15	15	0.11777666896145585
sub-25	meta_metaphor	meta_L_AG	kj	KJ	word_label	kj_31	kj_31	31	-0.28065920498010094
sub-25	meta_metaphor	meta_L_AG	kj	KJ	word_label	kj_26	kj_26	26	-0.09194549408578809
sub-25	meta_metaphor	meta_L_AG	kj	KJ	word_label	kj_2	kj_2	2	-0.0031673324141052606
sub-25	meta_metaphor	meta_L_AG	kj	KJ	word_label	kj_20	kj_20	20	-0.44279897600822593
sub-25	meta_metaphor	meta_L_AG	kj	KJ	word_label	kj_10	kj_10	10	0.1264557225670393
sub-25	meta_metaphor	meta_L_AG	kj	KJ	word_label	kj_22	kj_22	22	-0.18288195075671126
sub-25	meta_metaphor	meta_L_AG	kj	KJ	word_label	kj_30	kj_30	30	0.19308024034502366
sub-25	meta_metaphor	meta_L_AG	kj	KJ	word_label	kj_3	kj_3	3	-0.5702791932251563
sub-25	meta_metaphor	meta_L_AG	kj	KJ	word_label	kj_23	kj_23	23	0.5839896474746697
sub-25	meta_metaphor	meta_L_AG	kj	KJ	word_label	kj_19	kj_19	19	0.11182957123274583
sub-25	meta_metaphor	meta_L_AG	kj	KJ	word_label	kj_11	kj_11	11	0.08661119667638731
sub-25	meta_metaphor	meta_L_AG	kj	KJ	word_label	kj_12	kj_12	12	-0.2628198582875106
sub-25	meta_metaphor	meta_L_AG	kj	KJ	word_label	kj_29	kj_29	29	0.42502499847555336
sub-25	meta_metaphor	meta_L_AG	kj	KJ	word_label	kj_34	kj_34	34	0.06901760313940614
sub-25	meta_metaphor	meta_L_AG	kj	KJ	word_label	kj_9	kj_9	9	0.39037197906798343
sub-25	meta_metaphor	meta_L_AG	kj	KJ	word_label	kj_38	kj_38	38	-0.20545685641454842
sub-25	meta_metaphor	meta_L_AG	kj	KJ	word_label	kj_13	kj_13	13	0.12981230569771077
sub-25	meta_metaphor	meta_L_AG	kj	KJ	word_label	kj_25	kj_25	25	-0.696047575763743
sub-25	meta_metaphor	meta_L_AG	kj	KJ	word_label	kj_8	kj_8	8	0.46064803462582526
sub-25	meta_metaphor	meta_L_AG	kj	KJ	word_label	kj_33	kj_33	33	-0.06669112299219299
sub-25	meta_metaphor	meta_L_AG	kj	KJ	word_label	kj_16	kj_16	16	-0.550896046328947
sub-25	meta_metaphor	meta_L_AG	kj	KJ	word_label	kj_36	kj_36	36	-0.15808110222970534
sub-25	meta_metaphor	meta_L_AG	kj	KJ	word_label	kj_24	kj_24	24	-0.27350094865977304
sub-25	meta_metaphor	meta_L_IFG	yy	YY	word_label	yy_14	yy_14	14	0.18776953898179896
sub-25	meta_metaphor	meta_L_IFG	yy	YY	word_label	yy_6	yy_6	6	-0.006411342955462738
sub-25	meta_metaphor	meta_L_IFG	yy	YY	word_label	yy_12	yy_12	12	0.3413033208164473
sub-25	meta_metaphor	meta_L_IFG	yy	YY	word_label	yy_39	yy_39	39	-0.08188930633007312
sub-25	meta_metaphor	meta_L_IFG	yy	YY	word_label	yy_32	yy_32	32	0.08724216907380951
sub-25	meta_metaphor	meta_L_IFG	yy	YY	word_label	yy_38	yy_38	38	0.12300391843674545
sub-25	meta_metaphor	meta_L_IFG	yy	YY	word_label	yy_1	yy_1	1	-0.02265165336391285
sub-25	meta_metaphor	meta_L_IFG	yy	YY	word_label	yy_18	yy_18	18	0.15864890814756086
sub-25	meta_metaphor	meta_L_IFG	yy	YY	word_label	yy_24	yy_24	24	-0.45701940428571514
sub-25	meta_metaphor	meta_L_IFG	yy	YY	word_label	yy_11	yy_11	11	0.3872045441449802
sub-25	meta_metaphor	meta_L_IFG	yy	YY	word_label	yy_33	yy_33	33	-0.2769535309709127
sub-25	meta_metaphor	meta_L_IFG	yy	YY	word_label	yy_8	yy_8	8	-0.43159349033617905
sub-25	meta_metaphor	meta_L_IFG	yy	YY	word_label	yy_5	yy_5	5	0.052461976787535405
sub-25	meta_metaphor	meta_L_IFG	yy	YY	word_label	yy_21	yy_21	21	0.22122715834523934
sub-25	meta_metaphor	meta_L_IFG	yy	YY	word_label	yy_4	yy_4	4	0.2624978724355103
sub-25	meta_metaphor	meta_L_IFG	yy	YY	word_label	yy_17	yy_17	17	-0.34017048975956615
sub-25	meta_metaphor	meta_L_IFG	yy	YY	word_label	yy_29	yy_29	29	-0.14609648668355585
sub-25	meta_metaphor	meta_L_IFG	yy	YY	word_label	yy_10	yy_10	10	0.09309886459117642
sub-25	meta_metaphor	meta_L_IFG	yy	YY	word_label	yy_15	yy_15	15	0.3117796951489977
sub-25	meta_metaphor	meta_L_IFG	yy	YY	word_label	yy_9	yy_9	9	-0.3544110646294698
sub-25	meta_metaphor	meta_L_IFG	yy	YY	word_label	yy_37	yy_37	37	-0.13770426598374577
sub-25	meta_metaphor	meta_L_IFG	yy	YY	word_label	yy_40	yy_40	40	0.5996171550146612
sub-25	meta_metaphor	meta_L_IFG	yy	YY	word_label	yy_23	yy_23	23	0.3678636708595424
sub-25	meta_metaphor	meta_L_IFG	yy	YY	word_label	yy_26	yy_26	26	0.4594600887095799
sub-25	meta_metaphor	meta_L_IFG	yy	YY	word_label	yy_2	yy_2	2	0.43005837224866533
sub-25	meta_metaphor	meta_L_IFG	yy	YY	word_label	yy_36	yy_36	36	-0.2570317547561682
sub-25	meta_metaphor	meta_L_IFG	yy	YY	word_label	yy_13	yy_13	13	-0.019702812954352122
sub-25	meta_metaphor	meta_L_IFG	yy	YY	word_label	yy_3	yy_3	3	0.15518576250869268
sub-25	meta_metaphor	meta_L_IFG	yy	YY	word_label	yy_35	yy_35	35	0.5319964063220997
sub-25	meta_metaphor	meta_L_IFG	yy	YY	word_label	yy_19	yy_19	19	0.7061594711578262
sub-25	meta_metaphor	meta_L_IFG	yy	YY	word_label	yy_28	yy_28	28	-0.04924545621819172
sub-25	meta_metaphor	meta_L_IFG	yy	YY	word_label	yy_7	yy_7	7	0.0009994777733862645
sub-25	meta_metaphor	meta_L_IFG	yy	YY	word_label	yy_27	yy_27	27	0.15342879736277065
sub-25	meta_metaphor	meta_L_IFG	yy	YY	word_label	yy_22	yy_22	22	-0.09982681658444281
sub-25	meta_metaphor	meta_L_IFG	yy	YY	word_label	yy_16	yy_16	16	-0.11855532761712004
sub-25	meta_metaphor	meta_L_IFG	kj	KJ	word_label	kj_21	kj_21	21	0.11363803461943538
sub-25	meta_metaphor	meta_L_IFG	kj	KJ	word_label	kj_37	kj_37	37	0.3808198935101497
sub-25	meta_metaphor	meta_L_IFG	kj	KJ	word_label	kj_39	kj_39	39	-0.3005432259514812
sub-25	meta_metaphor	meta_L_IFG	kj	KJ	word_label	kj_6	kj_6	6	0.27939653138325005
sub-25	meta_metaphor	meta_L_IFG	kj	KJ	word_label	kj_7	kj_7	7	-0.39661476648041954
sub-25	meta_metaphor	meta_L_IFG	kj	KJ	word_label	kj_1	kj_1	1	0.0663819034582933
sub-25	meta_metaphor	meta_L_IFG	kj	KJ	word_label	kj_28	kj_28	28	0.3238743618386533
sub-25	meta_metaphor	meta_L_IFG	kj	KJ	word_label	kj_27	kj_27	27	0.4437516020094301
sub-25	meta_metaphor	meta_L_IFG	kj	KJ	word_label	kj_5	kj_5	5	0.024271753267216596
sub-25	meta_metaphor	meta_L_IFG	kj	KJ	word_label	kj_14	kj_14	14	-0.24504397077196077
sub-25	meta_metaphor	meta_L_IFG	kj	KJ	word_label	kj_17	kj_17	17	-0.031988481972348985
sub-25	meta_metaphor	meta_L_IFG	kj	KJ	word_label	kj_15	kj_15	15	0.12243726235847338
sub-25	meta_metaphor	meta_L_IFG	kj	KJ	word_label	kj_31	kj_31	31	-0.030258892339473546
sub-25	meta_metaphor	meta_L_IFG	kj	KJ	word_label	kj_26	kj_26	26	-0.38280478518773975
sub-25	meta_metaphor	meta_L_IFG	kj	KJ	word_label	kj_2	kj_2	2	0.27585821832398305
sub-25	meta_metaphor	meta_L_IFG	kj	KJ	word_label	kj_20	kj_20	20	-0.08864322523308542
sub-25	meta_metaphor	meta_L_IFG	kj	KJ	word_label	kj_10	kj_10	10	-0.22344188735076437
sub-25	meta_metaphor	meta_L_IFG	kj	KJ	word_label	kj_22	kj_22	22	0.09140525709606553
sub-25	meta_metaphor	meta_L_IFG	kj	KJ	word_label	kj_30	kj_30	30	-0.019433666070481977
sub-25	meta_metaphor	meta_L_IFG	kj	KJ	word_label	kj_3	kj_3	3	-0.2013244731996765
sub-25	meta_metaphor	meta_L_IFG	kj	KJ	word_label	kj_23	kj_23	23	-0.18053282761100703
sub-25	meta_metaphor	meta_L_IFG	kj	KJ	word_label	kj_19	kj_19	19	0.12147445546731127
sub-25	meta_metaphor	meta_L_IFG	kj	KJ	word_label	kj_11	kj_11	11	-0.08162419556496081
sub-25	meta_metaphor	meta_L_IFG	kj	KJ	word_label	kj_12	kj_12	12	0.176235714551537
sub-25	meta_metaphor	meta_L_IFG	kj	KJ	word_label	kj_29	kj_29	29	0.1341389794223531
sub-25	meta_metaphor	meta_L_IFG	kj	KJ	word_label	kj_34	kj_34	34	-0.4502291381916146
sub-25	meta_metaphor	meta_L_IFG	kj	KJ	word_label	kj_9	kj_9	9	-0.1271966328848118
sub-25	meta_metaphor	meta_L_IFG	kj	KJ	word_label	kj_38	kj_38	38	0.03359983704156961
sub-25	meta_metaphor	meta_L_IFG	kj	KJ	word_label	kj_13	kj_13	13	-0.43679548250141437
sub-25	meta_metaphor	meta_L_IFG	kj	KJ	word_label	kj_25	kj_25	25	-0.03207645485273546
sub-25	meta_metaphor	meta_L_IFG	kj	KJ	word_label	kj_8	kj_8	8	-0.4210856649969604
sub-25	meta_metaphor	meta_L_IFG	kj	KJ	word_label	kj_33	kj_33	33	-0.1557510338971976
sub-25	meta_metaphor	meta_L_IFG	kj	KJ	word_label	kj_16	kj_16	16	-0.35529380406950056
sub-25	meta_metaphor	meta_L_IFG	kj	KJ	word_label	kj_36	kj_36	36	-0.15693386526182918
sub-25	meta_metaphor	meta_L_IFG	kj	KJ	word_label	kj_24	kj_24	24	-0.28049902287368556
sub-25	meta_metaphor	meta_L_pMTG_pSTS	yy	YY	word_label	yy_14	yy_14	14	0.061992652835883656
sub-25	meta_metaphor	meta_L_pMTG_pSTS	yy	YY	word_label	yy_6	yy_6	6	0.629994005770123
sub-25	meta_metaphor	meta_L_pMTG_pSTS	yy	YY	word_label	yy_12	yy_12	12	0.39567648107548686
sub-25	meta_metaphor	meta_L_pMTG_pSTS	yy	YY	word_label	yy_39	yy_39	39	0.31951640890309263
sub-25	meta_metaphor	meta_L_pMTG_pSTS	yy	YY	word_label	yy_32	yy_32	32	0.365863887458076
sub-25	meta_metaphor	meta_L_pMTG_pSTS	yy	YY	word_label	yy_38	yy_38	38	0.02452631603167684
sub-25	meta_metaphor	meta_L_pMTG_pSTS	yy	YY	word_label	yy_1	yy_1	1	0.10399751699113427
sub-25	meta_metaphor	meta_L_pMTG_pSTS	yy	YY	word_label	yy_18	yy_18	18	0.2088826719394245
sub-25	meta_metaphor	meta_L_pMTG_pSTS	yy	YY	word_label	yy_24	yy_24	24	0.2511811011690774
sub-25	meta_metaphor	meta_L_pMTG_pSTS	yy	YY	word_label	yy_11	yy_11	11	0.4579688680092091
sub-25	meta_metaphor	meta_L_pMTG_pSTS	yy	YY	word_label	yy_33	yy_33	33	0.06614706179859767
sub-25	meta_metaphor	meta_L_pMTG_pSTS	yy	YY	word_label	yy_8	yy_8	8	0.644505777423842
sub-25	meta_metaphor	meta_L_pMTG_pSTS	yy	YY	word_label	yy_5	yy_5	5	0.09616940754749677
sub-25	meta_metaphor	meta_L_pMTG_pSTS	yy	YY	word_label	yy_21	yy_21	21	0.10263510323614354
sub-25	meta_metaphor	meta_L_pMTG_pSTS	yy	YY	word_label	yy_4	yy_4	4	0.09147760992289251
sub-25	meta_metaphor	meta_L_pMTG_pSTS	yy	YY	word_label	yy_17	yy_17	17	-0.014450681167069672
sub-25	meta_metaphor	meta_L_pMTG_pSTS	yy	YY	word_label	yy_29	yy_29	29	-0.05687596202298865
sub-25	meta_metaphor	meta_L_pMTG_pSTS	yy	YY	word_label	yy_10	yy_10	10	0.5246302211568286
sub-25	meta_metaphor	meta_L_pMTG_pSTS	yy	YY	word_label	yy_15	yy_15	15	0.5170369031088257
sub-25	meta_metaphor	meta_L_pMTG_pSTS	yy	YY	word_label	yy_9	yy_9	9	0.426660410296423
sub-25	meta_metaphor	meta_L_pMTG_pSTS	yy	YY	word_label	yy_37	yy_37	37	-0.3956708809459909
sub-25	meta_metaphor	meta_L_pMTG_pSTS	yy	YY	word_label	yy_40	yy_40	40	0.4420023483738656
sub-25	meta_metaphor	meta_L_pMTG_pSTS	yy	YY	word_label	yy_23	yy_23	23	0.004086363614080708
sub-25	meta_metaphor	meta_L_pMTG_pSTS	yy	YY	word_label	yy_26	yy_26	26	0.47075999562310816
sub-25	meta_metaphor	meta_L_pMTG_pSTS	yy	YY	word_label	yy_2	yy_2	2	0.2092740284602079
sub-25	meta_metaphor	meta_L_pMTG_pSTS	yy	YY	word_label	yy_36	yy_36	36	0.13186082766243745
sub-25	meta_metaphor	meta_L_pMTG_pSTS	yy	YY	word_label	yy_13	yy_13	13	0.5899387837914227
sub-25	meta_metaphor	meta_L_pMTG_pSTS	yy	YY	word_label	yy_3	yy_3	3	-0.5434308696455545
sub-25	meta_metaphor	meta_L_pMTG_pSTS	yy	YY	word_label	yy_35	yy_35	35	0.5990739472691632
sub-25	meta_metaphor	meta_L_pMTG_pSTS	yy	YY	word_label	yy_19	yy_19	19	0.6420463133808234
sub-25	meta_metaphor	meta_L_pMTG_pSTS	yy	YY	word_label	yy_28	yy_28	28	-0.20350000616974523
sub-25	meta_metaphor	meta_L_pMTG_pSTS	yy	YY	word_label	yy_7	yy_7	7	0.34922299148367447
sub-25	meta_metaphor	meta_L_pMTG_pSTS	yy	YY	word_label	yy_27	yy_27	27	-0.27452176626767927
sub-25	meta_metaphor	meta_L_pMTG_pSTS	yy	YY	word_label	yy_22	yy_22	22	0.166862265661275
sub-25	meta_metaphor	meta_L_pMTG_pSTS	yy	YY	word_label	yy_16	yy_16	16	0.3372321356078612
sub-25	meta_metaphor	meta_L_pMTG_pSTS	kj	KJ	word_label	kj_21	kj_21	21	0.34984198325836824
sub-25	meta_metaphor	meta_L_pMTG_pSTS	kj	KJ	word_label	kj_37	kj_37	37	0.17292301053477538
sub-25	meta_metaphor	meta_L_pMTG_pSTS	kj	KJ	word_label	kj_39	kj_39	39	0.3056031916613766
sub-25	meta_metaphor	meta_L_pMTG_pSTS	kj	KJ	word_label	kj_6	kj_6	6	0.26136833628489836
sub-25	meta_metaphor	meta_L_pMTG_pSTS	kj	KJ	word_label	kj_7	kj_7	7	0.13558811137863236
sub-25	meta_metaphor	meta_L_pMTG_pSTS	kj	KJ	word_label	kj_1	kj_1	1	0.45068047439429
sub-25	meta_metaphor	meta_L_pMTG_pSTS	kj	KJ	word_label	kj_28	kj_28	28	0.050724007857192374
sub-25	meta_metaphor	meta_L_pMTG_pSTS	kj	KJ	word_label	kj_27	kj_27	27	0.3757624481112712
sub-25	meta_metaphor	meta_L_pMTG_pSTS	kj	KJ	word_label	kj_5	kj_5	5	0.7027647860800654
sub-25	meta_metaphor	meta_L_pMTG_pSTS	kj	KJ	word_label	kj_14	kj_14	14	-0.3513738380483658
sub-25	meta_metaphor	meta_L_pMTG_pSTS	kj	KJ	word_label	kj_17	kj_17	17	0.31281826003193103
sub-25	meta_metaphor	meta_L_pMTG_pSTS	kj	KJ	word_label	kj_15	kj_15	15	-0.030906825342499056
sub-25	meta_metaphor	meta_L_pMTG_pSTS	kj	KJ	word_label	kj_31	kj_31	31	0.16977957593292953
sub-25	meta_metaphor	meta_L_pMTG_pSTS	kj	KJ	word_label	kj_26	kj_26	26	-0.07816518725791848
sub-25	meta_metaphor	meta_L_pMTG_pSTS	kj	KJ	word_label	kj_2	kj_2	2	0.04665964322362286
sub-25	meta_metaphor	meta_L_pMTG_pSTS	kj	KJ	word_label	kj_20	kj_20	20	0.4211490859678174
sub-25	meta_metaphor	meta_L_pMTG_pSTS	kj	KJ	word_label	kj_10	kj_10	10	0.3043429967798638
sub-25	meta_metaphor	meta_L_pMTG_pSTS	kj	KJ	word_label	kj_22	kj_22	22	0.3261687841658168
sub-25	meta_metaphor	meta_L_pMTG_pSTS	kj	KJ	word_label	kj_30	kj_30	30	-0.5245827284948034
sub-25	meta_metaphor	meta_L_pMTG_pSTS	kj	KJ	word_label	kj_3	kj_3	3	0.3112652457746619
sub-25	meta_metaphor	meta_L_pMTG_pSTS	kj	KJ	word_label	kj_23	kj_23	23	0.08405561788902434
sub-25	meta_metaphor	meta_L_pMTG_pSTS	kj	KJ	word_label	kj_19	kj_19	19	0.29324545919842643
sub-25	meta_metaphor	meta_L_pMTG_pSTS	kj	KJ	word_label	kj_11	kj_11	11	-0.14849568690132933
sub-25	meta_metaphor	meta_L_pMTG_pSTS	kj	KJ	word_label	kj_12	kj_12	12	-0.19089344316350096
sub-25	meta_metaphor	meta_L_pMTG_pSTS	kj	KJ	word_label	kj_29	kj_29	29	0.5036420782451487
sub-25	meta_metaphor	meta_L_pMTG_pSTS	kj	KJ	word_label	kj_34	kj_34	34	-0.07483292128357542
sub-25	meta_metaphor	meta_L_pMTG_pSTS	kj	KJ	word_label	kj_9	kj_9	9	-0.12382334058933842
sub-25	meta_metaphor	meta_L_pMTG_pSTS	kj	KJ	word_label	kj_38	kj_38	38	0.2741217265023751
sub-25	meta_metaphor	meta_L_pMTG_pSTS	kj	KJ	word_label	kj_13	kj_13	13	0.4306185038455454
sub-25	meta_metaphor	meta_L_pMTG_pSTS	kj	KJ	word_label	kj_25	kj_25	25	-0.03702379131428789
sub-25	meta_metaphor	meta_L_pMTG_pSTS	kj	KJ	word_label	kj_8	kj_8	8	-0.016077365880284713
sub-25	meta_metaphor	meta_L_pMTG_pSTS	kj	KJ	word_label	kj_33	kj_33	33	-0.1792062755385811
sub-25	meta_metaphor	meta_L_pMTG_pSTS	kj	KJ	word_label	kj_16	kj_16	16	0.4170911578341445
sub-25	meta_metaphor	meta_L_pMTG_pSTS	kj	KJ	word_label	kj_36	kj_36	36	-0.13443162092075472
sub-25	meta_metaphor	meta_L_pMTG_pSTS	kj	KJ	word_label	kj_24	kj_24	24	0.28300482386881204
sub-25	meta_metaphor	meta_L_temporal_pole	yy	YY	word_label	yy_14	yy_14	14	-0.494419029506506
sub-25	meta_metaphor	meta_L_temporal_pole	yy	YY	word_label	yy_6	yy_6	6	0.5535497888704164
sub-25	meta_metaphor	meta_L_temporal_pole	yy	YY	word_label	yy_12	yy_12	12	0.1108682569610912
sub-25	meta_metaphor	meta_L_temporal_pole	yy	YY	word_label	yy_39	yy_39	39	-0.0658123515967818
sub-25	meta_metaphor	meta_L_temporal_pole	yy	YY	word_label	yy_32	yy_32	32	-0.17882931744732614
sub-25	meta_metaphor	meta_L_temporal_pole	yy	YY	word_label	yy_38	yy_38	38	0.15077476894704256
sub-25	meta_metaphor	meta_L_temporal_pole	yy	YY	word_label	yy_1	yy_1	1	0.033151017692716
sub-25	meta_metaphor	meta_L_temporal_pole	yy	YY	word_label	yy_18	yy_18	18	-0.38603893575420356
sub-25	meta_metaphor	meta_L_temporal_pole	yy	YY	word_label	yy_24	yy_24	24	-0.33792682160761106
sub-25	meta_metaphor	meta_L_temporal_pole	yy	YY	word_label	yy_11	yy_11	11	-0.0016302314662879458
sub-25	meta_metaphor	meta_L_temporal_pole	yy	YY	word_label	yy_33	yy_33	33	-0.14621054933817165
sub-25	meta_metaphor	meta_L_temporal_pole	yy	YY	word_label	yy_8	yy_8	8	-0.08429012948325894
sub-25	meta_metaphor	meta_L_temporal_pole	yy	YY	word_label	yy_5	yy_5	5	-0.15906475049352287
sub-25	meta_metaphor	meta_L_temporal_pole	yy	YY	word_label	yy_21	yy_21	21	-0.25236643484861954
sub-25	meta_metaphor	meta_L_temporal_pole	yy	YY	word_label	yy_4	yy_4	4	-0.4114080899636038
sub-25	meta_metaphor	meta_L_temporal_pole	yy	YY	word_label	yy_17	yy_17	17	0.6461658497294842
sub-25	meta_metaphor	meta_L_temporal_pole	yy	YY	word_label	yy_29	yy_29	29	-0.6493035798286169
sub-25	meta_metaphor	meta_L_temporal_pole	yy	YY	word_label	yy_10	yy_10	10	-0.5778831682337515
sub-25	meta_metaphor	meta_L_temporal_pole	yy	YY	word_label	yy_15	yy_15	15	0.047988188650669714
sub-25	meta_metaphor	meta_L_temporal_pole	yy	YY	word_label	yy_9	yy_9	9	0.11369294000073464
sub-25	meta_metaphor	meta_L_temporal_pole	yy	YY	word_label	yy_37	yy_37	37	-0.47132991326224427
sub-25	meta_metaphor	meta_L_temporal_pole	yy	YY	word_label	yy_40	yy_40	40	-0.016836315312038434
sub-25	meta_metaphor	meta_L_temporal_pole	yy	YY	word_label	yy_23	yy_23	23	0.33527464754629793
sub-25	meta_metaphor	meta_L_temporal_pole	yy	YY	word_label	yy_26	yy_26	26	0.0027436212606411735
sub-25	meta_metaphor	meta_L_temporal_pole	yy	YY	word_label	yy_2	yy_2	2	0.019040461123186473
sub-25	meta_metaphor	meta_L_temporal_pole	yy	YY	word_label	yy_36	yy_36	36	0.31862998206795884
sub-25	meta_metaphor	meta_L_temporal_pole	yy	YY	word_label	yy_13	yy_13	13	0.0006902817825287668
sub-25	meta_metaphor	meta_L_temporal_pole	yy	YY	word_label	yy_3	yy_3	3	-0.17574849862827727
sub-25	meta_metaphor	meta_L_temporal_pole	yy	YY	word_label	yy_35	yy_35	35	0.0025327423401411446
sub-25	meta_metaphor	meta_L_temporal_pole	yy	YY	word_label	yy_19	yy_19	19	0.08325396492007849
sub-25	meta_metaphor	meta_L_temporal_pole	yy	YY	word_label	yy_28	yy_28	28	-0.3216443300234479
sub-25	meta_metaphor	meta_L_temporal_pole	yy	YY	word_label	yy_7	yy_7	7	0.23240039906339888
sub-25	meta_metaphor	meta_L_temporal_pole	yy	YY	word_label	yy_27	yy_27	27	-0.44844941275308836
sub-25	meta_metaphor	meta_L_temporal_pole	yy	YY	word_label	yy_22	yy_22	22	0.4465547823168005
sub-25	meta_metaphor	meta_L_temporal_pole	yy	YY	word_label	yy_16	yy_16	16	-0.34820782717545196
sub-25	meta_metaphor	meta_L_temporal_pole	kj	KJ	word_label	kj_21	kj_21	21	-0.3284419493007217
sub-25	meta_metaphor	meta_L_temporal_pole	kj	KJ	word_label	kj_37	kj_37	37	-0.07172748715915239
sub-25	meta_metaphor	meta_L_temporal_pole	kj	KJ	word_label	kj_39	kj_39	39	0.15132595843432967
sub-25	meta_metaphor	meta_L_temporal_pole	kj	KJ	word_label	kj_6	kj_6	6	-0.1256202927302342
sub-25	meta_metaphor	meta_L_temporal_pole	kj	KJ	word_label	kj_7	kj_7	7	0.35313840242108807
sub-25	meta_metaphor	meta_L_temporal_pole	kj	KJ	word_label	kj_1	kj_1	1	0.3628748162329622
sub-25	meta_metaphor	meta_L_temporal_pole	kj	KJ	word_label	kj_28	kj_28	28	-0.5236877886631263
sub-25	meta_metaphor	meta_L_temporal_pole	kj	KJ	word_label	kj_27	kj_27	27	0.32441941127405666
sub-25	meta_metaphor	meta_L_temporal_pole	kj	KJ	word_label	kj_5	kj_5	5	-0.12015122366887875
sub-25	meta_metaphor	meta_L_temporal_pole	kj	KJ	word_label	kj_14	kj_14	14	-0.7179359317767269
sub-25	meta_metaphor	meta_L_temporal_pole	kj	KJ	word_label	kj_17	kj_17	17	0.29657002073215577
sub-25	meta_metaphor	meta_L_temporal_pole	kj	KJ	word_label	kj_15	kj_15	15	0.29890577670714225
sub-25	meta_metaphor	meta_L_temporal_pole	kj	KJ	word_label	kj_31	kj_31	31	0.29888961077704973
sub-25	meta_metaphor	meta_L_temporal_pole	kj	KJ	word_label	kj_26	kj_26	26	-0.3291217440606529
sub-25	meta_metaphor	meta_L_temporal_pole	kj	KJ	word_label	kj_2	kj_2	2	-0.36397426621787904
sub-25	meta_metaphor	meta_L_temporal_pole	kj	KJ	word_label	kj_20	kj_20	20	0.03771693400787969
sub-25	meta_metaphor	meta_L_temporal_pole	kj	KJ	word_label	kj_10	kj_10	10	-0.36913417319505815
sub-25	meta_metaphor	meta_L_temporal_pole	kj	KJ	word_label	kj_22	kj_22	22	0.250643505923681
sub-25	meta_metaphor	meta_L_temporal_pole	kj	KJ	word_label	kj_30	kj_30	30	0.10869315916182304
sub-25	meta_metaphor	meta_L_temporal_pole	kj	KJ	word_label	kj_3	kj_3	3	-0.04739107655748888
sub-25	meta_metaphor	meta_L_temporal_pole	kj	KJ	word_label	kj_23	kj_23	23	0.3886839513629974
sub-25	meta_metaphor	meta_L_temporal_pole	kj	KJ	word_label	kj_19	kj_19	19	0.23057030371720366
sub-25	meta_metaphor	meta_L_temporal_pole	kj	KJ	word_label	kj_11	kj_11	11	-0.6694662388771083
sub-25	meta_metaphor	meta_L_temporal_pole	kj	KJ	word_label	kj_12	kj_12	12	0.39481716950428125
sub-25	meta_metaphor	meta_L_temporal_pole	kj	KJ	word_label	kj_29	kj_29	29	0.434793994874065
sub-25	meta_metaphor	meta_L_temporal_pole	kj	KJ	word_label	kj_34	kj_34	34	-0.43406462041062127
sub-25	meta_metaphor	meta_L_temporal_pole	kj	KJ	word_label	kj_9	kj_9	9	0.19710358827616586
sub-25	meta_metaphor	meta_L_temporal_pole	kj	KJ	word_label	kj_38	kj_38	38	-0.5095461959482965
sub-25	meta_metaphor	meta_L_temporal_pole	kj	KJ	word_label	kj_13	kj_13	13	0.2549385884122982
sub-25	meta_metaphor	meta_L_temporal_pole	kj	KJ	word_label	kj_25	kj_25	25	-0.6304410207579069
sub-25	meta_metaphor	meta_L_temporal_pole	kj	KJ	word_label	kj_8	kj_8	8	-0.36330847607519606
sub-25	meta_metaphor	meta_L_temporal_pole	kj	KJ	word_label	kj_33	kj_33	33	-0.055974362207712146
sub-25	meta_metaphor	meta_L_temporal_pole	kj	KJ	word_label	kj_16	kj_16	16	-0.012673211364848985
sub-25	meta_metaphor	meta_L_temporal_pole	kj	KJ	word_label	kj_36	kj_36	36	0.25032880668557156
sub-25	meta_metaphor	meta_L_temporal_pole	kj	KJ	word_label	kj_24	kj_24	24	-0.13689914809756915
sub-25	meta_metaphor	meta_R_AG	yy	YY	word_label	yy_14	yy_14	14	0.12091203799874414
sub-25	meta_metaphor	meta_R_AG	yy	YY	word_label	yy_6	yy_6	6	0.0401959089166004
sub-25	meta_metaphor	meta_R_AG	yy	YY	word_label	yy_12	yy_12	12	-0.4833901712923776
sub-25	meta_metaphor	meta_R_AG	yy	YY	word_label	yy_39	yy_39	39	-0.787972999821031
sub-25	meta_metaphor	meta_R_AG	yy	YY	word_label	yy_32	yy_32	32	-0.08291095166774239
sub-25	meta_metaphor	meta_R_AG	yy	YY	word_label	yy_38	yy_38	38	0.17733748505037664
sub-25	meta_metaphor	meta_R_AG	yy	YY	word_label	yy_1	yy_1	1	0.5549732890298483
sub-25	meta_metaphor	meta_R_AG	yy	YY	word_label	yy_18	yy_18	18	-0.04532980963384379
sub-25	meta_metaphor	meta_R_AG	yy	YY	word_label	yy_24	yy_24	24	0.7561853541382161
sub-25	meta_metaphor	meta_R_AG	yy	YY	word_label	yy_11	yy_11	11	-0.23056496135665305
sub-25	meta_metaphor	meta_R_AG	yy	YY	word_label	yy_33	yy_33	33	0.2722725561660896
sub-25	meta_metaphor	meta_R_AG	yy	YY	word_label	yy_8	yy_8	8	-0.1650887475552922
sub-25	meta_metaphor	meta_R_AG	yy	YY	word_label	yy_5	yy_5	5	0.28693866859183675
sub-25	meta_metaphor	meta_R_AG	yy	YY	word_label	yy_21	yy_21	21	0.17892116746164016
sub-25	meta_metaphor	meta_R_AG	yy	YY	word_label	yy_4	yy_4	4	0.49176193177394145
sub-25	meta_metaphor	meta_R_AG	yy	YY	word_label	yy_17	yy_17	17	0.3257502684188394
sub-25	meta_metaphor	meta_R_AG	yy	YY	word_label	yy_29	yy_29	29	-0.5714354009406032
sub-25	meta_metaphor	meta_R_AG	yy	YY	word_label	yy_10	yy_10	10	0.1855207299857794
sub-25	meta_metaphor	meta_R_AG	yy	YY	word_label	yy_15	yy_15	15	-0.15908358079633983
sub-25	meta_metaphor	meta_R_AG	yy	YY	word_label	yy_9	yy_9	9	-0.20601767773676277
sub-25	meta_metaphor	meta_R_AG	yy	YY	word_label	yy_37	yy_37	37	0.13335824800845775
sub-25	meta_metaphor	meta_R_AG	yy	YY	word_label	yy_40	yy_40	40	0.32041465974637123
sub-25	meta_metaphor	meta_R_AG	yy	YY	word_label	yy_23	yy_23	23	-0.060448045391882116
sub-25	meta_metaphor	meta_R_AG	yy	YY	word_label	yy_26	yy_26	26	0.15456188974843743
sub-25	meta_metaphor	meta_R_AG	yy	YY	word_label	yy_2	yy_2	2	-0.002139982113676052
sub-25	meta_metaphor	meta_R_AG	yy	YY	word_label	yy_36	yy_36	36	0.5699621468039161
sub-25	meta_metaphor	meta_R_AG	yy	YY	word_label	yy_13	yy_13	13	0.4056599649444402
sub-25	meta_metaphor	meta_R_AG	yy	YY	word_label	yy_3	yy_3	3	-0.10810667312166997
sub-25	meta_metaphor	meta_R_AG	yy	YY	word_label	yy_35	yy_35	35	-0.49855315616484114
sub-25	meta_metaphor	meta_R_AG	yy	YY	word_label	yy_19	yy_19	19	0.699146330335974
sub-25	meta_metaphor	meta_R_AG	yy	YY	word_label	yy_28	yy_28	28	0.5940393843352528
sub-25	meta_metaphor	meta_R_AG	yy	YY	word_label	yy_7	yy_7	7	0.5841774861006994
sub-25	meta_metaphor	meta_R_AG	yy	YY	word_label	yy_27	yy_27	27	-0.017624200264720603
sub-25	meta_metaphor	meta_R_AG	yy	YY	word_label	yy_22	yy_22	22	0.7314257419180068
sub-25	meta_metaphor	meta_R_AG	yy	YY	word_label	yy_16	yy_16	16	0.0720250556753045
sub-25	meta_metaphor	meta_R_AG	kj	KJ	word_label	kj_21	kj_21	21	-0.6612831962163784
sub-25	meta_metaphor	meta_R_AG	kj	KJ	word_label	kj_37	kj_37	37	-0.5735956433907449
sub-25	meta_metaphor	meta_R_AG	kj	KJ	word_label	kj_39	kj_39	39	0.36231117002285673
sub-25	meta_metaphor	meta_R_AG	kj	KJ	word_label	kj_6	kj_6	6	-0.3810339915531926
sub-25	meta_metaphor	meta_R_AG	kj	KJ	word_label	kj_7	kj_7	7	-0.03296814804682159
sub-25	meta_metaphor	meta_R_AG	kj	KJ	word_label	kj_1	kj_1	1	0.49319137950566583
sub-25	meta_metaphor	meta_R_AG	kj	KJ	word_label	kj_28	kj_28	28	0.49466447331841823
sub-25	meta_metaphor	meta_R_AG	kj	KJ	word_label	kj_27	kj_27	27	-0.4938715600182879
sub-25	meta_metaphor	meta_R_AG	kj	KJ	word_label	kj_5	kj_5	5	0.6603239453962614
sub-25	meta_metaphor	meta_R_AG	kj	KJ	word_label	kj_14	kj_14	14	0.14944295714090589
sub-25	meta_metaphor	meta_R_AG	kj	KJ	word_label	kj_17	kj_17	17	-0.3590085385249574
sub-25	meta_metaphor	meta_R_AG	kj	KJ	word_label	kj_15	kj_15	15	0.36503818258001763
sub-25	meta_metaphor	meta_R_AG	kj	KJ	word_label	kj_31	kj_31	31	0.6493795449335801
sub-25	meta_metaphor	meta_R_AG	kj	KJ	word_label	kj_26	kj_26	26	0.5850459760651945
sub-25	meta_metaphor	meta_R_AG	kj	KJ	word_label	kj_2	kj_2	2	0.6648838749814503
sub-25	meta_metaphor	meta_R_AG	kj	KJ	word_label	kj_20	kj_20	20	-0.11670426087190244
sub-25	meta_metaphor	meta_R_AG	kj	KJ	word_label	kj_10	kj_10	10	-0.01838450373932798
sub-25	meta_metaphor	meta_R_AG	kj	KJ	word_label	kj_22	kj_22	22	-0.10728710620236347
sub-25	meta_metaphor	meta_R_AG	kj	KJ	word_label	kj_30	kj_30	30	0.400224418515373
sub-25	meta_metaphor	meta_R_AG	kj	KJ	word_label	kj_3	kj_3	3	0.45176172533918774
sub-25	meta_metaphor	meta_R_AG	kj	KJ	word_label	kj_23	kj_23	23	0.4822607752824758
sub-25	meta_metaphor	meta_R_AG	kj	KJ	word_label	kj_19	kj_19	19	-0.4004557084929268
sub-25	meta_metaphor	meta_R_AG	kj	KJ	word_label	kj_11	kj_11	11	0.5756878721070431
sub-25	meta_metaphor	meta_R_AG	kj	KJ	word_label	kj_12	kj_12	12	0.48594863382112913
sub-25	meta_metaphor	meta_R_AG	kj	KJ	word_label	kj_29	kj_29	29	0.5758046926038118
sub-25	meta_metaphor	meta_R_AG	kj	KJ	word_label	kj_34	kj_34	34	-0.20026119089222977
sub-25	meta_metaphor	meta_R_AG	kj	KJ	word_label	kj_9	kj_9	9	-0.502818216926198
sub-25	meta_metaphor	meta_R_AG	kj	KJ	word_label	kj_38	kj_38	38	-0.30556549212323364
sub-25	meta_metaphor	meta_R_AG	kj	KJ	word_label	kj_13	kj_13	13	0.23485007737203148
sub-25	meta_metaphor	meta_R_AG	kj	KJ	word_label	kj_25	kj_25	25	0.13504144064138135
sub-25	meta_metaphor	meta_R_AG	kj	KJ	word_label	kj_8	kj_8	8	-0.3827621832926176
sub-25	meta_metaphor	meta_R_AG	kj	KJ	word_label	kj_33	kj_33	33	-0.2416376162802708
sub-25	meta_metaphor	meta_R_AG	kj	KJ	word_label	kj_16	kj_16	16	-0.08208986802289427
sub-25	meta_metaphor	meta_R_AG	kj	KJ	word_label	kj_36	kj_36	36	-0.5128433752738146
sub-25	meta_metaphor	meta_R_AG	kj	KJ	word_label	kj_24	kj_24	24	-0.7913847627433072
sub-25	meta_metaphor	meta_R_IFG	yy	YY	word_label	yy_14	yy_14	14	0.2414768833520116
sub-25	meta_metaphor	meta_R_IFG	yy	YY	word_label	yy_6	yy_6	6	-0.09222352616414524
sub-25	meta_metaphor	meta_R_IFG	yy	YY	word_label	yy_12	yy_12	12	-0.21720173502714746
sub-25	meta_metaphor	meta_R_IFG	yy	YY	word_label	yy_39	yy_39	39	-0.029483081732522228
sub-25	meta_metaphor	meta_R_IFG	yy	YY	word_label	yy_32	yy_32	32	0.1422852947757107
sub-25	meta_metaphor	meta_R_IFG	yy	YY	word_label	yy_38	yy_38	38	0.3915671565091216
sub-25	meta_metaphor	meta_R_IFG	yy	YY	word_label	yy_1	yy_1	1	0.6750441172228401
sub-25	meta_metaphor	meta_R_IFG	yy	YY	word_label	yy_18	yy_18	18	-0.0670075638213685
sub-25	meta_metaphor	meta_R_IFG	yy	YY	word_label	yy_24	yy_24	24	-0.0899529776869175
sub-25	meta_metaphor	meta_R_IFG	yy	YY	word_label	yy_11	yy_11	11	0.6222479066732485
sub-25	meta_metaphor	meta_R_IFG	yy	YY	word_label	yy_33	yy_33	33	0.0957199324778673
sub-25	meta_metaphor	meta_R_IFG	yy	YY	word_label	yy_8	yy_8	8	-0.14407711543553717
sub-25	meta_metaphor	meta_R_IFG	yy	YY	word_label	yy_5	yy_5	5	0.5716345001577714
sub-25	meta_metaphor	meta_R_IFG	yy	YY	word_label	yy_21	yy_21	21	0.1730271729073393
sub-25	meta_metaphor	meta_R_IFG	yy	YY	word_label	yy_4	yy_4	4	0.1916312106736287
sub-25	meta_metaphor	meta_R_IFG	yy	YY	word_label	yy_17	yy_17	17	0.18141548242589636
sub-25	meta_metaphor	meta_R_IFG	yy	YY	word_label	yy_29	yy_29	29	0.5272020176487903
sub-25	meta_metaphor	meta_R_IFG	yy	YY	word_label	yy_10	yy_10	10	0.5972372080925439
sub-25	meta_metaphor	meta_R_IFG	yy	YY	word_label	yy_15	yy_15	15	0.3899531232801332
sub-25	meta_metaphor	meta_R_IFG	yy	YY	word_label	yy_9	yy_9	9	0.6987258643658125
sub-25	meta_metaphor	meta_R_IFG	yy	YY	word_label	yy_37	yy_37	37	0.213056950345217
sub-25	meta_metaphor	meta_R_IFG	yy	YY	word_label	yy_40	yy_40	40	-0.1466306368475233
sub-25	meta_metaphor	meta_R_IFG	yy	YY	word_label	yy_23	yy_23	23	0.4480922511835314
sub-25	meta_metaphor	meta_R_IFG	yy	YY	word_label	yy_26	yy_26	26	0.2491877265867473
sub-25	meta_metaphor	meta_R_IFG	yy	YY	word_label	yy_2	yy_2	2	0.5287853603985927
sub-25	meta_metaphor	meta_R_IFG	yy	YY	word_label	yy_36	yy_36	36	-0.34419194360058203
sub-25	meta_metaphor	meta_R_IFG	yy	YY	word_label	yy_13	yy_13	13	0.687287314157285
sub-25	meta_metaphor	meta_R_IFG	yy	YY	word_label	yy_3	yy_3	3	-0.48362528170376684
sub-25	meta_metaphor	meta_R_IFG	yy	YY	word_label	yy_35	yy_35	35	0.6429807542864222
sub-25	meta_metaphor	meta_R_IFG	yy	YY	word_label	yy_19	yy_19	19	0.6619951101338218
sub-25	meta_metaphor	meta_R_IFG	yy	YY	word_label	yy_28	yy_28	28	-0.45160141426139755
sub-25	meta_metaphor	meta_R_IFG	yy	YY	word_label	yy_7	yy_7	7	-0.04650694263643097
sub-25	meta_metaphor	meta_R_IFG	yy	YY	word_label	yy_27	yy_27	27	0.0001928870762408206
sub-25	meta_metaphor	meta_R_IFG	yy	YY	word_label	yy_22	yy_22	22	0.5282999294349904
sub-25	meta_metaphor	meta_R_IFG	yy	YY	word_label	yy_16	yy_16	16	0.5952474863610714
sub-25	meta_metaphor	meta_R_IFG	kj	KJ	word_label	kj_21	kj_21	21	0.2697312403002872
sub-25	meta_metaphor	meta_R_IFG	kj	KJ	word_label	kj_37	kj_37	37	0.3560138649585049
sub-25	meta_metaphor	meta_R_IFG	kj	KJ	word_label	kj_39	kj_39	39	0.18977639299919322
sub-25	meta_metaphor	meta_R_IFG	kj	KJ	word_label	kj_6	kj_6	6	0.5917279717834985
sub-25	meta_metaphor	meta_R_IFG	kj	KJ	word_label	kj_7	kj_7	7	0.6564627483083965
sub-25	meta_metaphor	meta_R_IFG	kj	KJ	word_label	kj_1	kj_1	1	0.819801574039773
sub-25	meta_metaphor	meta_R_IFG	kj	KJ	word_label	kj_28	kj_28	28	0.4745757074329669
sub-25	meta_metaphor	meta_R_IFG	kj	KJ	word_label	kj_27	kj_27	27	0.2884782842583621
sub-25	meta_metaphor	meta_R_IFG	kj	KJ	word_label	kj_5	kj_5	5	-0.43565202288924904
sub-25	meta_metaphor	meta_R_IFG	kj	KJ	word_label	kj_14	kj_14	14	-0.6167463140123349
sub-25	meta_metaphor	meta_R_IFG	kj	KJ	word_label	kj_17	kj_17	17	0.7816821641064667
sub-25	meta_metaphor	meta_R_IFG	kj	KJ	word_label	kj_15	kj_15	15	0.4482506628518063
sub-25	meta_metaphor	meta_R_IFG	kj	KJ	word_label	kj_31	kj_31	31	0.584634636265783
sub-25	meta_metaphor	meta_R_IFG	kj	KJ	word_label	kj_26	kj_26	26	0.5484593808214244
sub-25	meta_metaphor	meta_R_IFG	kj	KJ	word_label	kj_2	kj_2	2	0.05176253078948362
sub-25	meta_metaphor	meta_R_IFG	kj	KJ	word_label	kj_20	kj_20	20	-0.1707789074850641
sub-25	meta_metaphor	meta_R_IFG	kj	KJ	word_label	kj_10	kj_10	10	0.5728010964164486
sub-25	meta_metaphor	meta_R_IFG	kj	KJ	word_label	kj_22	kj_22	22	0.22314847762126078
sub-25	meta_metaphor	meta_R_IFG	kj	KJ	word_label	kj_30	kj_30	30	0.8399890151431125
sub-25	meta_metaphor	meta_R_IFG	kj	KJ	word_label	kj_3	kj_3	3	0.34890587036574866
sub-25	meta_metaphor	meta_R_IFG	kj	KJ	word_label	kj_23	kj_23	23	-0.19035209826380523
sub-25	meta_metaphor	meta_R_IFG	kj	KJ	word_label	kj_19	kj_19	19	0.7411936528674553
sub-25	meta_metaphor	meta_R_IFG	kj	KJ	word_label	kj_11	kj_11	11	0.49828449404228625
sub-25	meta_metaphor	meta_R_IFG	kj	KJ	word_label	kj_12	kj_12	12	0.39890297417363707
sub-25	meta_metaphor	meta_R_IFG	kj	KJ	word_label	kj_29	kj_29	29	0.5596978701326965
sub-25	meta_metaphor	meta_R_IFG	kj	KJ	word_label	kj_34	kj_34	34	-0.5048786723066088
sub-25	meta_metaphor	meta_R_IFG	kj	KJ	word_label	kj_9	kj_9	9	0.6505760727522374
sub-25	meta_metaphor	meta_R_IFG	kj	KJ	word_label	kj_38	kj_38	38	-0.2742475005767487
sub-25	meta_metaphor	meta_R_IFG	kj	KJ	word_label	kj_13	kj_13	13	0.3717235579935317
sub-25	meta_metaphor	meta_R_IFG	kj	KJ	word_label	kj_25	kj_25	25	-0.17186293557690507
sub-25	meta_metaphor	meta_R_IFG	kj	KJ	word_label	kj_8	kj_8	8	0.46973587353690477
sub-25	meta_metaphor	meta_R_IFG	kj	KJ	word_label	kj_33	kj_33	33	0.5759097336547071
sub-25	meta_metaphor	meta_R_IFG	kj	KJ	word_label	kj_16	kj_16	16	0.10505561674873502
sub-25	meta_metaphor	meta_R_IFG	kj	KJ	word_label	kj_36	kj_36	36	-0.21017604996212702
sub-25	meta_metaphor	meta_R_IFG	kj	KJ	word_label	kj_24	kj_24	24	0.821838445172875
sub-25	meta_metaphor	meta_R_pMTG_pSTS	yy	YY	word_label	yy_14	yy_14	14	-0.03404086642467174
sub-25	meta_metaphor	meta_R_pMTG_pSTS	yy	YY	word_label	yy_6	yy_6	6	0.4385210615035625
sub-25	meta_metaphor	meta_R_pMTG_pSTS	yy	YY	word_label	yy_12	yy_12	12	0.046928240956044316
sub-25	meta_metaphor	meta_R_pMTG_pSTS	yy	YY	word_label	yy_39	yy_39	39	0.06564236771277379
sub-25	meta_metaphor	meta_R_pMTG_pSTS	yy	YY	word_label	yy_32	yy_32	32	0.029148812829896596
sub-25	meta_metaphor	meta_R_pMTG_pSTS	yy	YY	word_label	yy_38	yy_38	38	0.17201586033865188
sub-25	meta_metaphor	meta_R_pMTG_pSTS	yy	YY	word_label	yy_1	yy_1	1	-0.2138709674734654
sub-25	meta_metaphor	meta_R_pMTG_pSTS	yy	YY	word_label	yy_18	yy_18	18	-0.20190709041716698
sub-25	meta_metaphor	meta_R_pMTG_pSTS	yy	YY	word_label	yy_24	yy_24	24	0.413281050124845
sub-25	meta_metaphor	meta_R_pMTG_pSTS	yy	YY	word_label	yy_11	yy_11	11	0.23487709669979667
sub-25	meta_metaphor	meta_R_pMTG_pSTS	yy	YY	word_label	yy_33	yy_33	33	0.4788506198193106
sub-25	meta_metaphor	meta_R_pMTG_pSTS	yy	YY	word_label	yy_8	yy_8	8	0.5136824869844705
sub-25	meta_metaphor	meta_R_pMTG_pSTS	yy	YY	word_label	yy_5	yy_5	5	0.3709010334325307
sub-25	meta_metaphor	meta_R_pMTG_pSTS	yy	YY	word_label	yy_21	yy_21	21	-0.04209517032927655
sub-25	meta_metaphor	meta_R_pMTG_pSTS	yy	YY	word_label	yy_4	yy_4	4	0.6090657231415151
sub-25	meta_metaphor	meta_R_pMTG_pSTS	yy	YY	word_label	yy_17	yy_17	17	0.25858650515825404
sub-25	meta_metaphor	meta_R_pMTG_pSTS	yy	YY	word_label	yy_29	yy_29	29	-0.48855294551319234
sub-25	meta_metaphor	meta_R_pMTG_pSTS	yy	YY	word_label	yy_10	yy_10	10	0.12689626030605414
sub-25	meta_metaphor	meta_R_pMTG_pSTS	yy	YY	word_label	yy_15	yy_15	15	0.014124653632227917
sub-25	meta_metaphor	meta_R_pMTG_pSTS	yy	YY	word_label	yy_9	yy_9	9	0.5317699570708173
sub-25	meta_metaphor	meta_R_pMTG_pSTS	yy	YY	word_label	yy_37	yy_37	37	0.03903284182038264
sub-25	meta_metaphor	meta_R_pMTG_pSTS	yy	YY	word_label	yy_40	yy_40	40	0.7856165000247376
sub-25	meta_metaphor	meta_R_pMTG_pSTS	yy	YY	word_label	yy_23	yy_23	23	-0.27235009074110494
sub-25	meta_metaphor	meta_R_pMTG_pSTS	yy	YY	word_label	yy_26	yy_26	26	-0.4010391289319327
sub-25	meta_metaphor	meta_R_pMTG_pSTS	yy	YY	word_label	yy_2	yy_2	2	0.20351024694347897
sub-25	meta_metaphor	meta_R_pMTG_pSTS	yy	YY	word_label	yy_36	yy_36	36	0.6876171152405876
sub-25	meta_metaphor	meta_R_pMTG_pSTS	yy	YY	word_label	yy_13	yy_13	13	0.3512234463634257
sub-25	meta_metaphor	meta_R_pMTG_pSTS	yy	YY	word_label	yy_3	yy_3	3	0.5290164719148769
sub-25	meta_metaphor	meta_R_pMTG_pSTS	yy	YY	word_label	yy_35	yy_35	35	0.3102010827300441
sub-25	meta_metaphor	meta_R_pMTG_pSTS	yy	YY	word_label	yy_19	yy_19	19	0.3818919146693271
sub-25	meta_metaphor	meta_R_pMTG_pSTS	yy	YY	word_label	yy_28	yy_28	28	0.5231024740809775
sub-25	meta_metaphor	meta_R_pMTG_pSTS	yy	YY	word_label	yy_7	yy_7	7	0.3756839028444172
sub-25	meta_metaphor	meta_R_pMTG_pSTS	yy	YY	word_label	yy_27	yy_27	27	-0.1560709975168575
sub-25	meta_metaphor	meta_R_pMTG_pSTS	yy	YY	word_label	yy_22	yy_22	22	0.6102873045995038
sub-25	meta_metaphor	meta_R_pMTG_pSTS	yy	YY	word_label	yy_16	yy_16	16	-0.06571713856414774
sub-25	meta_metaphor	meta_R_pMTG_pSTS	kj	KJ	word_label	kj_21	kj_21	21	-0.2496068615000851
sub-25	meta_metaphor	meta_R_pMTG_pSTS	kj	KJ	word_label	kj_37	kj_37	37	0.07499375289080268
sub-25	meta_metaphor	meta_R_pMTG_pSTS	kj	KJ	word_label	kj_39	kj_39	39	0.16265432864356427
sub-25	meta_metaphor	meta_R_pMTG_pSTS	kj	KJ	word_label	kj_6	kj_6	6	0.4417953426052527
sub-25	meta_metaphor	meta_R_pMTG_pSTS	kj	KJ	word_label	kj_7	kj_7	7	0.42211251284561435
sub-25	meta_metaphor	meta_R_pMTG_pSTS	kj	KJ	word_label	kj_1	kj_1	1	0.1346335151869333
sub-25	meta_metaphor	meta_R_pMTG_pSTS	kj	KJ	word_label	kj_28	kj_28	28	-0.32917045306910475
sub-25	meta_metaphor	meta_R_pMTG_pSTS	kj	KJ	word_label	kj_27	kj_27	27	0.08644219414682458
sub-25	meta_metaphor	meta_R_pMTG_pSTS	kj	KJ	word_label	kj_5	kj_5	5	0.5637483330313348
sub-25	meta_metaphor	meta_R_pMTG_pSTS	kj	KJ	word_label	kj_14	kj_14	14	-0.11828567313857437
sub-25	meta_metaphor	meta_R_pMTG_pSTS	kj	KJ	word_label	kj_17	kj_17	17	0.5814992877576213
sub-25	meta_metaphor	meta_R_pMTG_pSTS	kj	KJ	word_label	kj_15	kj_15	15	0.3068345487127376
sub-25	meta_metaphor	meta_R_pMTG_pSTS	kj	KJ	word_label	kj_31	kj_31	31	0.50484198039939
sub-25	meta_metaphor	meta_R_pMTG_pSTS	kj	KJ	word_label	kj_26	kj_26	26	0.11519745399412816
sub-25	meta_metaphor	meta_R_pMTG_pSTS	kj	KJ	word_label	kj_2	kj_2	2	0.39625729814130844
sub-25	meta_metaphor	meta_R_pMTG_pSTS	kj	KJ	word_label	kj_20	kj_20	20	0.2603626579845127
sub-25	meta_metaphor	meta_R_pMTG_pSTS	kj	KJ	word_label	kj_10	kj_10	10	-0.44000260862151547
sub-25	meta_metaphor	meta_R_pMTG_pSTS	kj	KJ	word_label	kj_22	kj_22	22	0.1404198530186343
sub-25	meta_metaphor	meta_R_pMTG_pSTS	kj	KJ	word_label	kj_30	kj_30	30	0.30562901341879284
sub-25	meta_metaphor	meta_R_pMTG_pSTS	kj	KJ	word_label	kj_3	kj_3	3	0.15871364608544664
sub-25	meta_metaphor	meta_R_pMTG_pSTS	kj	KJ	word_label	kj_23	kj_23	23	0.1348129857398781
sub-25	meta_metaphor	meta_R_pMTG_pSTS	kj	KJ	word_label	kj_19	kj_19	19	-0.0918546703237631
sub-25	meta_metaphor	meta_R_pMTG_pSTS	kj	KJ	word_label	kj_11	kj_11	11	-0.03609979444025272
sub-25	meta_metaphor	meta_R_pMTG_pSTS	kj	KJ	word_label	kj_12	kj_12	12	0.3628341042264753
sub-25	meta_metaphor	meta_R_pMTG_pSTS	kj	KJ	word_label	kj_29	kj_29	29	-0.08068112285825242
sub-25	meta_metaphor	meta_R_pMTG_pSTS	kj	KJ	word_label	kj_34	kj_34	34	-0.19118779602856703
sub-25	meta_metaphor	meta_R_pMTG_pSTS	kj	KJ	word_label	kj_9	kj_9	9	0.4663000664330037
sub-25	meta_metaphor	meta_R_pMTG_pSTS	kj	KJ	word_label	kj_38	kj_38	38	0.10541097286403832
sub-25	meta_metaphor	meta_R_pMTG_pSTS	kj	KJ	word_label	kj_13	kj_13	13	0.21448092008148872
sub-25	meta_metaphor	meta_R_pMTG_pSTS	kj	KJ	word_label	kj_25	kj_25	25	-0.010157035863576388
sub-25	meta_metaphor	meta_R_pMTG_pSTS	kj	KJ	word_label	kj_8	kj_8	8	-0.1609572691154501
sub-25	meta_metaphor	meta_R_pMTG_pSTS	kj	KJ	word_label	kj_33	kj_33	33	-0.19080458855890509
sub-25	meta_metaphor	meta_R_pMTG_pSTS	kj	KJ	word_label	kj_16	kj_16	16	0.06996412938813046
sub-25	meta_metaphor	meta_R_pMTG_pSTS	kj	KJ	word_label	kj_36	kj_36	36	0.33791388619780194
sub-25	meta_metaphor	meta_R_pMTG_pSTS	kj	KJ	word_label	kj_24	kj_24	24	0.3386558413429039
sub-25	meta_metaphor	meta_R_temporal_pole	yy	YY	word_label	yy_14	yy_14	14	-0.049843009066587396
sub-25	meta_metaphor	meta_R_temporal_pole	yy	YY	word_label	yy_6	yy_6	6	-0.01989610651302117
sub-25	meta_metaphor	meta_R_temporal_pole	yy	YY	word_label	yy_12	yy_12	12	-0.026333688695054463
sub-25	meta_metaphor	meta_R_temporal_pole	yy	YY	word_label	yy_39	yy_39	39	-0.07364696682389739
sub-25	meta_metaphor	meta_R_temporal_pole	yy	YY	word_label	yy_32	yy_32	32	0.01755819096216326
sub-25	meta_metaphor	meta_R_temporal_pole	yy	YY	word_label	yy_38	yy_38	38	0.24261253396489202
sub-25	meta_metaphor	meta_R_temporal_pole	yy	YY	word_label	yy_1	yy_1	1	-0.16449530365040974
sub-25	meta_metaphor	meta_R_temporal_pole	yy	YY	word_label	yy_18	yy_18	18	-0.14632782519906298
sub-25	meta_metaphor	meta_R_temporal_pole	yy	YY	word_label	yy_24	yy_24	24	-0.003552817043616513
sub-25	meta_metaphor	meta_R_temporal_pole	yy	YY	word_label	yy_11	yy_11	11	0.03030510838589797
sub-25	meta_metaphor	meta_R_temporal_pole	yy	YY	word_label	yy_33	yy_33	33	-0.14363116475751928
sub-25	meta_metaphor	meta_R_temporal_pole	yy	YY	word_label	yy_8	yy_8	8	0.1650692514232045
sub-25	meta_metaphor	meta_R_temporal_pole	yy	YY	word_label	yy_5	yy_5	5	-0.11801325088519576
sub-25	meta_metaphor	meta_R_temporal_pole	yy	YY	word_label	yy_21	yy_21	21	-0.17116436135079605
sub-25	meta_metaphor	meta_R_temporal_pole	yy	YY	word_label	yy_4	yy_4	4	0.12307261225079741
sub-25	meta_metaphor	meta_R_temporal_pole	yy	YY	word_label	yy_17	yy_17	17	-0.24955524688118572
sub-25	meta_metaphor	meta_R_temporal_pole	yy	YY	word_label	yy_29	yy_29	29	-0.2778187027006023
sub-25	meta_metaphor	meta_R_temporal_pole	yy	YY	word_label	yy_10	yy_10	10	-0.22799064939342448
sub-25	meta_metaphor	meta_R_temporal_pole	yy	YY	word_label	yy_15	yy_15	15	-0.22365676940810403
sub-25	meta_metaphor	meta_R_temporal_pole	yy	YY	word_label	yy_9	yy_9	9	-0.02751843558042789
sub-25	meta_metaphor	meta_R_temporal_pole	yy	YY	word_label	yy_37	yy_37	37	0.2559051324188118
sub-25	meta_metaphor	meta_R_temporal_pole	yy	YY	word_label	yy_40	yy_40	40	-0.26617224125615063
sub-25	meta_metaphor	meta_R_temporal_pole	yy	YY	word_label	yy_23	yy_23	23	-0.10754417052487936
sub-25	meta_metaphor	meta_R_temporal_pole	yy	YY	word_label	yy_26	yy_26	26	-0.4679505662148413
sub-25	meta_metaphor	meta_R_temporal_pole	yy	YY	word_label	yy_2	yy_2	2	-0.09300501596256959
sub-25	meta_metaphor	meta_R_temporal_pole	yy	YY	word_label	yy_36	yy_36	36	0.043207231208893505
sub-25	meta_metaphor	meta_R_temporal_pole	yy	YY	word_label	yy_13	yy_13	13	-0.21495239346881215
sub-25	meta_metaphor	meta_R_temporal_pole	yy	YY	word_label	yy_3	yy_3	3	0.0027069141373705836
sub-25	meta_metaphor	meta_R_temporal_pole	yy	YY	word_label	yy_35	yy_35	35	-0.16758591005066312
sub-25	meta_metaphor	meta_R_temporal_pole	yy	YY	word_label	yy_19	yy_19	19	-0.050125484157118226
sub-25	meta_metaphor	meta_R_temporal_pole	yy	YY	word_label	yy_28	yy_28	28	-0.2660783200846601
sub-25	meta_metaphor	meta_R_temporal_pole	yy	YY	word_label	yy_7	yy_7	7	-0.2167592061505807
sub-25	meta_metaphor	meta_R_temporal_pole	yy	YY	word_label	yy_27	yy_27	27	0.15877308113518282
sub-25	meta_metaphor	meta_R_temporal_pole	yy	YY	word_label	yy_22	yy_22	22	-0.07989579654596382
sub-25	meta_metaphor	meta_R_temporal_pole	yy	YY	word_label	yy_16	yy_16	16	-0.03591219005496425
sub-25	meta_metaphor	meta_R_temporal_pole	kj	KJ	word_label	kj_21	kj_21	21	-0.27281323036113364
sub-25	meta_metaphor	meta_R_temporal_pole	kj	KJ	word_label	kj_37	kj_37	37	-0.24897479491520544
sub-25	meta_metaphor	meta_R_temporal_pole	kj	KJ	word_label	kj_39	kj_39	39	0.12763661283420671
sub-25	meta_metaphor	meta_R_temporal_pole	kj	KJ	word_label	kj_6	kj_6	6	-0.021451469188478386
sub-25	meta_metaphor	meta_R_temporal_pole	kj	KJ	word_label	kj_7	kj_7	7	0.002008003653689562
sub-25	meta_metaphor	meta_R_temporal_pole	kj	KJ	word_label	kj_1	kj_1	1	-0.001687865754388224
sub-25	meta_metaphor	meta_R_temporal_pole	kj	KJ	word_label	kj_28	kj_28	28	-0.34409257801518767
sub-25	meta_metaphor	meta_R_temporal_pole	kj	KJ	word_label	kj_27	kj_27	27	-0.15706615035521987
sub-25	meta_metaphor	meta_R_temporal_pole	kj	KJ	word_label	kj_5	kj_5	5	-0.10983762211232927
sub-25	meta_metaphor	meta_R_temporal_pole	kj	KJ	word_label	kj_14	kj_14	14	-0.05234515559183243
sub-25	meta_metaphor	meta_R_temporal_pole	kj	KJ	word_label	kj_17	kj_17	17	0.15944422626334748
sub-25	meta_metaphor	meta_R_temporal_pole	kj	KJ	word_label	kj_15	kj_15	15	0.2922023312209143
sub-25	meta_metaphor	meta_R_temporal_pole	kj	KJ	word_label	kj_31	kj_31	31	0.11798711638783461
sub-25	meta_metaphor	meta_R_temporal_pole	kj	KJ	word_label	kj_26	kj_26	26	-0.010838241903182305
sub-25	meta_metaphor	meta_R_temporal_pole	kj	KJ	word_label	kj_2	kj_2	2	-0.17897944292413687
sub-25	meta_metaphor	meta_R_temporal_pole	kj	KJ	word_label	kj_20	kj_20	20	-0.021622202927479343
sub-25	meta_metaphor	meta_R_temporal_pole	kj	KJ	word_label	kj_10	kj_10	10	-0.1202363175542459
sub-25	meta_metaphor	meta_R_temporal_pole	kj	KJ	word_label	kj_22	kj_22	22	-0.21949274689117562
sub-25	meta_metaphor	meta_R_temporal_pole	kj	KJ	word_label	kj_30	kj_30	30	0.009069710295647557
sub-25	meta_metaphor	meta_R_temporal_pole	kj	KJ	word_label	kj_3	kj_3	3	0.04560177345062013
sub-25	meta_metaphor	meta_R_temporal_pole	kj	KJ	word_label	kj_23	kj_23	23	-0.17140784779400398
sub-25	meta_metaphor	meta_R_temporal_pole	kj	KJ	word_label	kj_19	kj_19	19	-0.1131157362983373
sub-25	meta_metaphor	meta_R_temporal_pole	kj	KJ	word_label	kj_11	kj_11	11	-0.14074439094651886
sub-25	meta_metaphor	meta_R_temporal_pole	kj	KJ	word_label	kj_12	kj_12	12	-0.22244248054724827
sub-25	meta_metaphor	meta_R_temporal_pole	kj	KJ	word_label	kj_29	kj_29	29	-0.13257678923962546
sub-25	meta_metaphor	meta_R_temporal_pole	kj	KJ	word_label	kj_34	kj_34	34	-0.2336067378290068
sub-25	meta_metaphor	meta_R_temporal_pole	kj	KJ	word_label	kj_9	kj_9	9	-0.2328054603428218
sub-25	meta_metaphor	meta_R_temporal_pole	kj	KJ	word_label	kj_38	kj_38	38	-0.3509382330061676
sub-25	meta_metaphor	meta_R_temporal_pole	kj	KJ	word_label	kj_13	kj_13	13	-0.10657539839444746
sub-25	meta_metaphor	meta_R_temporal_pole	kj	KJ	word_label	kj_25	kj_25	25	0.5286726481187183
sub-25	meta_metaphor	meta_R_temporal_pole	kj	KJ	word_label	kj_8	kj_8	8	0.0005532861466024719
sub-25	meta_metaphor	meta_R_temporal_pole	kj	KJ	word_label	kj_33	kj_33	33	0.07747991097304346
sub-25	meta_metaphor	meta_R_temporal_pole	kj	KJ	word_label	kj_16	kj_16	16	-0.421445428311762
sub-25	meta_metaphor	meta_R_temporal_pole	kj	KJ	word_label	kj_36	kj_36	36	-0.1098755707969131
sub-25	meta_metaphor	meta_R_temporal_pole	kj	KJ	word_label	kj_24	kj_24	24	-0.2996717374162713
sub-26	meta_metaphor	meta_L_AG	yy	YY	word_label	yy_7	yy_7	7	-0.3754944763734628
sub-26	meta_metaphor	meta_L_AG	yy	YY	word_label	yy_22	yy_22	22	-0.24769546660474948
sub-26	meta_metaphor	meta_L_AG	yy	YY	word_label	yy_12	yy_12	12	0.3748958064256484
sub-26	meta_metaphor	meta_L_AG	yy	YY	word_label	yy_11	yy_11	11	0.3088359090294528
sub-26	meta_metaphor	meta_L_AG	yy	YY	word_label	yy_40	yy_40	40	-0.15836407488960855
sub-26	meta_metaphor	meta_L_AG	yy	YY	word_label	yy_33	yy_33	33	-0.11246969032916379
sub-26	meta_metaphor	meta_L_AG	yy	YY	word_label	yy_26	yy_26	26	0.4998220177354287
sub-26	meta_metaphor	meta_L_AG	yy	YY	word_label	yy_28	yy_28	28	-0.6356429325405848
sub-26	meta_metaphor	meta_L_AG	yy	YY	word_label	yy_38	yy_38	38	0.03232999138536135
sub-26	meta_metaphor	meta_L_AG	yy	YY	word_label	yy_13	yy_13	13	0.3160623405751509
sub-26	meta_metaphor	meta_L_AG	yy	YY	word_label	yy_6	yy_6	6	-0.3609622485951476
sub-26	meta_metaphor	meta_L_AG	yy	YY	word_label	yy_21	yy_21	21	-0.25480996394569344
sub-26	meta_metaphor	meta_L_AG	yy	YY	word_label	yy_3	yy_3	3	0.14521670117657973
sub-26	meta_metaphor	meta_L_AG	yy	YY	word_label	yy_2	yy_2	2	0.45993342671116755
sub-26	meta_metaphor	meta_L_AG	yy	YY	word_label	yy_32	yy_32	32	0.034203461949514666
sub-26	meta_metaphor	meta_L_AG	yy	YY	word_label	yy_15	yy_15	15	0.38493945191634843
sub-26	meta_metaphor	meta_L_AG	yy	YY	word_label	yy_8	yy_8	8	0.7674891497070064
sub-26	meta_metaphor	meta_L_AG	yy	YY	word_label	yy_4	yy_4	4	0.1709106035011813
sub-26	meta_metaphor	meta_L_AG	yy	YY	word_label	yy_23	yy_23	23	0.4061571237071639
sub-26	meta_metaphor	meta_L_AG	yy	YY	word_label	yy_24	yy_24	24	-0.5954442733032184
sub-26	meta_metaphor	meta_L_AG	yy	YY	word_label	yy_36	yy_36	36	-0.3114143960940113
sub-26	meta_metaphor	meta_L_AG	yy	YY	word_label	yy_1	yy_1	1	0.426798453435458
sub-26	meta_metaphor	meta_L_AG	yy	YY	word_label	yy_14	yy_14	14	-0.2489416334974674
sub-26	meta_metaphor	meta_L_AG	yy	YY	word_label	yy_16	yy_16	16	-0.3442757709137235
sub-26	meta_metaphor	meta_L_AG	yy	YY	word_label	yy_17	yy_17	17	0.16818164577631134
sub-26	meta_metaphor	meta_L_AG	yy	YY	word_label	yy_9	yy_9	9	-0.11810354938969003
sub-26	meta_metaphor	meta_L_AG	yy	YY	word_label	yy_29	yy_29	29	-0.26609244689468486
sub-26	meta_metaphor	meta_L_AG	yy	YY	word_label	yy_10	yy_10	10	-0.40923941820805165
sub-26	meta_metaphor	meta_L_AG	yy	YY	word_label	yy_37	yy_37	37	0.4995746800589333
sub-26	meta_metaphor	meta_L_AG	yy	YY	word_label	yy_27	yy_27	27	-0.24379271157933677
sub-26	meta_metaphor	meta_L_AG	yy	YY	word_label	yy_5	yy_5	5	-0.597786835480015
sub-26	meta_metaphor	meta_L_AG	yy	YY	word_label	yy_19	yy_19	19	0.5538630668646676
sub-26	meta_metaphor	meta_L_AG	yy	YY	word_label	yy_18	yy_18	18	0.20728918370855787
sub-26	meta_metaphor	meta_L_AG	yy	YY	word_label	yy_35	yy_35	35	0.05963269202179655
sub-26	meta_metaphor	meta_L_AG	yy	YY	word_label	yy_39	yy_39	39	0.24789192427826687
sub-26	meta_metaphor	meta_L_AG	kj	KJ	word_label	kj_37	kj_37	37	0.40773973756316373
sub-26	meta_metaphor	meta_L_AG	kj	KJ	word_label	kj_3	kj_3	3	0.4239773098831803
sub-26	meta_metaphor	meta_L_AG	kj	KJ	word_label	kj_24	kj_24	24	-0.08487180246345641
sub-26	meta_metaphor	meta_L_AG	kj	KJ	word_label	kj_23	kj_23	23	-0.5390172192567164
sub-26	meta_metaphor	meta_L_AG	kj	KJ	word_label	kj_12	kj_12	12	-0.0025407823904216465
sub-26	meta_metaphor	meta_L_AG	kj	KJ	word_label	kj_5	kj_5	5	0.2503631493611433
sub-26	meta_metaphor	meta_L_AG	kj	KJ	word_label	kj_22	kj_22	22	-0.46095418916000136
sub-26	meta_metaphor	meta_L_AG	kj	KJ	word_label	kj_26	kj_26	26	-0.07367879213416005
sub-26	meta_metaphor	meta_L_AG	kj	KJ	word_label	kj_21	kj_21	21	0.07805547229852429
sub-26	meta_metaphor	meta_L_AG	kj	KJ	word_label	kj_39	kj_39	39	-0.3795604522265432
sub-26	meta_metaphor	meta_L_AG	kj	KJ	word_label	kj_13	kj_13	13	-0.5598256953472771
sub-26	meta_metaphor	meta_L_AG	kj	KJ	word_label	kj_25	kj_25	25	-0.4431217604988062
sub-26	meta_metaphor	meta_L_AG	kj	KJ	word_label	kj_14	kj_14	14	0.16712254220986564
sub-26	meta_metaphor	meta_L_AG	kj	KJ	word_label	kj_28	kj_28	28	-0.4158253500261164
sub-26	meta_metaphor	meta_L_AG	kj	KJ	word_label	kj_36	kj_36	36	-0.28255648692376295
sub-26	meta_metaphor	meta_L_AG	kj	KJ	word_label	kj_10	kj_10	10	0.6340179536372319
sub-26	meta_metaphor	meta_L_AG	kj	KJ	word_label	kj_8	kj_8	8	-0.20747466722389618
sub-26	meta_metaphor	meta_L_AG	kj	KJ	word_label	kj_38	kj_38	38	0.15150913800671723
sub-26	meta_metaphor	meta_L_AG	kj	KJ	word_label	kj_17	kj_17	17	-0.2407617700960958
sub-26	meta_metaphor	meta_L_AG	kj	KJ	word_label	kj_20	kj_20	20	0.6425893537746218
sub-26	meta_metaphor	meta_L_AG	kj	KJ	word_label	kj_27	kj_27	27	0.5705161733535551
sub-26	meta_metaphor	meta_L_AG	kj	KJ	word_label	kj_34	kj_34	34	0.009921112329207728
sub-26	meta_metaphor	meta_L_AG	kj	KJ	word_label	kj_31	kj_31	31	0.020489901120169796
sub-26	meta_metaphor	meta_L_AG	kj	KJ	word_label	kj_6	kj_6	6	0.39429951215139586
sub-26	meta_metaphor	meta_L_AG	kj	KJ	word_label	kj_11	kj_11	11	0.213584966208936
sub-26	meta_metaphor	meta_L_AG	kj	KJ	word_label	kj_2	kj_2	2	-0.5781417194609896
sub-26	meta_metaphor	meta_L_AG	kj	KJ	word_label	kj_15	kj_15	15	0.5898707089676681
sub-26	meta_metaphor	meta_L_AG	kj	KJ	word_label	kj_29	kj_29	29	0.35341629321290563
sub-26	meta_metaphor	meta_L_AG	kj	KJ	word_label	kj_19	kj_19	19	-0.059239378779195336
sub-26	meta_metaphor	meta_L_AG	kj	KJ	word_label	kj_16	kj_16	16	-0.0908227084200611
sub-26	meta_metaphor	meta_L_AG	kj	KJ	word_label	kj_9	kj_9	9	0.015525898539226531
sub-26	meta_metaphor	meta_L_AG	kj	KJ	word_label	kj_1	kj_1	1	0.4437357152604213
sub-26	meta_metaphor	meta_L_AG	kj	KJ	word_label	kj_30	kj_30	30	0.4187219969338381
sub-26	meta_metaphor	meta_L_AG	kj	KJ	word_label	kj_33	kj_33	33	-0.40561038793743914
sub-26	meta_metaphor	meta_L_AG	kj	KJ	word_label	kj_7	kj_7	7	-0.05158386501706655
sub-26	meta_metaphor	meta_L_IFG	yy	YY	word_label	yy_7	yy_7	7	0.6399362398550021
sub-26	meta_metaphor	meta_L_IFG	yy	YY	word_label	yy_22	yy_22	22	0.18119716385110207
sub-26	meta_metaphor	meta_L_IFG	yy	YY	word_label	yy_12	yy_12	12	0.3496055285100725
sub-26	meta_metaphor	meta_L_IFG	yy	YY	word_label	yy_11	yy_11	11	0.35985739637677383
sub-26	meta_metaphor	meta_L_IFG	yy	YY	word_label	yy_40	yy_40	40	0.4751467090618716
sub-26	meta_metaphor	meta_L_IFG	yy	YY	word_label	yy_33	yy_33	33	0.2929637690870905
sub-26	meta_metaphor	meta_L_IFG	yy	YY	word_label	yy_26	yy_26	26	0.520939824021445
sub-26	meta_metaphor	meta_L_IFG	yy	YY	word_label	yy_28	yy_28	28	0.46941991168720887
sub-26	meta_metaphor	meta_L_IFG	yy	YY	word_label	yy_38	yy_38	38	0.22157370581931274
sub-26	meta_metaphor	meta_L_IFG	yy	YY	word_label	yy_13	yy_13	13	0.05859361329006278
sub-26	meta_metaphor	meta_L_IFG	yy	YY	word_label	yy_6	yy_6	6	0.1872969934352302
sub-26	meta_metaphor	meta_L_IFG	yy	YY	word_label	yy_21	yy_21	21	0.5872011905025761
sub-26	meta_metaphor	meta_L_IFG	yy	YY	word_label	yy_3	yy_3	3	0.24424656783013296
sub-26	meta_metaphor	meta_L_IFG	yy	YY	word_label	yy_2	yy_2	2	0.2895518231989197
sub-26	meta_metaphor	meta_L_IFG	yy	YY	word_label	yy_32	yy_32	32	0.28075629567032523
sub-26	meta_metaphor	meta_L_IFG	yy	YY	word_label	yy_15	yy_15	15	0.44221616693973764
sub-26	meta_metaphor	meta_L_IFG	yy	YY	word_label	yy_8	yy_8	8	0.6558128668419135
sub-26	meta_metaphor	meta_L_IFG	yy	YY	word_label	yy_4	yy_4	4	0.5015972104734674
sub-26	meta_metaphor	meta_L_IFG	yy	YY	word_label	yy_23	yy_23	23	0.049559273747595965
sub-26	meta_metaphor	meta_L_IFG	yy	YY	word_label	yy_24	yy_24	24	0.3603915228528084
sub-26	meta_metaphor	meta_L_IFG	yy	YY	word_label	yy_36	yy_36	36	0.5863892321417016
sub-26	meta_metaphor	meta_L_IFG	yy	YY	word_label	yy_1	yy_1	1	-0.02550981040073326
sub-26	meta_metaphor	meta_L_IFG	yy	YY	word_label	yy_14	yy_14	14	0.09056828401235409
sub-26	meta_metaphor	meta_L_IFG	yy	YY	word_label	yy_16	yy_16	16	0.4196070829221092
sub-26	meta_metaphor	meta_L_IFG	yy	YY	word_label	yy_17	yy_17	17	0.22184673418126066
sub-26	meta_metaphor	meta_L_IFG	yy	YY	word_label	yy_9	yy_9	9	0.257131168503916
sub-26	meta_metaphor	meta_L_IFG	yy	YY	word_label	yy_29	yy_29	29	0.40366899234577525
sub-26	meta_metaphor	meta_L_IFG	yy	YY	word_label	yy_10	yy_10	10	0.18561247980706308
sub-26	meta_metaphor	meta_L_IFG	yy	YY	word_label	yy_37	yy_37	37	0.41131663737263385
sub-26	meta_metaphor	meta_L_IFG	yy	YY	word_label	yy_27	yy_27	27	0.3168367762320165
sub-26	meta_metaphor	meta_L_IFG	yy	YY	word_label	yy_5	yy_5	5	0.34727543603028477
sub-26	meta_metaphor	meta_L_IFG	yy	YY	word_label	yy_19	yy_19	19	0.49419294254244206
sub-26	meta_metaphor	meta_L_IFG	yy	YY	word_label	yy_18	yy_18	18	0.23800085574879812
sub-26	meta_metaphor	meta_L_IFG	yy	YY	word_label	yy_35	yy_35	35	0.47885457071235427
sub-26	meta_metaphor	meta_L_IFG	yy	YY	word_label	yy_39	yy_39	39	0.4767286752887871
sub-26	meta_metaphor	meta_L_IFG	kj	KJ	word_label	kj_37	kj_37	37	0.13368693573069673
sub-26	meta_metaphor	meta_L_IFG	kj	KJ	word_label	kj_3	kj_3	3	0.6970572415427891
sub-26	meta_metaphor	meta_L_IFG	kj	KJ	word_label	kj_24	kj_24	24	0.3170429578138118
sub-26	meta_metaphor	meta_L_IFG	kj	KJ	word_label	kj_23	kj_23	23	0.503976171731779
sub-26	meta_metaphor	meta_L_IFG	kj	KJ	word_label	kj_12	kj_12	12	0.5986651684905305
sub-26	meta_metaphor	meta_L_IFG	kj	KJ	word_label	kj_5	kj_5	5	0.47540028877743573
sub-26	meta_metaphor	meta_L_IFG	kj	KJ	word_label	kj_22	kj_22	22	0.6053507268188809
sub-26	meta_metaphor	meta_L_IFG	kj	KJ	word_label	kj_26	kj_26	26	0.5179907390478862
sub-26	meta_metaphor	meta_L_IFG	kj	KJ	word_label	kj_21	kj_21	21	0.3276756247266629
sub-26	meta_metaphor	meta_L_IFG	kj	KJ	word_label	kj_39	kj_39	39	0.41211418062008803
sub-26	meta_metaphor	meta_L_IFG	kj	KJ	word_label	kj_13	kj_13	13	0.49832592794284886
sub-26	meta_metaphor	meta_L_IFG	kj	KJ	word_label	kj_25	kj_25	25	0.19384410853399547
sub-26	meta_metaphor	meta_L_IFG	kj	KJ	word_label	kj_14	kj_14	14	0.7079941477521307
sub-26	meta_metaphor	meta_L_IFG	kj	KJ	word_label	kj_28	kj_28	28	0.5390430180520543
sub-26	meta_metaphor	meta_L_IFG	kj	KJ	word_label	kj_36	kj_36	36	0.3149436415796133
sub-26	meta_metaphor	meta_L_IFG	kj	KJ	word_label	kj_10	kj_10	10	0.4425868812020826
sub-26	meta_metaphor	meta_L_IFG	kj	KJ	word_label	kj_8	kj_8	8	0.17796510165508136
sub-26	meta_metaphor	meta_L_IFG	kj	KJ	word_label	kj_38	kj_38	38	0.5356783422597108
sub-26	meta_metaphor	meta_L_IFG	kj	KJ	word_label	kj_17	kj_17	17	0.5195843595698547
sub-26	meta_metaphor	meta_L_IFG	kj	KJ	word_label	kj_20	kj_20	20	-0.053701449945390084
sub-26	meta_metaphor	meta_L_IFG	kj	KJ	word_label	kj_27	kj_27	27	0.44896156332527515
sub-26	meta_metaphor	meta_L_IFG	kj	KJ	word_label	kj_34	kj_34	34	0.6695045842388564
sub-26	meta_metaphor	meta_L_IFG	kj	KJ	word_label	kj_31	kj_31	31	0.5847312844542613
sub-26	meta_metaphor	meta_L_IFG	kj	KJ	word_label	kj_6	kj_6	6	0.4421426792621068
sub-26	meta_metaphor	meta_L_IFG	kj	KJ	word_label	kj_11	kj_11	11	0.2475800514141127
sub-26	meta_metaphor	meta_L_IFG	kj	KJ	word_label	kj_2	kj_2	2	0.3226609780458677
sub-26	meta_metaphor	meta_L_IFG	kj	KJ	word_label	kj_15	kj_15	15	-0.010338482844952543
sub-26	meta_metaphor	meta_L_IFG	kj	KJ	word_label	kj_29	kj_29	29	0.6301126547738103
sub-26	meta_metaphor	meta_L_IFG	kj	KJ	word_label	kj_19	kj_19	19	0.16418948318526455
sub-26	meta_metaphor	meta_L_IFG	kj	KJ	word_label	kj_16	kj_16	16	0.31526291757864056
sub-26	meta_metaphor	meta_L_IFG	kj	KJ	word_label	kj_9	kj_9	9	0.2698193937031907
sub-26	meta_metaphor	meta_L_IFG	kj	KJ	word_label	kj_1	kj_1	1	0.10878876874025316
sub-26	meta_metaphor	meta_L_IFG	kj	KJ	word_label	kj_30	kj_30	30	0.313885765834727
sub-26	meta_metaphor	meta_L_IFG	kj	KJ	word_label	kj_33	kj_33	33	0.7007606300356741
sub-26	meta_metaphor	meta_L_IFG	kj	KJ	word_label	kj_7	kj_7	7	0.4685376874059872
sub-26	meta_metaphor	meta_L_pMTG_pSTS	yy	YY	word_label	yy_7	yy_7	7	0.6060345137014516
sub-26	meta_metaphor	meta_L_pMTG_pSTS	yy	YY	word_label	yy_22	yy_22	22	-0.00552649557348221
sub-26	meta_metaphor	meta_L_pMTG_pSTS	yy	YY	word_label	yy_12	yy_12	12	0.6488556029826268
sub-26	meta_metaphor	meta_L_pMTG_pSTS	yy	YY	word_label	yy_11	yy_11	11	0.7831352170210948
sub-26	meta_metaphor	meta_L_pMTG_pSTS	yy	YY	word_label	yy_40	yy_40	40	0.47460382885226576
sub-26	meta_metaphor	meta_L_pMTG_pSTS	yy	YY	word_label	yy_33	yy_33	33	0.6478362184266012
sub-26	meta_metaphor	meta_L_pMTG_pSTS	yy	YY	word_label	yy_26	yy_26	26	0.35039213517934736
sub-26	meta_metaphor	meta_L_pMTG_pSTS	yy	YY	word_label	yy_28	yy_28	28	0.5799670722728075
sub-26	meta_metaphor	meta_L_pMTG_pSTS	yy	YY	word_label	yy_38	yy_38	38	0.6202848488703925
sub-26	meta_metaphor	meta_L_pMTG_pSTS	yy	YY	word_label	yy_13	yy_13	13	0.7602213109151453
sub-26	meta_metaphor	meta_L_pMTG_pSTS	yy	YY	word_label	yy_6	yy_6	6	-0.49103764311743187
sub-26	meta_metaphor	meta_L_pMTG_pSTS	yy	YY	word_label	yy_21	yy_21	21	0.4461783454746784
sub-26	meta_metaphor	meta_L_pMTG_pSTS	yy	YY	word_label	yy_3	yy_3	3	0.6214644639677447
sub-26	meta_metaphor	meta_L_pMTG_pSTS	yy	YY	word_label	yy_2	yy_2	2	-0.6675203693032681
sub-26	meta_metaphor	meta_L_pMTG_pSTS	yy	YY	word_label	yy_32	yy_32	32	0.8311222895244246
sub-26	meta_metaphor	meta_L_pMTG_pSTS	yy	YY	word_label	yy_15	yy_15	15	0.5471803534742087
sub-26	meta_metaphor	meta_L_pMTG_pSTS	yy	YY	word_label	yy_8	yy_8	8	0.6289441715683212
sub-26	meta_metaphor	meta_L_pMTG_pSTS	yy	YY	word_label	yy_4	yy_4	4	0.7851146580330386
sub-26	meta_metaphor	meta_L_pMTG_pSTS	yy	YY	word_label	yy_23	yy_23	23	0.16676736180211346
sub-26	meta_metaphor	meta_L_pMTG_pSTS	yy	YY	word_label	yy_24	yy_24	24	0.46841821620477747
sub-26	meta_metaphor	meta_L_pMTG_pSTS	yy	YY	word_label	yy_36	yy_36	36	0.5781376711309321
sub-26	meta_metaphor	meta_L_pMTG_pSTS	yy	YY	word_label	yy_1	yy_1	1	0.29404687171023447
sub-26	meta_metaphor	meta_L_pMTG_pSTS	yy	YY	word_label	yy_14	yy_14	14	0.6319614840464838
sub-26	meta_metaphor	meta_L_pMTG_pSTS	yy	YY	word_label	yy_16	yy_16	16	0.6790968879351378
sub-26	meta_metaphor	meta_L_pMTG_pSTS	yy	YY	word_label	yy_17	yy_17	17	0.28023602334936587
sub-26	meta_metaphor	meta_L_pMTG_pSTS	yy	YY	word_label	yy_9	yy_9	9	0.6579252820193099
sub-26	meta_metaphor	meta_L_pMTG_pSTS	yy	YY	word_label	yy_29	yy_29	29	0.18407063413969196
sub-26	meta_metaphor	meta_L_pMTG_pSTS	yy	YY	word_label	yy_10	yy_10	10	0.6417424411839263
sub-26	meta_metaphor	meta_L_pMTG_pSTS	yy	YY	word_label	yy_37	yy_37	37	0.8175729355180299
sub-26	meta_metaphor	meta_L_pMTG_pSTS	yy	YY	word_label	yy_27	yy_27	27	-0.23298880360896337
sub-26	meta_metaphor	meta_L_pMTG_pSTS	yy	YY	word_label	yy_5	yy_5	5	0.5732560004609095
sub-26	meta_metaphor	meta_L_pMTG_pSTS	yy	YY	word_label	yy_19	yy_19	19	0.502504642088414
sub-26	meta_metaphor	meta_L_pMTG_pSTS	yy	YY	word_label	yy_18	yy_18	18	0.8831341679021464
sub-26	meta_metaphor	meta_L_pMTG_pSTS	yy	YY	word_label	yy_35	yy_35	35	0.7913923232451925
sub-26	meta_metaphor	meta_L_pMTG_pSTS	yy	YY	word_label	yy_39	yy_39	39	-0.25856822147865377
sub-26	meta_metaphor	meta_L_pMTG_pSTS	kj	KJ	word_label	kj_37	kj_37	37	-0.21048049882879108
sub-26	meta_metaphor	meta_L_pMTG_pSTS	kj	KJ	word_label	kj_3	kj_3	3	0.5341201712174148
sub-26	meta_metaphor	meta_L_pMTG_pSTS	kj	KJ	word_label	kj_24	kj_24	24	0.6199371956175758
sub-26	meta_metaphor	meta_L_pMTG_pSTS	kj	KJ	word_label	kj_23	kj_23	23	0.620273973961461
sub-26	meta_metaphor	meta_L_pMTG_pSTS	kj	KJ	word_label	kj_12	kj_12	12	0.46655948363853006
sub-26	meta_metaphor	meta_L_pMTG_pSTS	kj	KJ	word_label	kj_5	kj_5	5	0.42086729750121565
sub-26	meta_metaphor	meta_L_pMTG_pSTS	kj	KJ	word_label	kj_22	kj_22	22	0.6320715312406747
sub-26	meta_metaphor	meta_L_pMTG_pSTS	kj	KJ	word_label	kj_26	kj_26	26	0.3699027136456714
sub-26	meta_metaphor	meta_L_pMTG_pSTS	kj	KJ	word_label	kj_21	kj_21	21	-0.6499458504065366
sub-26	meta_metaphor	meta_L_pMTG_pSTS	kj	KJ	word_label	kj_39	kj_39	39	0.37279357600258506
sub-26	meta_metaphor	meta_L_pMTG_pSTS	kj	KJ	word_label	kj_13	kj_13	13	0.7179516652173874
sub-26	meta_metaphor	meta_L_pMTG_pSTS	kj	KJ	word_label	kj_25	kj_25	25	-0.4608166455907289
sub-26	meta_metaphor	meta_L_pMTG_pSTS	kj	KJ	word_label	kj_14	kj_14	14	0.6137314986313321
sub-26	meta_metaphor	meta_L_pMTG_pSTS	kj	KJ	word_label	kj_28	kj_28	28	0.5069248515690766
sub-26	meta_metaphor	meta_L_pMTG_pSTS	kj	KJ	word_label	kj_36	kj_36	36	-0.21314295253660712
sub-26	meta_metaphor	meta_L_pMTG_pSTS	kj	KJ	word_label	kj_10	kj_10	10	0.6575310193341243
sub-26	meta_metaphor	meta_L_pMTG_pSTS	kj	KJ	word_label	kj_8	kj_8	8	0.34189443595077795
sub-26	meta_metaphor	meta_L_pMTG_pSTS	kj	KJ	word_label	kj_38	kj_38	38	0.25299096295481976
sub-26	meta_metaphor	meta_L_pMTG_pSTS	kj	KJ	word_label	kj_17	kj_17	17	-0.7568186879385281
sub-26	meta_metaphor	meta_L_pMTG_pSTS	kj	KJ	word_label	kj_20	kj_20	20	-0.5113890769738283
sub-26	meta_metaphor	meta_L_pMTG_pSTS	kj	KJ	word_label	kj_27	kj_27	27	0.6248400179954275
sub-26	meta_metaphor	meta_L_pMTG_pSTS	kj	KJ	word_label	kj_34	kj_34	34	0.04806777509881652
sub-26	meta_metaphor	meta_L_pMTG_pSTS	kj	KJ	word_label	kj_31	kj_31	31	0.6095308400988164
sub-26	meta_metaphor	meta_L_pMTG_pSTS	kj	KJ	word_label	kj_6	kj_6	6	0.11447239509471797
sub-26	meta_metaphor	meta_L_pMTG_pSTS	kj	KJ	word_label	kj_11	kj_11	11	0.779924644051663
sub-26	meta_metaphor	meta_L_pMTG_pSTS	kj	KJ	word_label	kj_2	kj_2	2	0.46682845642650267
sub-26	meta_metaphor	meta_L_pMTG_pSTS	kj	KJ	word_label	kj_15	kj_15	15	0.6634190939286522
sub-26	meta_metaphor	meta_L_pMTG_pSTS	kj	KJ	word_label	kj_29	kj_29	29	0.09547541308655105
sub-26	meta_metaphor	meta_L_pMTG_pSTS	kj	KJ	word_label	kj_19	kj_19	19	0.109411607033159
sub-26	meta_metaphor	meta_L_pMTG_pSTS	kj	KJ	word_label	kj_16	kj_16	16	0.5903595010279659
sub-26	meta_metaphor	meta_L_pMTG_pSTS	kj	KJ	word_label	kj_9	kj_9	9	0.7678610326640635
sub-26	meta_metaphor	meta_L_pMTG_pSTS	kj	KJ	word_label	kj_1	kj_1	1	0.2581249270139395
sub-26	meta_metaphor	meta_L_pMTG_pSTS	kj	KJ	word_label	kj_30	kj_30	30	0.39455188063061963
sub-26	meta_metaphor	meta_L_pMTG_pSTS	kj	KJ	word_label	kj_33	kj_33	33	0.6342200528675296
sub-26	meta_metaphor	meta_L_pMTG_pSTS	kj	KJ	word_label	kj_7	kj_7	7	0.6457320148443791
sub-26	meta_metaphor	meta_L_temporal_pole	yy	YY	word_label	yy_7	yy_7	7	-0.0671468404347909
sub-26	meta_metaphor	meta_L_temporal_pole	yy	YY	word_label	yy_22	yy_22	22	-0.29858322430590445
sub-26	meta_metaphor	meta_L_temporal_pole	yy	YY	word_label	yy_12	yy_12	12	-0.19622981324357025
sub-26	meta_metaphor	meta_L_temporal_pole	yy	YY	word_label	yy_11	yy_11	11	0.05689477134886977
sub-26	meta_metaphor	meta_L_temporal_pole	yy	YY	word_label	yy_40	yy_40	40	-0.14469746113046447
sub-26	meta_metaphor	meta_L_temporal_pole	yy	YY	word_label	yy_33	yy_33	33	-0.3506915294017584
sub-26	meta_metaphor	meta_L_temporal_pole	yy	YY	word_label	yy_26	yy_26	26	-0.764698187101506
sub-26	meta_metaphor	meta_L_temporal_pole	yy	YY	word_label	yy_28	yy_28	28	-0.06494213168828189
sub-26	meta_metaphor	meta_L_temporal_pole	yy	YY	word_label	yy_38	yy_38	38	-0.4325547830061326
sub-26	meta_metaphor	meta_L_temporal_pole	yy	YY	word_label	yy_13	yy_13	13	-0.6795813226589577
sub-26	meta_metaphor	meta_L_temporal_pole	yy	YY	word_label	yy_6	yy_6	6	-0.5189427353032114
sub-26	meta_metaphor	meta_L_temporal_pole	yy	YY	word_label	yy_21	yy_21	21	0.2182057584674181
sub-26	meta_metaphor	meta_L_temporal_pole	yy	YY	word_label	yy_3	yy_3	3	0.24826125621977804
sub-26	meta_metaphor	meta_L_temporal_pole	yy	YY	word_label	yy_2	yy_2	2	0.5401588539975422
sub-26	meta_metaphor	meta_L_temporal_pole	yy	YY	word_label	yy_32	yy_32	32	-0.8172950828169513
sub-26	meta_metaphor	meta_L_temporal_pole	yy	YY	word_label	yy_15	yy_15	15	-0.0365089507998885
sub-26	meta_metaphor	meta_L_temporal_pole	yy	YY	word_label	yy_8	yy_8	8	-0.23532586743574008
sub-26	meta_metaphor	meta_L_temporal_pole	yy	YY	word_label	yy_4	yy_4	4	-0.4570356458442664
sub-26	meta_metaphor	meta_L_temporal_pole	yy	YY	word_label	yy_23	yy_23	23	0.4773315628357468
sub-26	meta_metaphor	meta_L_temporal_pole	yy	YY	word_label	yy_24	yy_24	24	-0.03243145512030898
sub-26	meta_metaphor	meta_L_temporal_pole	yy	YY	word_label	yy_36	yy_36	36	-0.5410354276237072
sub-26	meta_metaphor	meta_L_temporal_pole	yy	YY	word_label	yy_1	yy_1	1	0.03368309330489533
sub-26	meta_metaphor	meta_L_temporal_pole	yy	YY	word_label	yy_14	yy_14	14	-0.5680211099076447
sub-26	meta_metaphor	meta_L_temporal_pole	yy	YY	word_label	yy_16	yy_16	16	-0.194217493396199
sub-26	meta_metaphor	meta_L_temporal_pole	yy	YY	word_label	yy_17	yy_17	17	-0.2803013765000318
sub-26	meta_metaphor	meta_L_temporal_pole	yy	YY	word_label	yy_9	yy_9	9	0.10086226070988288
sub-26	meta_metaphor	meta_L_temporal_pole	yy	YY	word_label	yy_29	yy_29	29	0.1540560447892853
sub-26	meta_metaphor	meta_L_temporal_pole	yy	YY	word_label	yy_10	yy_10	10	-0.381802293084345
sub-26	meta_metaphor	meta_L_temporal_pole	yy	YY	word_label	yy_37	yy_37	37	0.5662711229341624
sub-26	meta_metaphor	meta_L_temporal_pole	yy	YY	word_label	yy_27	yy_27	27	0.23904424991073864
sub-26	meta_metaphor	meta_L_temporal_pole	yy	YY	word_label	yy_5	yy_5	5	0.23377467795355622
sub-26	meta_metaphor	meta_L_temporal_pole	yy	YY	word_label	yy_19	yy_19	19	0.1849640644599012
sub-26	meta_metaphor	meta_L_temporal_pole	yy	YY	word_label	yy_18	yy_18	18	-0.12620348138290025
sub-26	meta_metaphor	meta_L_temporal_pole	yy	YY	word_label	yy_35	yy_35	35	-0.6145910017071365
sub-26	meta_metaphor	meta_L_temporal_pole	yy	YY	word_label	yy_39	yy_39	39	0.2465692074488765
sub-26	meta_metaphor	meta_L_temporal_pole	kj	KJ	word_label	kj_37	kj_37	37	0.219140349021392
sub-26	meta_metaphor	meta_L_temporal_pole	kj	KJ	word_label	kj_3	kj_3	3	0.20599254294953045
sub-26	meta_metaphor	meta_L_temporal_pole	kj	KJ	word_label	kj_24	kj_24	24	-0.5472442092762879
sub-26	meta_metaphor	meta_L_temporal_pole	kj	KJ	word_label	kj_23	kj_23	23	-0.6045735537258385
sub-26	meta_metaphor	meta_L_temporal_pole	kj	KJ	word_label	kj_12	kj_12	12	0.359020983482476
sub-26	meta_metaphor	meta_L_temporal_pole	kj	KJ	word_label	kj_5	kj_5	5	0.13751351772127887
sub-26	meta_metaphor	meta_L_temporal_pole	kj	KJ	word_label	kj_22	kj_22	22	-0.2505641198275873
sub-26	meta_metaphor	meta_L_temporal_pole	kj	KJ	word_label	kj_26	kj_26	26	-0.35333871277723083
sub-26	meta_metaphor	meta_L_temporal_pole	kj	KJ	word_label	kj_21	kj_21	21	-0.4617317294649392
sub-26	meta_metaphor	meta_L_temporal_pole	kj	KJ	word_label	kj_39	kj_39	39	0.098087373035748
sub-26	meta_metaphor	meta_L_temporal_pole	kj	KJ	word_label	kj_13	kj_13	13	-0.3596637023766172
sub-26	meta_metaphor	meta_L_temporal_pole	kj	KJ	word_label	kj_25	kj_25	25	0.08659231201026318
sub-26	meta_metaphor	meta_L_temporal_pole	kj	KJ	word_label	kj_14	kj_14	14	0.2500643026211038
sub-26	meta_metaphor	meta_L_temporal_pole	kj	KJ	word_label	kj_28	kj_28	28	0.37401994431528335
sub-26	meta_metaphor	meta_L_temporal_pole	kj	KJ	word_label	kj_36	kj_36	36	-0.07966036805864626
sub-26	meta_metaphor	meta_L_temporal_pole	kj	KJ	word_label	kj_10	kj_10	10	-0.32593560033274216
sub-26	meta_metaphor	meta_L_temporal_pole	kj	KJ	word_label	kj_8	kj_8	8	0.3422483164620378
sub-26	meta_metaphor	meta_L_temporal_pole	kj	KJ	word_label	kj_38	kj_38	38	0.2994824577710047
sub-26	meta_metaphor	meta_L_temporal_pole	kj	KJ	word_label	kj_17	kj_17	17	0.06988385364611624
sub-26	meta_metaphor	meta_L_temporal_pole	kj	KJ	word_label	kj_20	kj_20	20	0.04067764960460424
sub-26	meta_metaphor	meta_L_temporal_pole	kj	KJ	word_label	kj_27	kj_27	27	-0.00963645234232218
sub-26	meta_metaphor	meta_L_temporal_pole	kj	KJ	word_label	kj_34	kj_34	34	0.2542332161132932
sub-26	meta_metaphor	meta_L_temporal_pole	kj	KJ	word_label	kj_31	kj_31	31	0.269098599904865
sub-26	meta_metaphor	meta_L_temporal_pole	kj	KJ	word_label	kj_6	kj_6	6	-0.188649218755841
sub-26	meta_metaphor	meta_L_temporal_pole	kj	KJ	word_label	kj_11	kj_11	11	-0.3802473966811917
sub-26	meta_metaphor	meta_L_temporal_pole	kj	KJ	word_label	kj_2	kj_2	2	-0.5957755318690269
sub-26	meta_metaphor	meta_L_temporal_pole	kj	KJ	word_label	kj_15	kj_15	15	0.10300534385363676
sub-26	meta_metaphor	meta_L_temporal_pole	kj	KJ	word_label	kj_29	kj_29	29	0.6606814970430229
sub-26	meta_metaphor	meta_L_temporal_pole	kj	KJ	word_label	kj_19	kj_19	19	0.295811697087498
sub-26	meta_metaphor	meta_L_temporal_pole	kj	KJ	word_label	kj_16	kj_16	16	0.43683304302410886
sub-26	meta_metaphor	meta_L_temporal_pole	kj	KJ	word_label	kj_9	kj_9	9	-0.06815994790172496
sub-26	meta_metaphor	meta_L_temporal_pole	kj	KJ	word_label	kj_1	kj_1	1	0.18800477684561442
sub-26	meta_metaphor	meta_L_temporal_pole	kj	KJ	word_label	kj_30	kj_30	30	-0.5299033930132199
sub-26	meta_metaphor	meta_L_temporal_pole	kj	KJ	word_label	kj_33	kj_33	33	-0.27689022268137836
sub-26	meta_metaphor	meta_L_temporal_pole	kj	KJ	word_label	kj_7	kj_7	7	0.4514778193192853
sub-26	meta_metaphor	meta_R_AG	yy	YY	word_label	yy_7	yy_7	7	0.6904938813126521
sub-26	meta_metaphor	meta_R_AG	yy	YY	word_label	yy_22	yy_22	22	-0.509573204299227
sub-26	meta_metaphor	meta_R_AG	yy	YY	word_label	yy_12	yy_12	12	0.0029863198298929507
sub-26	meta_metaphor	meta_R_AG	yy	YY	word_label	yy_11	yy_11	11	-0.23120951178458352
sub-26	meta_metaphor	meta_R_AG	yy	YY	word_label	yy_40	yy_40	40	-0.29810530729189155
sub-26	meta_metaphor	meta_R_AG	yy	YY	word_label	yy_33	yy_33	33	-0.48779390626146274
sub-26	meta_metaphor	meta_R_AG	yy	YY	word_label	yy_26	yy_26	26	-0.19237676875954351
sub-26	meta_metaphor	meta_R_AG	yy	YY	word_label	yy_28	yy_28	28	-0.629630832223944
sub-26	meta_metaphor	meta_R_AG	yy	YY	word_label	yy_38	yy_38	38	0.6809815096834799
sub-26	meta_metaphor	meta_R_AG	yy	YY	word_label	yy_13	yy_13	13	-0.13497250414193762
sub-26	meta_metaphor	meta_R_AG	yy	YY	word_label	yy_6	yy_6	6	0.14010206763322658
sub-26	meta_metaphor	meta_R_AG	yy	YY	word_label	yy_21	yy_21	21	-0.37629664445578054
sub-26	meta_metaphor	meta_R_AG	yy	YY	word_label	yy_3	yy_3	3	0.0004061420116925128
sub-26	meta_metaphor	meta_R_AG	yy	YY	word_label	yy_2	yy_2	2	-0.4150229708640016
sub-26	meta_metaphor	meta_R_AG	yy	YY	word_label	yy_32	yy_32	32	0.6301802369064071
sub-26	meta_metaphor	meta_R_AG	yy	YY	word_label	yy_15	yy_15	15	0.259401372920298
sub-26	meta_metaphor	meta_R_AG	yy	YY	word_label	yy_8	yy_8	8	0.24180071939678446
sub-26	meta_metaphor	meta_R_AG	yy	YY	word_label	yy_4	yy_4	4	-0.5535286742895307
sub-26	meta_metaphor	meta_R_AG	yy	YY	word_label	yy_23	yy_23	23	-0.4162309418242071
sub-26	meta_metaphor	meta_R_AG	yy	YY	word_label	yy_24	yy_24	24	-0.2613009180863096
sub-26	meta_metaphor	meta_R_AG	yy	YY	word_label	yy_36	yy_36	36	-0.21252789065297056
sub-26	meta_metaphor	meta_R_AG	yy	YY	word_label	yy_1	yy_1	1	0.40637302268105757
sub-26	meta_metaphor	meta_R_AG	yy	YY	word_label	yy_14	yy_14	14	-0.25606011277742663
sub-26	meta_metaphor	meta_R_AG	yy	YY	word_label	yy_16	yy_16	16	-0.4163564553405068
sub-26	meta_metaphor	meta_R_AG	yy	YY	word_label	yy_17	yy_17	17	0.7445819646050325
sub-26	meta_metaphor	meta_R_AG	yy	YY	word_label	yy_9	yy_9	9	0.35875536461956176
sub-26	meta_metaphor	meta_R_AG	yy	YY	word_label	yy_29	yy_29	29	0.631575382207947
sub-26	meta_metaphor	meta_R_AG	yy	YY	word_label	yy_10	yy_10	10	-0.4294371984903964
sub-26	meta_metaphor	meta_R_AG	yy	YY	word_label	yy_37	yy_37	37	-0.08513487685884864
sub-26	meta_metaphor	meta_R_AG	yy	YY	word_label	yy_27	yy_27	27	0.7482380800192808
sub-26	meta_metaphor	meta_R_AG	yy	YY	word_label	yy_5	yy_5	5	0.3043321366182119
sub-26	meta_metaphor	meta_R_AG	yy	YY	word_label	yy_19	yy_19	19	0.5845050411750934
sub-26	meta_metaphor	meta_R_AG	yy	YY	word_label	yy_18	yy_18	18	-0.6038422128859148
sub-26	meta_metaphor	meta_R_AG	yy	YY	word_label	yy_35	yy_35	35	-0.04162604088466712
sub-26	meta_metaphor	meta_R_AG	yy	YY	word_label	yy_39	yy_39	39	0.16400786331735248
sub-26	meta_metaphor	meta_R_AG	kj	KJ	word_label	kj_37	kj_37	37	0.3754080601935327
sub-26	meta_metaphor	meta_R_AG	kj	KJ	word_label	kj_3	kj_3	3	-0.41022444265255203
sub-26	meta_metaphor	meta_R_AG	kj	KJ	word_label	kj_24	kj_24	24	0.37457186921566454
sub-26	meta_metaphor	meta_R_AG	kj	KJ	word_label	kj_23	kj_23	23	0.11345345024515259
sub-26	meta_metaphor	meta_R_AG	kj	KJ	word_label	kj_12	kj_12	12	-0.029674504903441163
sub-26	meta_metaphor	meta_R_AG	kj	KJ	word_label	kj_5	kj_5	5	0.4092035438689356
sub-26	meta_metaphor	meta_R_AG	kj	KJ	word_label	kj_22	kj_22	22	-0.2972881728404951
sub-26	meta_metaphor	meta_R_AG	kj	KJ	word_label	kj_26	kj_26	26	-0.10913997448921446
sub-26	meta_metaphor	meta_R_AG	kj	KJ	word_label	kj_21	kj_21	21	0.03428871919908438
sub-26	meta_metaphor	meta_R_AG	kj	KJ	word_label	kj_39	kj_39	39	-0.4488287226221509
sub-26	meta_metaphor	meta_R_AG	kj	KJ	word_label	kj_13	kj_13	13	0.14324572366659916
sub-26	meta_metaphor	meta_R_AG	kj	KJ	word_label	kj_25	kj_25	25	0.12020764740873123
sub-26	meta_metaphor	meta_R_AG	kj	KJ	word_label	kj_14	kj_14	14	-0.39113802123247116
sub-26	meta_metaphor	meta_R_AG	kj	KJ	word_label	kj_28	kj_28	28	-0.054315045669368074
sub-26	meta_metaphor	meta_R_AG	kj	KJ	word_label	kj_36	kj_36	36	-0.6593425363932663
sub-26	meta_metaphor	meta_R_AG	kj	KJ	word_label	kj_10	kj_10	10	0.08305514122627036
sub-26	meta_metaphor	meta_R_AG	kj	KJ	word_label	kj_8	kj_8	8	-0.46554691505476187
sub-26	meta_metaphor	meta_R_AG	kj	KJ	word_label	kj_38	kj_38	38	0.1530238621203829
sub-26	meta_metaphor	meta_R_AG	kj	KJ	word_label	kj_17	kj_17	17	0.5895208888753732
sub-26	meta_metaphor	meta_R_AG	kj	KJ	word_label	kj_20	kj_20	20	0.24362234055878895
sub-26	meta_metaphor	meta_R_AG	kj	KJ	word_label	kj_27	kj_27	27	0.02734398989495569
sub-26	meta_metaphor	meta_R_AG	kj	KJ	word_label	kj_34	kj_34	34	-0.06883155807983472
sub-26	meta_metaphor	meta_R_AG	kj	KJ	word_label	kj_31	kj_31	31	0.4948294998643865
sub-26	meta_metaphor	meta_R_AG	kj	KJ	word_label	kj_6	kj_6	6	0.1720808417739038
sub-26	meta_metaphor	meta_R_AG	kj	KJ	word_label	kj_11	kj_11	11	-0.13470937046377007
sub-26	meta_metaphor	meta_R_AG	kj	KJ	word_label	kj_2	kj_2	2	-0.41247978721081424
sub-26	meta_metaphor	meta_R_AG	kj	KJ	word_label	kj_15	kj_15	15	-0.4534829874766526
sub-26	meta_metaphor	meta_R_AG	kj	KJ	word_label	kj_29	kj_29	29	-0.04158114288644955
sub-26	meta_metaphor	meta_R_AG	kj	KJ	word_label	kj_19	kj_19	19	-0.6851121080339424
sub-26	meta_metaphor	meta_R_AG	kj	KJ	word_label	kj_16	kj_16	16	0.3031251739429222
sub-26	meta_metaphor	meta_R_AG	kj	KJ	word_label	kj_9	kj_9	9	-0.22505053140145237
sub-26	meta_metaphor	meta_R_AG	kj	KJ	word_label	kj_1	kj_1	1	0.25437383668638014
sub-26	meta_metaphor	meta_R_AG	kj	KJ	word_label	kj_30	kj_30	30	-0.3426170870858514
sub-26	meta_metaphor	meta_R_AG	kj	KJ	word_label	kj_33	kj_33	33	-0.18964015831788053
sub-26	meta_metaphor	meta_R_AG	kj	KJ	word_label	kj_7	kj_7	7	-0.02674237562555704
sub-26	meta_metaphor	meta_R_IFG	yy	YY	word_label	yy_7	yy_7	7	0.6157421085068455
sub-26	meta_metaphor	meta_R_IFG	yy	YY	word_label	yy_22	yy_22	22	-0.26678333355774597
sub-26	meta_metaphor	meta_R_IFG	yy	YY	word_label	yy_12	yy_12	12	0.15645185716386878
sub-26	meta_metaphor	meta_R_IFG	yy	YY	word_label	yy_11	yy_11	11	0.11643713073905138
sub-26	meta_metaphor	meta_R_IFG	yy	YY	word_label	yy_40	yy_40	40	0.5577497089717666
sub-26	meta_metaphor	meta_R_IFG	yy	YY	word_label	yy_33	yy_33	33	-0.6044188503821616
sub-26	meta_metaphor	meta_R_IFG	yy	YY	word_label	yy_26	yy_26	26	-0.04305110020351457
sub-26	meta_metaphor	meta_R_IFG	yy	YY	word_label	yy_28	yy_28	28	0.3746764375697076
sub-26	meta_metaphor	meta_R_IFG	yy	YY	word_label	yy_38	yy_38	38	-0.28088863208988635
sub-26	meta_metaphor	meta_R_IFG	yy	YY	word_label	yy_13	yy_13	13	0.18460657597916946
sub-26	meta_metaphor	meta_R_IFG	yy	YY	word_label	yy_6	yy_6	6	-0.4600062668583702
sub-26	meta_metaphor	meta_R_IFG	yy	YY	word_label	yy_21	yy_21	21	0.37512859718650515
sub-26	meta_metaphor	meta_R_IFG	yy	YY	word_label	yy_3	yy_3	3	0.4200135800238734
sub-26	meta_metaphor	meta_R_IFG	yy	YY	word_label	yy_2	yy_2	2	-0.5379003513286754
sub-26	meta_metaphor	meta_R_IFG	yy	YY	word_label	yy_32	yy_32	32	-0.31468751669056505
sub-26	meta_metaphor	meta_R_IFG	yy	YY	word_label	yy_15	yy_15	15	0.3717261883284393
sub-26	meta_metaphor	meta_R_IFG	yy	YY	word_label	yy_8	yy_8	8	0.5594872672672533
sub-26	meta_metaphor	meta_R_IFG	yy	YY	word_label	yy_4	yy_4	4	-0.3870297490094109
sub-26	meta_metaphor	meta_R_IFG	yy	YY	word_label	yy_23	yy_23	23	-0.25331800931913123
sub-26	meta_metaphor	meta_R_IFG	yy	YY	word_label	yy_24	yy_24	24	0.14034101774855523
sub-26	meta_metaphor	meta_R_IFG	yy	YY	word_label	yy_36	yy_36	36	0.21382193249445458
sub-26	meta_metaphor	meta_R_IFG	yy	YY	word_label	yy_1	yy_1	1	0.21136333130535853
sub-26	meta_metaphor	meta_R_IFG	yy	YY	word_label	yy_14	yy_14	14	0.4566415706769785
sub-26	meta_metaphor	meta_R_IFG	yy	YY	word_label	yy_16	yy_16	16	0.33965353129090065
sub-26	meta_metaphor	meta_R_IFG	yy	YY	word_label	yy_17	yy_17	17	0.17012546381106466
sub-26	meta_metaphor	meta_R_IFG	yy	YY	word_label	yy_9	yy_9	9	-0.4486709949877322
sub-26	meta_metaphor	meta_R_IFG	yy	YY	word_label	yy_29	yy_29	29	0.6161312721885855
sub-26	meta_metaphor	meta_R_IFG	yy	YY	word_label	yy_10	yy_10	10	0.04706881086143023
sub-26	meta_metaphor	meta_R_IFG	yy	YY	word_label	yy_37	yy_37	37	0.4462902475505731
sub-26	meta_metaphor	meta_R_IFG	yy	YY	word_label	yy_27	yy_27	27	-0.31174300843401354
sub-26	meta_metaphor	meta_R_IFG	yy	YY	word_label	yy_5	yy_5	5	0.3284431444706113
sub-26	meta_metaphor	meta_R_IFG	yy	YY	word_label	yy_19	yy_19	19	0.20515709517813033
sub-26	meta_metaphor	meta_R_IFG	yy	YY	word_label	yy_18	yy_18	18	-0.4689838347946679
sub-26	meta_metaphor	meta_R_IFG	yy	YY	word_label	yy_35	yy_35	35	-0.6692476768453425
sub-26	meta_metaphor	meta_R_IFG	yy	YY	word_label	yy_39	yy_39	39	0.38639739351218516
sub-26	meta_metaphor	meta_R_IFG	kj	KJ	word_label	kj_37	kj_37	37	-0.0381230397729572
sub-26	meta_metaphor	meta_R_IFG	kj	KJ	word_label	kj_3	kj_3	3	0.4456582924506591
sub-26	meta_metaphor	meta_R_IFG	kj	KJ	word_label	kj_24	kj_24	24	0.20999665735478923
sub-26	meta_metaphor	meta_R_IFG	kj	KJ	word_label	kj_23	kj_23	23	0.09518330104709544
sub-26	meta_metaphor	meta_R_IFG	kj	KJ	word_label	kj_12	kj_12	12	-0.4287988542063698
sub-26	meta_metaphor	meta_R_IFG	kj	KJ	word_label	kj_5	kj_5	5	0.38172675112663496
sub-26	meta_metaphor	meta_R_IFG	kj	KJ	word_label	kj_22	kj_22	22	0.15830393180079796
sub-26	meta_metaphor	meta_R_IFG	kj	KJ	word_label	kj_26	kj_26	26	0.4542732278970181
sub-26	meta_metaphor	meta_R_IFG	kj	KJ	word_label	kj_21	kj_21	21	0.291739258367974
sub-26	meta_metaphor	meta_R_IFG	kj	KJ	word_label	kj_39	kj_39	39	-0.05552117500372619
sub-26	meta_metaphor	meta_R_IFG	kj	KJ	word_label	kj_13	kj_13	13	0.30431930464970935
sub-26	meta_metaphor	meta_R_IFG	kj	KJ	word_label	kj_25	kj_25	25	-0.10037555104769656
sub-26	meta_metaphor	meta_R_IFG	kj	KJ	word_label	kj_14	kj_14	14	0.32932177115432765
sub-26	meta_metaphor	meta_R_IFG	kj	KJ	word_label	kj_28	kj_28	28	-0.12167469979501049
sub-26	meta_metaphor	meta_R_IFG	kj	KJ	word_label	kj_36	kj_36	36	-0.1848372203260419
sub-26	meta_metaphor	meta_R_IFG	kj	KJ	word_label	kj_10	kj_10	10	0.5849475338839872
sub-26	meta_metaphor	meta_R_IFG	kj	KJ	word_label	kj_8	kj_8	8	0.20365019647599744
sub-26	meta_metaphor	meta_R_IFG	kj	KJ	word_label	kj_38	kj_38	38	0.3719609831744545
sub-26	meta_metaphor	meta_R_IFG	kj	KJ	word_label	kj_17	kj_17	17	-0.07371795687690963
sub-26	meta_metaphor	meta_R_IFG	kj	KJ	word_label	kj_20	kj_20	20	0.5071596787616144
sub-26	meta_metaphor	meta_R_IFG	kj	KJ	word_label	kj_27	kj_27	27	-0.07183293920553786
sub-26	meta_metaphor	meta_R_IFG	kj	KJ	word_label	kj_34	kj_34	34	-0.010867630908952168
sub-26	meta_metaphor	meta_R_IFG	kj	KJ	word_label	kj_31	kj_31	31	0.2525797875146765
sub-26	meta_metaphor	meta_R_IFG	kj	KJ	word_label	kj_6	kj_6	6	-0.3774930841207304
sub-26	meta_metaphor	meta_R_IFG	kj	KJ	word_label	kj_11	kj_11	11	0.16259747369770822
sub-26	meta_metaphor	meta_R_IFG	kj	KJ	word_label	kj_2	kj_2	2	-0.34237551035839753
sub-26	meta_metaphor	meta_R_IFG	kj	KJ	word_label	kj_15	kj_15	15	-0.477436845985042
sub-26	meta_metaphor	meta_R_IFG	kj	KJ	word_label	kj_29	kj_29	29	0.13787917341564815
sub-26	meta_metaphor	meta_R_IFG	kj	KJ	word_label	kj_19	kj_19	19	0.09941878948456115
sub-26	meta_metaphor	meta_R_IFG	kj	KJ	word_label	kj_16	kj_16	16	0.30751689854434594
sub-26	meta_metaphor	meta_R_IFG	kj	KJ	word_label	kj_9	kj_9	9	-0.5277258803778594
sub-26	meta_metaphor	meta_R_IFG	kj	KJ	word_label	kj_1	kj_1	1	-0.12417096018432476
sub-26	meta_metaphor	meta_R_IFG	kj	KJ	word_label	kj_30	kj_30	30	-0.3223793080519344
sub-26	meta_metaphor	meta_R_IFG	kj	KJ	word_label	kj_33	kj_33	33	0.46856246048345007
sub-26	meta_metaphor	meta_R_IFG	kj	KJ	word_label	kj_7	kj_7	7	0.4870504018396477
sub-26	meta_metaphor	meta_R_pMTG_pSTS	yy	YY	word_label	yy_7	yy_7	7	0.5412384681242736
sub-26	meta_metaphor	meta_R_pMTG_pSTS	yy	YY	word_label	yy_22	yy_22	22	-0.2707592106739788
sub-26	meta_metaphor	meta_R_pMTG_pSTS	yy	YY	word_label	yy_12	yy_12	12	0.016575486322028515
sub-26	meta_metaphor	meta_R_pMTG_pSTS	yy	YY	word_label	yy_11	yy_11	11	-0.07321777835241428
sub-26	meta_metaphor	meta_R_pMTG_pSTS	yy	YY	word_label	yy_40	yy_40	40	0.15086564110636685
sub-26	meta_metaphor	meta_R_pMTG_pSTS	yy	YY	word_label	yy_33	yy_33	33	0.06189300064645674
sub-26	meta_metaphor	meta_R_pMTG_pSTS	yy	YY	word_label	yy_26	yy_26	26	-0.26674899663403406
sub-26	meta_metaphor	meta_R_pMTG_pSTS	yy	YY	word_label	yy_28	yy_28	28	-0.03274106418908019
sub-26	meta_metaphor	meta_R_pMTG_pSTS	yy	YY	word_label	yy_38	yy_38	38	-0.15527088973540712
sub-26	meta_metaphor	meta_R_pMTG_pSTS	yy	YY	word_label	yy_13	yy_13	13	-0.12777475811961214
sub-26	meta_metaphor	meta_R_pMTG_pSTS	yy	YY	word_label	yy_6	yy_6	6	-0.038306036087411295
sub-26	meta_metaphor	meta_R_pMTG_pSTS	yy	YY	word_label	yy_21	yy_21	21	-0.19312376618721497
sub-26	meta_metaphor	meta_R_pMTG_pSTS	yy	YY	word_label	yy_3	yy_3	3	-0.31806626282279776
sub-26	meta_metaphor	meta_R_pMTG_pSTS	yy	YY	word_label	yy_2	yy_2	2	-0.22769702594636612
sub-26	meta_metaphor	meta_R_pMTG_pSTS	yy	YY	word_label	yy_32	yy_32	32	0.13695931204498885
sub-26	meta_metaphor	meta_R_pMTG_pSTS	yy	YY	word_label	yy_15	yy_15	15	-0.11188433718500279
sub-26	meta_metaphor	meta_R_pMTG_pSTS	yy	YY	word_label	yy_8	yy_8	8	-0.09098066213953782
sub-26	meta_metaphor	meta_R_pMTG_pSTS	yy	YY	word_label	yy_4	yy_4	4	-0.4294725075150765
sub-26	meta_metaphor	meta_R_pMTG_pSTS	yy	YY	word_label	yy_23	yy_23	23	-0.47606929740492154
sub-26	meta_metaphor	meta_R_pMTG_pSTS	yy	YY	word_label	yy_24	yy_24	24	-0.17417642716404072
sub-26	meta_metaphor	meta_R_pMTG_pSTS	yy	YY	word_label	yy_36	yy_36	36	-0.10276787063451553
sub-26	meta_metaphor	meta_R_pMTG_pSTS	yy	YY	word_label	yy_1	yy_1	1	-0.0293873681376492
sub-26	meta_metaphor	meta_R_pMTG_pSTS	yy	YY	word_label	yy_14	yy_14	14	0.07409002413385321
sub-26	meta_metaphor	meta_R_pMTG_pSTS	yy	YY	word_label	yy_16	yy_16	16	-0.3342877843568091
sub-26	meta_metaphor	meta_R_pMTG_pSTS	yy	YY	word_label	yy_17	yy_17	17	0.3091828588647707
sub-26	meta_metaphor	meta_R_pMTG_pSTS	yy	YY	word_label	yy_9	yy_9	9	-0.34082570377980315
sub-26	meta_metaphor	meta_R_pMTG_pSTS	yy	YY	word_label	yy_29	yy_29	29	0.40846857069645953
sub-26	meta_metaphor	meta_R_pMTG_pSTS	yy	YY	word_label	yy_10	yy_10	10	-0.35311181003272635
sub-26	meta_metaphor	meta_R_pMTG_pSTS	yy	YY	word_label	yy_37	yy_37	37	-0.21657980711030977
sub-26	meta_metaphor	meta_R_pMTG_pSTS	yy	YY	word_label	yy_27	yy_27	27	0.5721217944872131
sub-26	meta_metaphor	meta_R_pMTG_pSTS	yy	YY	word_label	yy_5	yy_5	5	0.18522109241311022
sub-26	meta_metaphor	meta_R_pMTG_pSTS	yy	YY	word_label	yy_19	yy_19	19	-0.3064907760305001
sub-26	meta_metaphor	meta_R_pMTG_pSTS	yy	YY	word_label	yy_18	yy_18	18	-0.12018199943371988
sub-26	meta_metaphor	meta_R_pMTG_pSTS	yy	YY	word_label	yy_35	yy_35	35	-0.12263754894530182
sub-26	meta_metaphor	meta_R_pMTG_pSTS	yy	YY	word_label	yy_39	yy_39	39	0.17735614502329425
sub-26	meta_metaphor	meta_R_pMTG_pSTS	kj	KJ	word_label	kj_37	kj_37	37	-0.16832484271094109
sub-26	meta_metaphor	meta_R_pMTG_pSTS	kj	KJ	word_label	kj_3	kj_3	3	-0.22577661892396828
sub-26	meta_metaphor	meta_R_pMTG_pSTS	kj	KJ	word_label	kj_24	kj_24	24	0.009411516122871947
sub-26	meta_metaphor	meta_R_pMTG_pSTS	kj	KJ	word_label	kj_23	kj_23	23	-0.23717105436601765
sub-26	meta_metaphor	meta_R_pMTG_pSTS	kj	KJ	word_label	kj_12	kj_12	12	-0.22722381326642124
sub-26	meta_metaphor	meta_R_pMTG_pSTS	kj	KJ	word_label	kj_5	kj_5	5	0.1582910529387661
sub-26	meta_metaphor	meta_R_pMTG_pSTS	kj	KJ	word_label	kj_22	kj_22	22	0.01334787705959437
sub-26	meta_metaphor	meta_R_pMTG_pSTS	kj	KJ	word_label	kj_26	kj_26	26	0.04370618799226299
sub-26	meta_metaphor	meta_R_pMTG_pSTS	kj	KJ	word_label	kj_21	kj_21	21	0.09735482170680226
sub-26	meta_metaphor	meta_R_pMTG_pSTS	kj	KJ	word_label	kj_39	kj_39	39	-0.02512095963567772
sub-26	meta_metaphor	meta_R_pMTG_pSTS	kj	KJ	word_label	kj_13	kj_13	13	-0.20287499983385013
sub-26	meta_metaphor	meta_R_pMTG_pSTS	kj	KJ	word_label	kj_25	kj_25	25	-0.09846277174373692
sub-26	meta_metaphor	meta_R_pMTG_pSTS	kj	KJ	word_label	kj_14	kj_14	14	-0.5402963836441662
sub-26	meta_metaphor	meta_R_pMTG_pSTS	kj	KJ	word_label	kj_28	kj_28	28	-0.06593501261611764
sub-26	meta_metaphor	meta_R_pMTG_pSTS	kj	KJ	word_label	kj_36	kj_36	36	-0.18428725775308452
sub-26	meta_metaphor	meta_R_pMTG_pSTS	kj	KJ	word_label	kj_10	kj_10	10	-0.20623348824146095
sub-26	meta_metaphor	meta_R_pMTG_pSTS	kj	KJ	word_label	kj_8	kj_8	8	0.19177424449889935
sub-26	meta_metaphor	meta_R_pMTG_pSTS	kj	KJ	word_label	kj_38	kj_38	38	-0.12065116967091032
sub-26	meta_metaphor	meta_R_pMTG_pSTS	kj	KJ	word_label	kj_17	kj_17	17	-0.2116277246057352
sub-26	meta_metaphor	meta_R_pMTG_pSTS	kj	KJ	word_label	kj_20	kj_20	20	0.018779755173414365
sub-26	meta_metaphor	meta_R_pMTG_pSTS	kj	KJ	word_label	kj_27	kj_27	27	-0.24612136990398548
sub-26	meta_metaphor	meta_R_pMTG_pSTS	kj	KJ	word_label	kj_34	kj_34	34	-0.2895658995566399
sub-26	meta_metaphor	meta_R_pMTG_pSTS	kj	KJ	word_label	kj_31	kj_31	31	-0.08913857904343023
sub-26	meta_metaphor	meta_R_pMTG_pSTS	kj	KJ	word_label	kj_6	kj_6	6	-0.015761977437166355
sub-26	meta_metaphor	meta_R_pMTG_pSTS	kj	KJ	word_label	kj_11	kj_11	11	0.07074273379393672
sub-26	meta_metaphor	meta_R_pMTG_pSTS	kj	KJ	word_label	kj_2	kj_2	2	0.40361852967827944
sub-26	meta_metaphor	meta_R_pMTG_pSTS	kj	KJ	word_label	kj_15	kj_15	15	-0.10369105233760184
sub-26	meta_metaphor	meta_R_pMTG_pSTS	kj	KJ	word_label	kj_29	kj_29	29	-0.28261155799173165
sub-26	meta_metaphor	meta_R_pMTG_pSTS	kj	KJ	word_label	kj_19	kj_19	19	-0.42225398158859495
sub-26	meta_metaphor	meta_R_pMTG_pSTS	kj	KJ	word_label	kj_16	kj_16	16	0.4106631831179776
sub-26	meta_metaphor	meta_R_pMTG_pSTS	kj	KJ	word_label	kj_9	kj_9	9	0.120071024123477
sub-26	meta_metaphor	meta_R_pMTG_pSTS	kj	KJ	word_label	kj_1	kj_1	1	-0.168480022305283
sub-26	meta_metaphor	meta_R_pMTG_pSTS	kj	KJ	word_label	kj_30	kj_30	30	0.1767074841089272
sub-26	meta_metaphor	meta_R_pMTG_pSTS	kj	KJ	word_label	kj_33	kj_33	33	0.0064261947232851346
sub-26	meta_metaphor	meta_R_pMTG_pSTS	kj	KJ	word_label	kj_7	kj_7	7	-0.4821175419572996
sub-26	meta_metaphor	meta_R_temporal_pole	yy	YY	word_label	yy_7	yy_7	7	0.698122334934896
sub-26	meta_metaphor	meta_R_temporal_pole	yy	YY	word_label	yy_22	yy_22	22	0.6300287825728975
sub-26	meta_metaphor	meta_R_temporal_pole	yy	YY	word_label	yy_12	yy_12	12	-0.476648194684852
sub-26	meta_metaphor	meta_R_temporal_pole	yy	YY	word_label	yy_11	yy_11	11	-0.05639012092377936
sub-26	meta_metaphor	meta_R_temporal_pole	yy	YY	word_label	yy_40	yy_40	40	-0.27800677966095866
sub-26	meta_metaphor	meta_R_temporal_pole	yy	YY	word_label	yy_33	yy_33	33	0.5304197345284557
sub-26	meta_metaphor	meta_R_temporal_pole	yy	YY	word_label	yy_26	yy_26	26	-0.5093748749764855
sub-26	meta_metaphor	meta_R_temporal_pole	yy	YY	word_label	yy_28	yy_28	28	0.33051725531451615
sub-26	meta_metaphor	meta_R_temporal_pole	yy	YY	word_label	yy_38	yy_38	38	0.02780872559059327
sub-26	meta_metaphor	meta_R_temporal_pole	yy	YY	word_label	yy_13	yy_13	13	-0.09038053547243383
sub-26	meta_metaphor	meta_R_temporal_pole	yy	YY	word_label	yy_6	yy_6	6	0.02905560549953431
sub-26	meta_metaphor	meta_R_temporal_pole	yy	YY	word_label	yy_21	yy_21	21	0.5360232927523195
sub-26	meta_metaphor	meta_R_temporal_pole	yy	YY	word_label	yy_3	yy_3	3	0.3397243286058565
sub-26	meta_metaphor	meta_R_temporal_pole	yy	YY	word_label	yy_2	yy_2	2	0.4077887873357768
sub-26	meta_metaphor	meta_R_temporal_pole	yy	YY	word_label	yy_32	yy_32	32	0.4628056062309969
sub-26	meta_metaphor	meta_R_temporal_pole	yy	YY	word_label	yy_15	yy_15	15	0.5664574666073775
sub-26	meta_metaphor	meta_R_temporal_pole	yy	YY	word_label	yy_8	yy_8	8	0.5570795660481357
sub-26	meta_metaphor	meta_R_temporal_pole	yy	YY	word_label	yy_4	yy_4	4	-0.4225117425928922
sub-26	meta_metaphor	meta_R_temporal_pole	yy	YY	word_label	yy_23	yy_23	23	-0.6378434051754401
sub-26	meta_metaphor	meta_R_temporal_pole	yy	YY	word_label	yy_24	yy_24	24	0.5136784521095697
sub-26	meta_metaphor	meta_R_temporal_pole	yy	YY	word_label	yy_36	yy_36	36	0.6447085953614401
sub-26	meta_metaphor	meta_R_temporal_pole	yy	YY	word_label	yy_1	yy_1	1	-0.23305117896069086
sub-26	meta_metaphor	meta_R_temporal_pole	yy	YY	word_label	yy_14	yy_14	14	-0.14464223951744123
sub-26	meta_metaphor	meta_R_temporal_pole	yy	YY	word_label	yy_16	yy_16	16	0.4474242400635845
sub-26	meta_metaphor	meta_R_temporal_pole	yy	YY	word_label	yy_17	yy_17	17	-0.08968201940399621
sub-26	meta_metaphor	meta_R_temporal_pole	yy	YY	word_label	yy_9	yy_9	9	0.3674797031676074
sub-26	meta_metaphor	meta_R_temporal_pole	yy	YY	word_label	yy_29	yy_29	29	0.42437010596456626
sub-26	meta_metaphor	meta_R_temporal_pole	yy	YY	word_label	yy_10	yy_10	10	0.45921419969833455
sub-26	meta_metaphor	meta_R_temporal_pole	yy	YY	word_label	yy_37	yy_37	37	-0.5013258890849599
sub-26	meta_metaphor	meta_R_temporal_pole	yy	YY	word_label	yy_27	yy_27	27	0.670594203489779
sub-26	meta_metaphor	meta_R_temporal_pole	yy	YY	word_label	yy_5	yy_5	5	0.32437593384016467
sub-26	meta_metaphor	meta_R_temporal_pole	yy	YY	word_label	yy_19	yy_19	19	0.4052007268275819
sub-26	meta_metaphor	meta_R_temporal_pole	yy	YY	word_label	yy_18	yy_18	18	-0.2667478735861164
sub-26	meta_metaphor	meta_R_temporal_pole	yy	YY	word_label	yy_35	yy_35	35	-0.5420209488069151
sub-26	meta_metaphor	meta_R_temporal_pole	yy	YY	word_label	yy_39	yy_39	39	0.07962018181463049
sub-26	meta_metaphor	meta_R_temporal_pole	kj	KJ	word_label	kj_37	kj_37	37	-0.143320709006483
sub-26	meta_metaphor	meta_R_temporal_pole	kj	KJ	word_label	kj_3	kj_3	3	0.5874835476962195
sub-26	meta_metaphor	meta_R_temporal_pole	kj	KJ	word_label	kj_24	kj_24	24	0.6134146194046498
sub-26	meta_metaphor	meta_R_temporal_pole	kj	KJ	word_label	kj_23	kj_23	23	0.8010338860566159
sub-26	meta_metaphor	meta_R_temporal_pole	kj	KJ	word_label	kj_12	kj_12	12	0.24207167637705687
sub-26	meta_metaphor	meta_R_temporal_pole	kj	KJ	word_label	kj_5	kj_5	5	0.5498972383907006
sub-26	meta_metaphor	meta_R_temporal_pole	kj	KJ	word_label	kj_22	kj_22	22	0.1469258761900221
sub-26	meta_metaphor	meta_R_temporal_pole	kj	KJ	word_label	kj_26	kj_26	26	-0.7523114551963097
sub-26	meta_metaphor	meta_R_temporal_pole	kj	KJ	word_label	kj_21	kj_21	21	0.25100411520852745
sub-26	meta_metaphor	meta_R_temporal_pole	kj	KJ	word_label	kj_39	kj_39	39	-0.043259053158076204
sub-26	meta_metaphor	meta_R_temporal_pole	kj	KJ	word_label	kj_13	kj_13	13	-0.47407027077089686
sub-26	meta_metaphor	meta_R_temporal_pole	kj	KJ	word_label	kj_25	kj_25	25	0.7188195848972698
sub-26	meta_metaphor	meta_R_temporal_pole	kj	KJ	word_label	kj_14	kj_14	14	0.27118123175284314
sub-26	meta_metaphor	meta_R_temporal_pole	kj	KJ	word_label	kj_28	kj_28	28	0.5093721436908196
sub-26	meta_metaphor	meta_R_temporal_pole	kj	KJ	word_label	kj_36	kj_36	36	0.6382814611286707
sub-26	meta_metaphor	meta_R_temporal_pole	kj	KJ	word_label	kj_10	kj_10	10	0.2686297608266815
sub-26	meta_metaphor	meta_R_temporal_pole	kj	KJ	word_label	kj_8	kj_8	8	-0.09392532089676978
sub-26	meta_metaphor	meta_R_temporal_pole	kj	KJ	word_label	kj_38	kj_38	38	-0.5085795367546541
sub-26	meta_metaphor	meta_R_temporal_pole	kj	KJ	word_label	kj_17	kj_17	17	0.6269355783497725
sub-26	meta_metaphor	meta_R_temporal_pole	kj	KJ	word_label	kj_20	kj_20	20	-0.2284632762973536
sub-26	meta_metaphor	meta_R_temporal_pole	kj	KJ	word_label	kj_27	kj_27	27	0.7448751554513335
sub-26	meta_metaphor	meta_R_temporal_pole	kj	KJ	word_label	kj_34	kj_34	34	-0.05930033414550957
sub-26	meta_metaphor	meta_R_temporal_pole	kj	KJ	word_label	kj_31	kj_31	31	-0.03708288379429443
sub-26	meta_metaphor	meta_R_temporal_pole	kj	KJ	word_label	kj_6	kj_6	6	-0.1746158116518376
sub-26	meta_metaphor	meta_R_temporal_pole	kj	KJ	word_label	kj_11	kj_11	11	0.20372096359992797
sub-26	meta_metaphor	meta_R_temporal_pole	kj	KJ	word_label	kj_2	kj_2	2	-0.32797724883357005
sub-26	meta_metaphor	meta_R_temporal_pole	kj	KJ	word_label	kj_15	kj_15	15	-0.2975894555593019
sub-26	meta_metaphor	meta_R_temporal_pole	kj	KJ	word_label	kj_29	kj_29	29	0.37331946233605107
sub-26	meta_metaphor	meta_R_temporal_pole	kj	KJ	word_label	kj_19	kj_19	19	-0.6239499637299458
sub-26	meta_metaphor	meta_R_temporal_pole	kj	KJ	word_label	kj_16	kj_16	16	0.36804670220429225
sub-26	meta_metaphor	meta_R_temporal_pole	kj	KJ	word_label	kj_9	kj_9	9	-0.09514817442099481
sub-26	meta_metaphor	meta_R_temporal_pole	kj	KJ	word_label	kj_1	kj_1	1	-0.07480984598737984
sub-26	meta_metaphor	meta_R_temporal_pole	kj	KJ	word_label	kj_30	kj_30	30	-0.5088032029852868
sub-26	meta_metaphor	meta_R_temporal_pole	kj	KJ	word_label	kj_33	kj_33	33	-0.1373533806403248
sub-26	meta_metaphor	meta_R_temporal_pole	kj	KJ	word_label	kj_7	kj_7	7	-0.5751313461913287
sub-27	meta_metaphor	meta_L_AG	yy	YY	word_label	yy_36	yy_36	36	-0.3783005911623913
sub-27	meta_metaphor	meta_L_AG	yy	YY	word_label	yy_18	yy_18	18	0.4407520070428558
sub-27	meta_metaphor	meta_L_AG	yy	YY	word_label	yy_39	yy_39	39	-0.4896745001553781
sub-27	meta_metaphor	meta_L_AG	yy	YY	word_label	yy_4	yy_4	4	-0.2320746975732073
sub-27	meta_metaphor	meta_L_AG	yy	YY	word_label	yy_1	yy_1	1	0.018292451807297553
sub-27	meta_metaphor	meta_L_AG	yy	YY	word_label	yy_35	yy_35	35	0.35276704112628193
sub-27	meta_metaphor	meta_L_AG	yy	YY	word_label	yy_5	yy_5	5	-0.27856095726296515
sub-27	meta_metaphor	meta_L_AG	yy	YY	word_label	yy_19	yy_19	19	0.6018888739575914
sub-27	meta_metaphor	meta_L_AG	yy	YY	word_label	yy_11	yy_11	11	-0.33064822928777565
sub-27	meta_metaphor	meta_L_AG	yy	YY	word_label	yy_23	yy_23	23	-0.5998986104439503
sub-27	meta_metaphor	meta_L_AG	yy	YY	word_label	yy_33	yy_33	33	-0.1497708440513147
sub-27	meta_metaphor	meta_L_AG	yy	YY	word_label	yy_17	yy_17	17	0.04532830727157792
sub-27	meta_metaphor	meta_L_AG	yy	YY	word_label	yy_29	yy_29	29	-0.01741897726154448
sub-27	meta_metaphor	meta_L_AG	yy	YY	word_label	yy_16	yy_16	16	0.043788436834844305
sub-27	meta_metaphor	meta_L_AG	yy	YY	word_label	yy_15	yy_15	15	-0.2953739868741164
sub-27	meta_metaphor	meta_L_AG	yy	YY	word_label	yy_6	yy_6	6	0.3035713498428818
sub-27	meta_metaphor	meta_L_AG	yy	YY	word_label	yy_32	yy_32	32	0.4655453070463368
sub-27	meta_metaphor	meta_L_AG	yy	YY	word_label	yy_9	yy_9	9	-0.16586929585187726
sub-27	meta_metaphor	meta_L_AG	yy	YY	word_label	yy_8	yy_8	8	-0.14233134463213973
sub-27	meta_metaphor	meta_L_AG	yy	YY	word_label	yy_26	yy_26	26	-0.13453553401939922
sub-27	meta_metaphor	meta_L_AG	yy	YY	word_label	yy_12	yy_12	12	-0.01108211990787369
sub-27	meta_metaphor	meta_L_AG	yy	YY	word_label	yy_38	yy_38	38	0.5432663519027597
sub-27	meta_metaphor	meta_L_AG	yy	YY	word_label	yy_22	yy_22	22	0.3200615618299628
sub-27	meta_metaphor	meta_L_AG	yy	YY	word_label	yy_13	yy_13	13	0.028056140978912045
sub-27	meta_metaphor	meta_L_AG	yy	YY	word_label	yy_21	yy_21	21	0.2717125462667077
sub-27	meta_metaphor	meta_L_AG	yy	YY	word_label	yy_14	yy_14	14	-0.2791385679973367
sub-27	meta_metaphor	meta_L_AG	yy	YY	word_label	yy_40	yy_40	40	-0.702776569312938
sub-27	meta_metaphor	meta_L_AG	yy	YY	word_label	yy_10	yy_10	10	0.6618884304450646
sub-27	meta_metaphor	meta_L_AG	yy	YY	word_label	yy_37	yy_37	37	-0.7184179012691974
sub-27	meta_metaphor	meta_L_AG	yy	YY	word_label	yy_28	yy_28	28	-0.7702666062120432
sub-27	meta_metaphor	meta_L_AG	yy	YY	word_label	yy_27	yy_27	27	-0.011638482137448173
sub-27	meta_metaphor	meta_L_AG	yy	YY	word_label	yy_2	yy_2	2	-0.18257716503923552
sub-27	meta_metaphor	meta_L_AG	yy	YY	word_label	yy_3	yy_3	3	-0.13333097999439944
sub-27	meta_metaphor	meta_L_AG	yy	YY	word_label	yy_7	yy_7	7	-0.10707163442671357
sub-27	meta_metaphor	meta_L_AG	yy	YY	word_label	yy_24	yy_24	24	-0.30235608197862285
sub-27	meta_metaphor	meta_L_AG	kj	KJ	word_label	kj_7	kj_7	7	-0.12096509764730633
sub-27	meta_metaphor	meta_L_AG	kj	KJ	word_label	kj_31	kj_31	31	-0.13228144098717237
sub-27	meta_metaphor	meta_L_AG	kj	KJ	word_label	kj_38	kj_38	38	-0.42328288285195975
sub-27	meta_metaphor	meta_L_AG	kj	KJ	word_label	kj_28	kj_28	28	-0.12289820254963717
sub-27	meta_metaphor	meta_L_AG	kj	KJ	word_label	kj_29	kj_29	29	-0.05579656366447447
sub-27	meta_metaphor	meta_L_AG	kj	KJ	word_label	kj_12	kj_12	12	0.06074730978474869
sub-27	meta_metaphor	meta_L_AG	kj	KJ	word_label	kj_8	kj_8	8	-0.5264971604330493
sub-27	meta_metaphor	meta_L_AG	kj	KJ	word_label	kj_24	kj_24	24	0.0849038233466364
sub-27	meta_metaphor	meta_L_AG	kj	KJ	word_label	kj_17	kj_17	17	-0.17203886706174926
sub-27	meta_metaphor	meta_L_AG	kj	KJ	word_label	kj_2	kj_2	2	0.10261904123635804
sub-27	meta_metaphor	meta_L_AG	kj	KJ	word_label	kj_33	kj_33	33	-0.2612567182770533
sub-27	meta_metaphor	meta_L_AG	kj	KJ	word_label	kj_25	kj_25	25	-0.10379859930855388
sub-27	meta_metaphor	meta_L_AG	kj	KJ	word_label	kj_13	kj_13	13	0.2307137159896901
sub-27	meta_metaphor	meta_L_AG	kj	KJ	word_label	kj_37	kj_37	37	-0.057563247397324144
sub-27	meta_metaphor	meta_L_AG	kj	KJ	word_label	kj_30	kj_30	30	0.3938535081383841
sub-27	meta_metaphor	meta_L_AG	kj	KJ	word_label	kj_20	kj_20	20	-0.5791786316622412
sub-27	meta_metaphor	meta_L_AG	kj	KJ	word_label	kj_22	kj_22	22	0.6793399113296911
sub-27	meta_metaphor	meta_L_AG	kj	KJ	word_label	kj_10	kj_10	10	-0.35255278847810384
sub-27	meta_metaphor	meta_L_AG	kj	KJ	word_label	kj_5	kj_5	5	0.32849978069579877
sub-27	meta_metaphor	meta_L_AG	kj	KJ	word_label	kj_3	kj_3	3	-0.1913810988744719
sub-27	meta_metaphor	meta_L_AG	kj	KJ	word_label	kj_26	kj_26	26	0.35095773396660035
sub-27	meta_metaphor	meta_L_AG	kj	KJ	word_label	kj_19	kj_19	19	0.5185557363281291
sub-27	meta_metaphor	meta_L_AG	kj	KJ	word_label	kj_39	kj_39	39	0.0635252315459291
sub-27	meta_metaphor	meta_L_AG	kj	KJ	word_label	kj_34	kj_34	34	0.0641256319760141
sub-27	meta_metaphor	meta_L_AG	kj	KJ	word_label	kj_16	kj_16	16	-0.35731250955370136
sub-27	meta_metaphor	meta_L_AG	kj	KJ	word_label	kj_11	kj_11	11	0.1554164645905085
sub-27	meta_metaphor	meta_L_AG	kj	KJ	word_label	kj_36	kj_36	36	-0.034793815034338565
sub-27	meta_metaphor	meta_L_AG	kj	KJ	word_label	kj_15	kj_15	15	-0.13751073244603104
sub-27	meta_metaphor	meta_L_AG	kj	KJ	word_label	kj_14	kj_14	14	-0.3792871458015793
sub-27	meta_metaphor	meta_L_AG	kj	KJ	word_label	kj_21	kj_21	21	0.2412905928151088
sub-27	meta_metaphor	meta_L_AG	kj	KJ	word_label	kj_1	kj_1	1	-0.29223353045070244
sub-27	meta_metaphor	meta_L_AG	kj	KJ	word_label	kj_23	kj_23	23	-0.21003303233487208
sub-27	meta_metaphor	meta_L_AG	kj	KJ	word_label	kj_9	kj_9	9	-0.5845555749083611
sub-27	meta_metaphor	meta_L_AG	kj	KJ	word_label	kj_27	kj_27	27	0.0568579987091341
sub-27	meta_metaphor	meta_L_AG	kj	KJ	word_label	kj_6	kj_6	6	-0.12382720848532518
sub-27	meta_metaphor	meta_L_IFG	yy	YY	word_label	yy_36	yy_36	36	-0.07085838893249628
sub-27	meta_metaphor	meta_L_IFG	yy	YY	word_label	yy_18	yy_18	18	-0.2910167557675085
sub-27	meta_metaphor	meta_L_IFG	yy	YY	word_label	yy_39	yy_39	39	0.3043293885598934
sub-27	meta_metaphor	meta_L_IFG	yy	YY	word_label	yy_4	yy_4	4	0.44867496841030063
sub-27	meta_metaphor	meta_L_IFG	yy	YY	word_label	yy_1	yy_1	1	-0.32957352691183694
sub-27	meta_metaphor	meta_L_IFG	yy	YY	word_label	yy_35	yy_35	35	-0.26032803886613753
sub-27	meta_metaphor	meta_L_IFG	yy	YY	word_label	yy_5	yy_5	5	0.2594848926654202
sub-27	meta_metaphor	meta_L_IFG	yy	YY	word_label	yy_19	yy_19	19	0.10732359789481248
sub-27	meta_metaphor	meta_L_IFG	yy	YY	word_label	yy_11	yy_11	11	-0.1655359724082163
sub-27	meta_metaphor	meta_L_IFG	yy	YY	word_label	yy_23	yy_23	23	-0.5375855909287781
sub-27	meta_metaphor	meta_L_IFG	yy	YY	word_label	yy_33	yy_33	33	-0.04789459115631208
sub-27	meta_metaphor	meta_L_IFG	yy	YY	word_label	yy_17	yy_17	17	-0.3294677427783014
sub-27	meta_metaphor	meta_L_IFG	yy	YY	word_label	yy_29	yy_29	29	0.1657614907576845
sub-27	meta_metaphor	meta_L_IFG	yy	YY	word_label	yy_16	yy_16	16	0.4601953963986929
sub-27	meta_metaphor	meta_L_IFG	yy	YY	word_label	yy_15	yy_15	15	-0.18031839668563102
sub-27	meta_metaphor	meta_L_IFG	yy	YY	word_label	yy_6	yy_6	6	0.30036464987661293
sub-27	meta_metaphor	meta_L_IFG	yy	YY	word_label	yy_32	yy_32	32	0.09050314044032073
sub-27	meta_metaphor	meta_L_IFG	yy	YY	word_label	yy_9	yy_9	9	-0.434827268865922
sub-27	meta_metaphor	meta_L_IFG	yy	YY	word_label	yy_8	yy_8	8	0.14221168050254374
sub-27	meta_metaphor	meta_L_IFG	yy	YY	word_label	yy_26	yy_26	26	0.3913326577615547
sub-27	meta_metaphor	meta_L_IFG	yy	YY	word_label	yy_12	yy_12	12	0.01787416888246724
sub-27	meta_metaphor	meta_L_IFG	yy	YY	word_label	yy_38	yy_38	38	0.20737048865687427
sub-27	meta_metaphor	meta_L_IFG	yy	YY	word_label	yy_22	yy_22	22	0.1014291390670728
sub-27	meta_metaphor	meta_L_IFG	yy	YY	word_label	yy_13	yy_13	13	-0.026375858912322123
sub-27	meta_metaphor	meta_L_IFG	yy	YY	word_label	yy_21	yy_21	21	0.34967628094787073
sub-27	meta_metaphor	meta_L_IFG	yy	YY	word_label	yy_14	yy_14	14	0.07481598932509342
sub-27	meta_metaphor	meta_L_IFG	yy	YY	word_label	yy_40	yy_40	40	0.26711881959486117
sub-27	meta_metaphor	meta_L_IFG	yy	YY	word_label	yy_10	yy_10	10	0.18924306406033803
sub-27	meta_metaphor	meta_L_IFG	yy	YY	word_label	yy_37	yy_37	37	-0.11970656703375558
sub-27	meta_metaphor	meta_L_IFG	yy	YY	word_label	yy_28	yy_28	28	-0.16709333289879902
sub-27	meta_metaphor	meta_L_IFG	yy	YY	word_label	yy_27	yy_27	27	-0.18234594770546467
sub-27	meta_metaphor	meta_L_IFG	yy	YY	word_label	yy_2	yy_2	2	0.09709463166140922
sub-27	meta_metaphor	meta_L_IFG	yy	YY	word_label	yy_3	yy_3	3	0.14632656152696252
sub-27	meta_metaphor	meta_L_IFG	yy	YY	word_label	yy_7	yy_7	7	0.40961908958801585
sub-27	meta_metaphor	meta_L_IFG	yy	YY	word_label	yy_24	yy_24	24	-0.0020895223031077038
sub-27	meta_metaphor	meta_L_IFG	kj	KJ	word_label	kj_7	kj_7	7	0.26331288042613654
sub-27	meta_metaphor	meta_L_IFG	kj	KJ	word_label	kj_31	kj_31	31	0.3059206016405265
sub-27	meta_metaphor	meta_L_IFG	kj	KJ	word_label	kj_38	kj_38	38	-0.3408131693105626
sub-27	meta_metaphor	meta_L_IFG	kj	KJ	word_label	kj_28	kj_28	28	0.3189416391519824
sub-27	meta_metaphor	meta_L_IFG	kj	KJ	word_label	kj_29	kj_29	29	-0.49563724795156155
sub-27	meta_metaphor	meta_L_IFG	kj	KJ	word_label	kj_12	kj_12	12	0.23681684436857472
sub-27	meta_metaphor	meta_L_IFG	kj	KJ	word_label	kj_8	kj_8	8	0.01581310771712941
sub-27	meta_metaphor	meta_L_IFG	kj	KJ	word_label	kj_24	kj_24	24	-0.33422367782998763
sub-27	meta_metaphor	meta_L_IFG	kj	KJ	word_label	kj_17	kj_17	17	-0.43415038338756173
sub-27	meta_metaphor	meta_L_IFG	kj	KJ	word_label	kj_2	kj_2	2	0.11542670258777964
sub-27	meta_metaphor	meta_L_IFG	kj	KJ	word_label	kj_33	kj_33	33	0.12059205052801103
sub-27	meta_metaphor	meta_L_IFG	kj	KJ	word_label	kj_25	kj_25	25	-0.21121195988462407
sub-27	meta_metaphor	meta_L_IFG	kj	KJ	word_label	kj_13	kj_13	13	-0.37904517046495967
sub-27	meta_metaphor	meta_L_IFG	kj	KJ	word_label	kj_37	kj_37	37	-0.12645900514406455
sub-27	meta_metaphor	meta_L_IFG	kj	KJ	word_label	kj_30	kj_30	30	0.21070668563910014
sub-27	meta_metaphor	meta_L_IFG	kj	KJ	word_label	kj_20	kj_20	20	0.2957972220193044
sub-27	meta_metaphor	meta_L_IFG	kj	KJ	word_label	kj_22	kj_22	22	-0.25733647054524467
sub-27	meta_metaphor	meta_L_IFG	kj	KJ	word_label	kj_10	kj_10	10	-0.23512029262306616
sub-27	meta_metaphor	meta_L_IFG	kj	KJ	word_label	kj_5	kj_5	5	0.14516904982606316
sub-27	meta_metaphor	meta_L_IFG	kj	KJ	word_label	kj_3	kj_3	3	0.33531905656092487
sub-27	meta_metaphor	meta_L_IFG	kj	KJ	word_label	kj_26	kj_26	26	-0.3143280588684646
sub-27	meta_metaphor	meta_L_IFG	kj	KJ	word_label	kj_19	kj_19	19	0.2441768625851133
sub-27	meta_metaphor	meta_L_IFG	kj	KJ	word_label	kj_39	kj_39	39	0.4704585339643153
sub-27	meta_metaphor	meta_L_IFG	kj	KJ	word_label	kj_34	kj_34	34	0.14600734243113883
sub-27	meta_metaphor	meta_L_IFG	kj	KJ	word_label	kj_16	kj_16	16	0.06462704465280923
sub-27	meta_metaphor	meta_L_IFG	kj	KJ	word_label	kj_11	kj_11	11	-0.03237961434128958
sub-27	meta_metaphor	meta_L_IFG	kj	KJ	word_label	kj_36	kj_36	36	-0.15584620737015223
sub-27	meta_metaphor	meta_L_IFG	kj	KJ	word_label	kj_15	kj_15	15	-0.39593047253999675
sub-27	meta_metaphor	meta_L_IFG	kj	KJ	word_label	kj_14	kj_14	14	0.27261530218984686
sub-27	meta_metaphor	meta_L_IFG	kj	KJ	word_label	kj_21	kj_21	21	-0.36955038751511365
sub-27	meta_metaphor	meta_L_IFG	kj	KJ	word_label	kj_1	kj_1	1	0.27796050847420634
sub-27	meta_metaphor	meta_L_IFG	kj	KJ	word_label	kj_23	kj_23	23	0.4428350579422823
sub-27	meta_metaphor	meta_L_IFG	kj	KJ	word_label	kj_9	kj_9	9	0.12402492816107955
sub-27	meta_metaphor	meta_L_IFG	kj	KJ	word_label	kj_27	kj_27	27	-0.010372200633795013
sub-27	meta_metaphor	meta_L_IFG	kj	KJ	word_label	kj_6	kj_6	6	0.011518689189963812
sub-27	meta_metaphor	meta_L_pMTG_pSTS	yy	YY	word_label	yy_36	yy_36	36	-0.0025267952268153383
sub-27	meta_metaphor	meta_L_pMTG_pSTS	yy	YY	word_label	yy_18	yy_18	18	0.4117631483441851
sub-27	meta_metaphor	meta_L_pMTG_pSTS	yy	YY	word_label	yy_39	yy_39	39	0.2010279288388382
sub-27	meta_metaphor	meta_L_pMTG_pSTS	yy	YY	word_label	yy_4	yy_4	4	0.09569956019156585
sub-27	meta_metaphor	meta_L_pMTG_pSTS	yy	YY	word_label	yy_1	yy_1	1	0.27056716101566347
sub-27	meta_metaphor	meta_L_pMTG_pSTS	yy	YY	word_label	yy_35	yy_35	35	0.7025821617417242
sub-27	meta_metaphor	meta_L_pMTG_pSTS	yy	YY	word_label	yy_5	yy_5	5	-0.12898861581735502
sub-27	meta_metaphor	meta_L_pMTG_pSTS	yy	YY	word_label	yy_19	yy_19	19	0.33057058817326973
sub-27	meta_metaphor	meta_L_pMTG_pSTS	yy	YY	word_label	yy_11	yy_11	11	0.20527138345974055
sub-27	meta_metaphor	meta_L_pMTG_pSTS	yy	YY	word_label	yy_23	yy_23	23	-0.10499764646578845
sub-27	meta_metaphor	meta_L_pMTG_pSTS	yy	YY	word_label	yy_33	yy_33	33	-0.16785978998135026
sub-27	meta_metaphor	meta_L_pMTG_pSTS	yy	YY	word_label	yy_17	yy_17	17	0.35211150014139125
sub-27	meta_metaphor	meta_L_pMTG_pSTS	yy	YY	word_label	yy_29	yy_29	29	-0.27808800336097095
sub-27	meta_metaphor	meta_L_pMTG_pSTS	yy	YY	word_label	yy_16	yy_16	16	0.4335726199748343
sub-27	meta_metaphor	meta_L_pMTG_pSTS	yy	YY	word_label	yy_15	yy_15	15	0.0034124103138050014
sub-27	meta_metaphor	meta_L_pMTG_pSTS	yy	YY	word_label	yy_6	yy_6	6	-0.20036577423289947
sub-27	meta_metaphor	meta_L_pMTG_pSTS	yy	YY	word_label	yy_32	yy_32	32	0.20455707758612968
sub-27	meta_metaphor	meta_L_pMTG_pSTS	yy	YY	word_label	yy_9	yy_9	9	-0.3402026324031639
sub-27	meta_metaphor	meta_L_pMTG_pSTS	yy	YY	word_label	yy_8	yy_8	8	0.30635117816618324
sub-27	meta_metaphor	meta_L_pMTG_pSTS	yy	YY	word_label	yy_26	yy_26	26	0.22489529824412297
sub-27	meta_metaphor	meta_L_pMTG_pSTS	yy	YY	word_label	yy_12	yy_12	12	0.2360159353936759
sub-27	meta_metaphor	meta_L_pMTG_pSTS	yy	YY	word_label	yy_38	yy_38	38	0.278940810493085
sub-27	meta_metaphor	meta_L_pMTG_pSTS	yy	YY	word_label	yy_22	yy_22	22	-0.13686283098778357
sub-27	meta_metaphor	meta_L_pMTG_pSTS	yy	YY	word_label	yy_13	yy_13	13	0.12115335089567256
sub-27	meta_metaphor	meta_L_pMTG_pSTS	yy	YY	word_label	yy_21	yy_21	21	0.6679662901640249
sub-27	meta_metaphor	meta_L_pMTG_pSTS	yy	YY	word_label	yy_14	yy_14	14	-0.1476499708969056
sub-27	meta_metaphor	meta_L_pMTG_pSTS	yy	YY	word_label	yy_40	yy_40	40	0.08395652679983366
sub-27	meta_metaphor	meta_L_pMTG_pSTS	yy	YY	word_label	yy_10	yy_10	10	0.602765839107113
sub-27	meta_metaphor	meta_L_pMTG_pSTS	yy	YY	word_label	yy_37	yy_37	37	-0.10592279336063473
sub-27	meta_metaphor	meta_L_pMTG_pSTS	yy	YY	word_label	yy_28	yy_28	28	-0.48546171550138556
sub-27	meta_metaphor	meta_L_pMTG_pSTS	yy	YY	word_label	yy_27	yy_27	27	-0.28163172966606703
sub-27	meta_metaphor	meta_L_pMTG_pSTS	yy	YY	word_label	yy_2	yy_2	2	0.19315076637187276
sub-27	meta_metaphor	meta_L_pMTG_pSTS	yy	YY	word_label	yy_3	yy_3	3	0.5234490505631395
sub-27	meta_metaphor	meta_L_pMTG_pSTS	yy	YY	word_label	yy_7	yy_7	7	0.4992011221590155
sub-27	meta_metaphor	meta_L_pMTG_pSTS	yy	YY	word_label	yy_24	yy_24	24	0.43630992623156534
sub-27	meta_metaphor	meta_L_pMTG_pSTS	kj	KJ	word_label	kj_7	kj_7	7	-0.08491377122045728
sub-27	meta_metaphor	meta_L_pMTG_pSTS	kj	KJ	word_label	kj_31	kj_31	31	-0.21441398807880022
sub-27	meta_metaphor	meta_L_pMTG_pSTS	kj	KJ	word_label	kj_38	kj_38	38	-0.1596937698593664
sub-27	meta_metaphor	meta_L_pMTG_pSTS	kj	KJ	word_label	kj_28	kj_28	28	-0.06742886780292118
sub-27	meta_metaphor	meta_L_pMTG_pSTS	kj	KJ	word_label	kj_29	kj_29	29	-0.310003390502722
sub-27	meta_metaphor	meta_L_pMTG_pSTS	kj	KJ	word_label	kj_12	kj_12	12	0.2245371030304767
sub-27	meta_metaphor	meta_L_pMTG_pSTS	kj	KJ	word_label	kj_8	kj_8	8	0.045644486745497335
sub-27	meta_metaphor	meta_L_pMTG_pSTS	kj	KJ	word_label	kj_24	kj_24	24	-0.13836511213768563
sub-27	meta_metaphor	meta_L_pMTG_pSTS	kj	KJ	word_label	kj_17	kj_17	17	0.274478722830871
sub-27	meta_metaphor	meta_L_pMTG_pSTS	kj	KJ	word_label	kj_2	kj_2	2	-0.030014005344880502
sub-27	meta_metaphor	meta_L_pMTG_pSTS	kj	KJ	word_label	kj_33	kj_33	33	0.4254398659563167
sub-27	meta_metaphor	meta_L_pMTG_pSTS	kj	KJ	word_label	kj_25	kj_25	25	-0.3443270308298168
sub-27	meta_metaphor	meta_L_pMTG_pSTS	kj	KJ	word_label	kj_13	kj_13	13	-0.27675034320936487
sub-27	meta_metaphor	meta_L_pMTG_pSTS	kj	KJ	word_label	kj_37	kj_37	37	-0.34689149055982
sub-27	meta_metaphor	meta_L_pMTG_pSTS	kj	KJ	word_label	kj_30	kj_30	30	0.46374448090720327
sub-27	meta_metaphor	meta_L_pMTG_pSTS	kj	KJ	word_label	kj_20	kj_20	20	-0.4784930856100536
sub-27	meta_metaphor	meta_L_pMTG_pSTS	kj	KJ	word_label	kj_22	kj_22	22	0.40657710042820056
sub-27	meta_metaphor	meta_L_pMTG_pSTS	kj	KJ	word_label	kj_10	kj_10	10	-0.26255835471053984
sub-27	meta_metaphor	meta_L_pMTG_pSTS	kj	KJ	word_label	kj_5	kj_5	5	-0.27719036589786156
sub-27	meta_metaphor	meta_L_pMTG_pSTS	kj	KJ	word_label	kj_3	kj_3	3	0.39219640874070444
sub-27	meta_metaphor	meta_L_pMTG_pSTS	kj	KJ	word_label	kj_26	kj_26	26	0.015378738587443985
sub-27	meta_metaphor	meta_L_pMTG_pSTS	kj	KJ	word_label	kj_19	kj_19	19	-0.1995613889104298
sub-27	meta_metaphor	meta_L_pMTG_pSTS	kj	KJ	word_label	kj_39	kj_39	39	0.1801338172750804
sub-27	meta_metaphor	meta_L_pMTG_pSTS	kj	KJ	word_label	kj_34	kj_34	34	0.16754795546679324
sub-27	meta_metaphor	meta_L_pMTG_pSTS	kj	KJ	word_label	kj_16	kj_16	16	-0.06616730984934727
sub-27	meta_metaphor	meta_L_pMTG_pSTS	kj	KJ	word_label	kj_11	kj_11	11	0.35701526931932365
sub-27	meta_metaphor	meta_L_pMTG_pSTS	kj	KJ	word_label	kj_36	kj_36	36	-0.1973401439484605
sub-27	meta_metaphor	meta_L_pMTG_pSTS	kj	KJ	word_label	kj_15	kj_15	15	-0.03450522378475073
sub-27	meta_metaphor	meta_L_pMTG_pSTS	kj	KJ	word_label	kj_14	kj_14	14	-0.2600344644057608
sub-27	meta_metaphor	meta_L_pMTG_pSTS	kj	KJ	word_label	kj_21	kj_21	21	-0.12321916741201257
sub-27	meta_metaphor	meta_L_pMTG_pSTS	kj	KJ	word_label	kj_1	kj_1	1	0.19562585068178784
sub-27	meta_metaphor	meta_L_pMTG_pSTS	kj	KJ	word_label	kj_23	kj_23	23	0.38072413931593146
sub-27	meta_metaphor	meta_L_pMTG_pSTS	kj	KJ	word_label	kj_9	kj_9	9	-0.8105195598789507
sub-27	meta_metaphor	meta_L_pMTG_pSTS	kj	KJ	word_label	kj_27	kj_27	27	-0.3480085407919362
sub-27	meta_metaphor	meta_L_pMTG_pSTS	kj	KJ	word_label	kj_6	kj_6	6	0.11263196798080292
sub-27	meta_metaphor	meta_L_temporal_pole	yy	YY	word_label	yy_36	yy_36	36	0.25254753277688197
sub-27	meta_metaphor	meta_L_temporal_pole	yy	YY	word_label	yy_18	yy_18	18	-0.5146511114158695
sub-27	meta_metaphor	meta_L_temporal_pole	yy	YY	word_label	yy_39	yy_39	39	0.20516288000082797
sub-27	meta_metaphor	meta_L_temporal_pole	yy	YY	word_label	yy_4	yy_4	4	0.538106002662504
sub-27	meta_metaphor	meta_L_temporal_pole	yy	YY	word_label	yy_1	yy_1	1	-0.7160036711814187
sub-27	meta_metaphor	meta_L_temporal_pole	yy	YY	word_label	yy_35	yy_35	35	-0.150268393093604
sub-27	meta_metaphor	meta_L_temporal_pole	yy	YY	word_label	yy_5	yy_5	5	0.15578630661337822
sub-27	meta_metaphor	meta_L_temporal_pole	yy	YY	word_label	yy_19	yy_19	19	0.09289117071136481
sub-27	meta_metaphor	meta_L_temporal_pole	yy	YY	word_label	yy_11	yy_11	11	-0.07333539234047425
sub-27	meta_metaphor	meta_L_temporal_pole	yy	YY	word_label	yy_23	yy_23	23	-0.18233785791844256
sub-27	meta_metaphor	meta_L_temporal_pole	yy	YY	word_label	yy_33	yy_33	33	0.3621067651870586
sub-27	meta_metaphor	meta_L_temporal_pole	yy	YY	word_label	yy_17	yy_17	17	0.05953067549641231
sub-27	meta_metaphor	meta_L_temporal_pole	yy	YY	word_label	yy_29	yy_29	29	0.022549729222104964
sub-27	meta_metaphor	meta_L_temporal_pole	yy	YY	word_label	yy_16	yy_16	16	0.2637901827908372
sub-27	meta_metaphor	meta_L_temporal_pole	yy	YY	word_label	yy_15	yy_15	15	-0.08924816803622412
sub-27	meta_metaphor	meta_L_temporal_pole	yy	YY	word_label	yy_6	yy_6	6	0.20882237343023224
sub-27	meta_metaphor	meta_L_temporal_pole	yy	YY	word_label	yy_32	yy_32	32	0.12147861190415438
sub-27	meta_metaphor	meta_L_temporal_pole	yy	YY	word_label	yy_9	yy_9	9	-0.1314847887707963
sub-27	meta_metaphor	meta_L_temporal_pole	yy	YY	word_label	yy_8	yy_8	8	0.12182278653841747
sub-27	meta_metaphor	meta_L_temporal_pole	yy	YY	word_label	yy_26	yy_26	26	-0.2300713895708879
sub-27	meta_metaphor	meta_L_temporal_pole	yy	YY	word_label	yy_12	yy_12	12	-0.06415462905377162
sub-27	meta_metaphor	meta_L_temporal_pole	yy	YY	word_label	yy_38	yy_38	38	-0.08513413600686275
sub-27	meta_metaphor	meta_L_temporal_pole	yy	YY	word_label	yy_22	yy_22	22	0.13097786816988652
sub-27	meta_metaphor	meta_L_temporal_pole	yy	YY	word_label	yy_13	yy_13	13	-0.6128714745085422
sub-27	meta_metaphor	meta_L_temporal_pole	yy	YY	word_label	yy_21	yy_21	21	0.25972055910079045
sub-27	meta_metaphor	meta_L_temporal_pole	yy	YY	word_label	yy_14	yy_14	14	0.16888778978601462
sub-27	meta_metaphor	meta_L_temporal_pole	yy	YY	word_label	yy_40	yy_40	40	0.09087225000345611
sub-27	meta_metaphor	meta_L_temporal_pole	yy	YY	word_label	yy_10	yy_10	10	0.244462965130464
sub-27	meta_metaphor	meta_L_temporal_pole	yy	YY	word_label	yy_37	yy_37	37	-0.49515880663202977
sub-27	meta_metaphor	meta_L_temporal_pole	yy	YY	word_label	yy_28	yy_28	28	0.384030783868778
sub-27	meta_metaphor	meta_L_temporal_pole	yy	YY	word_label	yy_27	yy_27	27	-0.11366595364275875
sub-27	meta_metaphor	meta_L_temporal_pole	yy	YY	word_label	yy_2	yy_2	2	0.5970176963060148
sub-27	meta_metaphor	meta_L_temporal_pole	yy	YY	word_label	yy_3	yy_3	3	0.02224842825551866
sub-27	meta_metaphor	meta_L_temporal_pole	yy	YY	word_label	yy_7	yy_7	7	0.11321867488934148
sub-27	meta_metaphor	meta_L_temporal_pole	yy	YY	word_label	yy_24	yy_24	24	0.026327384165779743
sub-27	meta_metaphor	meta_L_temporal_pole	kj	KJ	word_label	kj_7	kj_7	7	-0.16263249519049314
sub-27	meta_metaphor	meta_L_temporal_pole	kj	KJ	word_label	kj_31	kj_31	31	-0.3477276033768465
sub-27	meta_metaphor	meta_L_temporal_pole	kj	KJ	word_label	kj_38	kj_38	38	-0.02056597864498976
sub-27	meta_metaphor	meta_L_temporal_pole	kj	KJ	word_label	kj_28	kj_28	28	0.09796175564715394
sub-27	meta_metaphor	meta_L_temporal_pole	kj	KJ	word_label	kj_29	kj_29	29	-0.2313323170553625
sub-27	meta_metaphor	meta_L_temporal_pole	kj	KJ	word_label	kj_12	kj_12	12	-0.2507230395195558
sub-27	meta_metaphor	meta_L_temporal_pole	kj	KJ	word_label	kj_8	kj_8	8	-0.27970690019524796
sub-27	meta_metaphor	meta_L_temporal_pole	kj	KJ	word_label	kj_24	kj_24	24	-0.14765186435868852
sub-27	meta_metaphor	meta_L_temporal_pole	kj	KJ	word_label	kj_17	kj_17	17	-0.2558938900502492
sub-27	meta_metaphor	meta_L_temporal_pole	kj	KJ	word_label	kj_2	kj_2	2	-0.35859716619436943
sub-27	meta_metaphor	meta_L_temporal_pole	kj	KJ	word_label	kj_33	kj_33	33	-0.005359874519143384
sub-27	meta_metaphor	meta_L_temporal_pole	kj	KJ	word_label	kj_25	kj_25	25	0.50160718169311
sub-27	meta_metaphor	meta_L_temporal_pole	kj	KJ	word_label	kj_13	kj_13	13	-0.39762124587148
sub-27	meta_metaphor	meta_L_temporal_pole	kj	KJ	word_label	kj_37	kj_37	37	-0.3727269392328766
sub-27	meta_metaphor	meta_L_temporal_pole	kj	KJ	word_label	kj_30	kj_30	30	0.0915103950147313
sub-27	meta_metaphor	meta_L_temporal_pole	kj	KJ	word_label	kj_20	kj_20	20	0.33574865924425656
sub-27	meta_metaphor	meta_L_temporal_pole	kj	KJ	word_label	kj_22	kj_22	22	-0.39143515268576523
sub-27	meta_metaphor	meta_L_temporal_pole	kj	KJ	word_label	kj_10	kj_10	10	-0.3066251950513734
sub-27	meta_metaphor	meta_L_temporal_pole	kj	KJ	word_label	kj_5	kj_5	5	-0.4410116920406111
sub-27	meta_metaphor	meta_L_temporal_pole	kj	KJ	word_label	kj_3	kj_3	3	-0.2266527561481715
sub-27	meta_metaphor	meta_L_temporal_pole	kj	KJ	word_label	kj_26	kj_26	26	-0.10763576393889966
sub-27	meta_metaphor	meta_L_temporal_pole	kj	KJ	word_label	kj_19	kj_19	19	-0.2081512047584085
sub-27	meta_metaphor	meta_L_temporal_pole	kj	KJ	word_label	kj_39	kj_39	39	-0.09287584933538863
sub-27	meta_metaphor	meta_L_temporal_pole	kj	KJ	word_label	kj_34	kj_34	34	0.3400250396140188
sub-27	meta_metaphor	meta_L_temporal_pole	kj	KJ	word_label	kj_16	kj_16	16	0.46751096699069494
sub-27	meta_metaphor	meta_L_temporal_pole	kj	KJ	word_label	kj_11	kj_11	11	0.2677273777592778
sub-27	meta_metaphor	meta_L_temporal_pole	kj	KJ	word_label	kj_36	kj_36	36	0.07373664286469533
sub-27	meta_metaphor	meta_L_temporal_pole	kj	KJ	word_label	kj_15	kj_15	15	-0.11809180655200197
sub-27	meta_metaphor	meta_L_temporal_pole	kj	KJ	word_label	kj_14	kj_14	14	0.21073513676690603
sub-27	meta_metaphor	meta_L_temporal_pole	kj	KJ	word_label	kj_21	kj_21	21	0.09921028877428169
sub-27	meta_metaphor	meta_L_temporal_pole	kj	KJ	word_label	kj_1	kj_1	1	-0.165902032212129
sub-27	meta_metaphor	meta_L_temporal_pole	kj	KJ	word_label	kj_23	kj_23	23	0.36273879441256873
sub-27	meta_metaphor	meta_L_temporal_pole	kj	KJ	word_label	kj_9	kj_9	9	0.1885705548980931
sub-27	meta_metaphor	meta_L_temporal_pole	kj	KJ	word_label	kj_27	kj_27	27	-0.1627429491659303
sub-27	meta_metaphor	meta_L_temporal_pole	kj	KJ	word_label	kj_6	kj_6	6	0.018875610061963484
sub-27	meta_metaphor	meta_R_AG	yy	YY	word_label	yy_36	yy_36	36	0.41436665690383223
sub-27	meta_metaphor	meta_R_AG	yy	YY	word_label	yy_18	yy_18	18	-0.36739473966977415
sub-27	meta_metaphor	meta_R_AG	yy	YY	word_label	yy_39	yy_39	39	0.5873329298232959
sub-27	meta_metaphor	meta_R_AG	yy	YY	word_label	yy_4	yy_4	4	-0.015671752479710536
sub-27	meta_metaphor	meta_R_AG	yy	YY	word_label	yy_1	yy_1	1	-0.1689654698455372
sub-27	meta_metaphor	meta_R_AG	yy	YY	word_label	yy_35	yy_35	35	-0.11780272095326338
sub-27	meta_metaphor	meta_R_AG	yy	YY	word_label	yy_5	yy_5	5	0.7807295996262241
sub-27	meta_metaphor	meta_R_AG	yy	YY	word_label	yy_19	yy_19	19	-0.21103067841691894
sub-27	meta_metaphor	meta_R_AG	yy	YY	word_label	yy_11	yy_11	11	-0.5559479407139017
sub-27	meta_metaphor	meta_R_AG	yy	YY	word_label	yy_23	yy_23	23	-0.4071781571816608
sub-27	meta_metaphor	meta_R_AG	yy	YY	word_label	yy_33	yy_33	33	0.2412316569409602
sub-27	meta_metaphor	meta_R_AG	yy	YY	word_label	yy_17	yy_17	17	-0.29874301039416196
sub-27	meta_metaphor	meta_R_AG	yy	YY	word_label	yy_29	yy_29	29	0.20254329974580798
sub-27	meta_metaphor	meta_R_AG	yy	YY	word_label	yy_16	yy_16	16	0.012557191324120172
sub-27	meta_metaphor	meta_R_AG	yy	YY	word_label	yy_15	yy_15	15	-0.16738903046898373
sub-27	meta_metaphor	meta_R_AG	yy	YY	word_label	yy_6	yy_6	6	-0.25116915745793805
sub-27	meta_metaphor	meta_R_AG	yy	YY	word_label	yy_32	yy_32	32	-0.33978010041198725
sub-27	meta_metaphor	meta_R_AG	yy	YY	word_label	yy_9	yy_9	9	-0.4080381757971286
sub-27	meta_metaphor	meta_R_AG	yy	YY	word_label	yy_8	yy_8	8	-0.2704187814082586
sub-27	meta_metaphor	meta_R_AG	yy	YY	word_label	yy_26	yy_26	26	-0.0007933645236405792
sub-27	meta_metaphor	meta_R_AG	yy	YY	word_label	yy_12	yy_12	12	-0.4328977793514416
sub-27	meta_metaphor	meta_R_AG	yy	YY	word_label	yy_38	yy_38	38	0.1394154898889928
sub-27	meta_metaphor	meta_R_AG	yy	YY	word_label	yy_22	yy_22	22	0.10364578184932664
sub-27	meta_metaphor	meta_R_AG	yy	YY	word_label	yy_13	yy_13	13	0.019471083297125734
sub-27	meta_metaphor	meta_R_AG	yy	YY	word_label	yy_21	yy_21	21	0.469739262309831
sub-27	meta_metaphor	meta_R_AG	yy	YY	word_label	yy_14	yy_14	14	-0.15558206219060683
sub-27	meta_metaphor	meta_R_AG	yy	YY	word_label	yy_40	yy_40	40	-0.17406233036277236
sub-27	meta_metaphor	meta_R_AG	yy	YY	word_label	yy_10	yy_10	10	0.045967458603353197
sub-27	meta_metaphor	meta_R_AG	yy	YY	word_label	yy_37	yy_37	37	0.11827459652889785
sub-27	meta_metaphor	meta_R_AG	yy	YY	word_label	yy_28	yy_28	28	0.329685760542421
sub-27	meta_metaphor	meta_R_AG	yy	YY	word_label	yy_27	yy_27	27	-0.18656710386082614
sub-27	meta_metaphor	meta_R_AG	yy	YY	word_label	yy_2	yy_2	2	0.12715025419306925
sub-27	meta_metaphor	meta_R_AG	yy	YY	word_label	yy_3	yy_3	3	0.21102533960683612
sub-27	meta_metaphor	meta_R_AG	yy	YY	word_label	yy_7	yy_7	7	-0.2795292914145457
sub-27	meta_metaphor	meta_R_AG	yy	YY	word_label	yy_24	yy_24	24	-0.1522385091456835
sub-27	meta_metaphor	meta_R_AG	kj	KJ	word_label	kj_7	kj_7	7	0.2779228795763128
sub-27	meta_metaphor	meta_R_AG	kj	KJ	word_label	kj_31	kj_31	31	-0.5987670950273076
sub-27	meta_metaphor	meta_R_AG	kj	KJ	word_label	kj_38	kj_38	38	0.3845313616386121
sub-27	meta_metaphor	meta_R_AG	kj	KJ	word_label	kj_28	kj_28	28	0.08699241618523247
sub-27	meta_metaphor	meta_R_AG	kj	KJ	word_label	kj_29	kj_29	29	-0.15933388288722203
sub-27	meta_metaphor	meta_R_AG	kj	KJ	word_label	kj_12	kj_12	12	0.016992911772148664
sub-27	meta_metaphor	meta_R_AG	kj	KJ	word_label	kj_8	kj_8	8	0.10925525832987136
sub-27	meta_metaphor	meta_R_AG	kj	KJ	word_label	kj_24	kj_24	24	-0.6343320441002037
sub-27	meta_metaphor	meta_R_AG	kj	KJ	word_label	kj_17	kj_17	17	-0.2729473735540851
sub-27	meta_metaphor	meta_R_AG	kj	KJ	word_label	kj_2	kj_2	2	0.10454563420299627
sub-27	meta_metaphor	meta_R_AG	kj	KJ	word_label	kj_33	kj_33	33	0.4841499765740077
sub-27	meta_metaphor	meta_R_AG	kj	KJ	word_label	kj_25	kj_25	25	0.34717640001183525
sub-27	meta_metaphor	meta_R_AG	kj	KJ	word_label	kj_13	kj_13	13	-0.0015993905776242612
sub-27	meta_metaphor	meta_R_AG	kj	KJ	word_label	kj_37	kj_37	37	-0.14596487816762402
sub-27	meta_metaphor	meta_R_AG	kj	KJ	word_label	kj_30	kj_30	30	-0.158551683453424
sub-27	meta_metaphor	meta_R_AG	kj	KJ	word_label	kj_20	kj_20	20	-0.24022687315542354
sub-27	meta_metaphor	meta_R_AG	kj	KJ	word_label	kj_22	kj_22	22	0.16447751230695426
sub-27	meta_metaphor	meta_R_AG	kj	KJ	word_label	kj_10	kj_10	10	-0.27176136767139414
sub-27	meta_metaphor	meta_R_AG	kj	KJ	word_label	kj_5	kj_5	5	0.06741458143232792
sub-27	meta_metaphor	meta_R_AG	kj	KJ	word_label	kj_3	kj_3	3	-0.5520645296408803
sub-27	meta_metaphor	meta_R_AG	kj	KJ	word_label	kj_26	kj_26	26	0.5321610895161348
sub-27	meta_metaphor	meta_R_AG	kj	KJ	word_label	kj_19	kj_19	19	0.15907014352160034
sub-27	meta_metaphor	meta_R_AG	kj	KJ	word_label	kj_39	kj_39	39	0.22495555061603167
sub-27	meta_metaphor	meta_R_AG	kj	KJ	word_label	kj_34	kj_34	34	0.3819843498502054
sub-27	meta_metaphor	meta_R_AG	kj	KJ	word_label	kj_16	kj_16	16	0.047045772733710335
sub-27	meta_metaphor	meta_R_AG	kj	KJ	word_label	kj_11	kj_11	11	-0.32220740557104866
sub-27	meta_metaphor	meta_R_AG	kj	KJ	word_label	kj_36	kj_36	36	-0.1291633631833477
sub-27	meta_metaphor	meta_R_AG	kj	KJ	word_label	kj_15	kj_15	15	-0.28255791140275816
sub-27	meta_metaphor	meta_R_AG	kj	KJ	word_label	kj_14	kj_14	14	-0.49590741555937506
sub-27	meta_metaphor	meta_R_AG	kj	KJ	word_label	kj_21	kj_21	21	0.2642022753522045
sub-27	meta_metaphor	meta_R_AG	kj	KJ	word_label	kj_1	kj_1	1	-0.15975051488629302
sub-27	meta_metaphor	meta_R_AG	kj	KJ	word_label	kj_23	kj_23	23	0.2415847086163336
sub-27	meta_metaphor	meta_R_AG	kj	KJ	word_label	kj_9	kj_9	9	-0.33425501403985197
sub-27	meta_metaphor	meta_R_AG	kj	KJ	word_label	kj_27	kj_27	27	-0.6161130404986499
sub-27	meta_metaphor	meta_R_AG	kj	KJ	word_label	kj_6	kj_6	6	0.2558206171702844
sub-27	meta_metaphor	meta_R_IFG	yy	YY	word_label	yy_36	yy_36	36	-0.17407762129822185
sub-27	meta_metaphor	meta_R_IFG	yy	YY	word_label	yy_18	yy_18	18	0.37863360310950667
sub-27	meta_metaphor	meta_R_IFG	yy	YY	word_label	yy_39	yy_39	39	-0.07726193728577464
sub-27	meta_metaphor	meta_R_IFG	yy	YY	word_label	yy_4	yy_4	4	0.19600595583900654
sub-27	meta_metaphor	meta_R_IFG	yy	YY	word_label	yy_1	yy_1	1	0.5028581804338729
sub-27	meta_metaphor	meta_R_IFG	yy	YY	word_label	yy_35	yy_35	35	0.6706844607952275
sub-27	meta_metaphor	meta_R_IFG	yy	YY	word_label	yy_5	yy_5	5	-0.5135069935568769
sub-27	meta_metaphor	meta_R_IFG	yy	YY	word_label	yy_19	yy_19	19	0.07442052945722546
sub-27	meta_metaphor	meta_R_IFG	yy	YY	word_label	yy_11	yy_11	11	-0.06932679523410296
sub-27	meta_metaphor	meta_R_IFG	yy	YY	word_label	yy_23	yy_23	23	-0.48936585289335915
sub-27	meta_metaphor	meta_R_IFG	yy	YY	word_label	yy_33	yy_33	33	-0.4608531258755123
sub-27	meta_metaphor	meta_R_IFG	yy	YY	word_label	yy_17	yy_17	17	0.35064622458059824
sub-27	meta_metaphor	meta_R_IFG	yy	YY	word_label	yy_29	yy_29	29	-0.3594235562257664
sub-27	meta_metaphor	meta_R_IFG	yy	YY	word_label	yy_16	yy_16	16	0.4978341430641414
sub-27	meta_metaphor	meta_R_IFG	yy	YY	word_label	yy_15	yy_15	15	0.02150376782666915
sub-27	meta_metaphor	meta_R_IFG	yy	YY	word_label	yy_6	yy_6	6	0.15499484715887005
sub-27	meta_metaphor	meta_R_IFG	yy	YY	word_label	yy_32	yy_32	32	-0.22869005793479913
sub-27	meta_metaphor	meta_R_IFG	yy	YY	word_label	yy_9	yy_9	9	0.38320780745221683
sub-27	meta_metaphor	meta_R_IFG	yy	YY	word_label	yy_8	yy_8	8	0.5488334967802337
sub-27	meta_metaphor	meta_R_IFG	yy	YY	word_label	yy_26	yy_26	26	0.494865180390762
sub-27	meta_metaphor	meta_R_IFG	yy	YY	word_label	yy_12	yy_12	12	-0.33682902521214547
sub-27	meta_metaphor	meta_R_IFG	yy	YY	word_label	yy_38	yy_38	38	0.3289095722266976
sub-27	meta_metaphor	meta_R_IFG	yy	YY	word_label	yy_22	yy_22	22	-0.03975048832376747
sub-27	meta_metaphor	meta_R_IFG	yy	YY	word_label	yy_13	yy_13	13	0.4497528687225524
sub-27	meta_metaphor	meta_R_IFG	yy	YY	word_label	yy_21	yy_21	21	0.74208262691263
sub-27	meta_metaphor	meta_R_IFG	yy	YY	word_label	yy_14	yy_14	14	-0.533729913150888
sub-27	meta_metaphor	meta_R_IFG	yy	YY	word_label	yy_40	yy_40	40	0.34226901027576856
sub-27	meta_metaphor	meta_R_IFG	yy	YY	word_label	yy_10	yy_10	10	0.8447739358545722
sub-27	meta_metaphor	meta_R_IFG	yy	YY	word_label	yy_37	yy_37	37	-0.469884387370308
sub-27	meta_metaphor	meta_R_IFG	yy	YY	word_label	yy_28	yy_28	28	-0.8334544616208069
sub-27	meta_metaphor	meta_R_IFG	yy	YY	word_label	yy_27	yy_27	27	-0.27350052710554523
sub-27	meta_metaphor	meta_R_IFG	yy	YY	word_label	yy_2	yy_2	2	-0.2566966302226785
sub-27	meta_metaphor	meta_R_IFG	yy	YY	word_label	yy_3	yy_3	3	0.3035747283083766
sub-27	meta_metaphor	meta_R_IFG	yy	YY	word_label	yy_7	yy_7	7	0.8722354415034469
sub-27	meta_metaphor	meta_R_IFG	yy	YY	word_label	yy_24	yy_24	24	-0.18659961555632168
sub-27	meta_metaphor	meta_R_IFG	kj	KJ	word_label	kj_7	kj_7	7	-0.3619495195383705
sub-27	meta_metaphor	meta_R_IFG	kj	KJ	word_label	kj_31	kj_31	31	0.0039274888729436425
sub-27	meta_metaphor	meta_R_IFG	kj	KJ	word_label	kj_38	kj_38	38	-0.026174040104142
sub-27	meta_metaphor	meta_R_IFG	kj	KJ	word_label	kj_28	kj_28	28	-0.20517482846620905
sub-27	meta_metaphor	meta_R_IFG	kj	KJ	word_label	kj_29	kj_29	29	-0.09577550750135776
sub-27	meta_metaphor	meta_R_IFG	kj	KJ	word_label	kj_12	kj_12	12	-0.29281098432517016
sub-27	meta_metaphor	meta_R_IFG	kj	KJ	word_label	kj_8	kj_8	8	-0.5016399425188082
sub-27	meta_metaphor	meta_R_IFG	kj	KJ	word_label	kj_24	kj_24	24	0.24702070479052785
sub-27	meta_metaphor	meta_R_IFG	kj	KJ	word_label	kj_17	kj_17	17	0.08326930415160984
sub-27	meta_metaphor	meta_R_IFG	kj	KJ	word_label	kj_2	kj_2	2	0.14591615484545073
sub-27	meta_metaphor	meta_R_IFG	kj	KJ	word_label	kj_33	kj_33	33	0.17205338570899859
sub-27	meta_metaphor	meta_R_IFG	kj	KJ	word_label	kj_25	kj_25	25	-0.09293556488529854
sub-27	meta_metaphor	meta_R_IFG	kj	KJ	word_label	kj_13	kj_13	13	0.1497357495026868
sub-27	meta_metaphor	meta_R_IFG	kj	KJ	word_label	kj_37	kj_37	37	-0.3672545660827936
sub-27	meta_metaphor	meta_R_IFG	kj	KJ	word_label	kj_30	kj_30	30	0.5982194393789418
sub-27	meta_metaphor	meta_R_IFG	kj	KJ	word_label	kj_20	kj_20	20	-0.40649349562917886
sub-27	meta_metaphor	meta_R_IFG	kj	KJ	word_label	kj_22	kj_22	22	0.4997150209580144
sub-27	meta_metaphor	meta_R_IFG	kj	KJ	word_label	kj_10	kj_10	10	-0.6475344057811507
sub-27	meta_metaphor	meta_R_IFG	kj	KJ	word_label	kj_5	kj_5	5	-0.47226234357667557
sub-27	meta_metaphor	meta_R_IFG	kj	KJ	word_label	kj_3	kj_3	3	-0.5387633125403898
sub-27	meta_metaphor	meta_R_IFG	kj	KJ	word_label	kj_26	kj_26	26	-0.6449243542058614
sub-27	meta_metaphor	meta_R_IFG	kj	KJ	word_label	kj_19	kj_19	19	0.3653671508347129
sub-27	meta_metaphor	meta_R_IFG	kj	KJ	word_label	kj_39	kj_39	39	0.5238254145894561
sub-27	meta_metaphor	meta_R_IFG	kj	KJ	word_label	kj_34	kj_34	34	0.5583466859992929
sub-27	meta_metaphor	meta_R_IFG	kj	KJ	word_label	kj_16	kj_16	16	0.2925725361669659
sub-27	meta_metaphor	meta_R_IFG	kj	KJ	word_label	kj_11	kj_11	11	-0.05119776053511938
sub-27	meta_metaphor	meta_R_IFG	kj	KJ	word_label	kj_36	kj_36	36	-0.022895105092740974
sub-27	meta_metaphor	meta_R_IFG	kj	KJ	word_label	kj_15	kj_15	15	-0.40063620846929016
sub-27	meta_metaphor	meta_R_IFG	kj	KJ	word_label	kj_14	kj_14	14	0.10709229310452302
sub-27	meta_metaphor	meta_R_IFG	kj	KJ	word_label	kj_21	kj_21	21	-0.006947159091100629
sub-27	meta_metaphor	meta_R_IFG	kj	KJ	word_label	kj_1	kj_1	1	0.5546209475894976
sub-27	meta_metaphor	meta_R_IFG	kj	KJ	word_label	kj_23	kj_23	23	-0.4901390266305808
sub-27	meta_metaphor	meta_R_IFG	kj	KJ	word_label	kj_9	kj_9	9	-0.7681617555412538
sub-27	meta_metaphor	meta_R_IFG	kj	KJ	word_label	kj_27	kj_27	27	0.02650670075183796
sub-27	meta_metaphor	meta_R_IFG	kj	KJ	word_label	kj_6	kj_6	6	0.12024016965320175
sub-27	meta_metaphor	meta_R_pMTG_pSTS	yy	YY	word_label	yy_36	yy_36	36	-0.07128027431323558
sub-27	meta_metaphor	meta_R_pMTG_pSTS	yy	YY	word_label	yy_18	yy_18	18	-0.34643511693233814
sub-27	meta_metaphor	meta_R_pMTG_pSTS	yy	YY	word_label	yy_39	yy_39	39	-0.34236800894879443
sub-27	meta_metaphor	meta_R_pMTG_pSTS	yy	YY	word_label	yy_4	yy_4	4	0.1790276305294258
sub-27	meta_metaphor	meta_R_pMTG_pSTS	yy	YY	word_label	yy_1	yy_1	1	-0.09647996682570845
sub-27	meta_metaphor	meta_R_pMTG_pSTS	yy	YY	word_label	yy_35	yy_35	35	0.31345690872199683
sub-27	meta_metaphor	meta_R_pMTG_pSTS	yy	YY	word_label	yy_5	yy_5	5	-0.1953168180682484
sub-27	meta_metaphor	meta_R_pMTG_pSTS	yy	YY	word_label	yy_19	yy_19	19	0.1893039911124887
sub-27	meta_metaphor	meta_R_pMTG_pSTS	yy	YY	word_label	yy_11	yy_11	11	-0.591563307718205
sub-27	meta_metaphor	meta_R_pMTG_pSTS	yy	YY	word_label	yy_23	yy_23	23	-0.3925994782505912
sub-27	meta_metaphor	meta_R_pMTG_pSTS	yy	YY	word_label	yy_33	yy_33	33	-0.02745802714677978
sub-27	meta_metaphor	meta_R_pMTG_pSTS	yy	YY	word_label	yy_17	yy_17	17	-0.45030632850483676
sub-27	meta_metaphor	meta_R_pMTG_pSTS	yy	YY	word_label	yy_29	yy_29	29	0.2899442999774606
sub-27	meta_metaphor	meta_R_pMTG_pSTS	yy	YY	word_label	yy_16	yy_16	16	-0.15290294598081575
sub-27	meta_metaphor	meta_R_pMTG_pSTS	yy	YY	word_label	yy_15	yy_15	15	-0.3485941733947237
sub-27	meta_metaphor	meta_R_pMTG_pSTS	yy	YY	word_label	yy_6	yy_6	6	-0.07268035703444224
sub-27	meta_metaphor	meta_R_pMTG_pSTS	yy	YY	word_label	yy_32	yy_32	32	0.2594821313418933
sub-27	meta_metaphor	meta_R_pMTG_pSTS	yy	YY	word_label	yy_9	yy_9	9	0.24696144864416586
sub-27	meta_metaphor	meta_R_pMTG_pSTS	yy	YY	word_label	yy_8	yy_8	8	-0.6680309282358514
sub-27	meta_metaphor	meta_R_pMTG_pSTS	yy	YY	word_label	yy_26	yy_26	26	0.571527632254213
sub-27	meta_metaphor	meta_R_pMTG_pSTS	yy	YY	word_label	yy_12	yy_12	12	-0.21092379084317808
sub-27	meta_metaphor	meta_R_pMTG_pSTS	yy	YY	word_label	yy_38	yy_38	38	0.3883667970689318
sub-27	meta_metaphor	meta_R_pMTG_pSTS	yy	YY	word_label	yy_22	yy_22	22	-0.08853566326419002
sub-27	meta_metaphor	meta_R_pMTG_pSTS	yy	YY	word_label	yy_13	yy_13	13	-0.4384139000541231
sub-27	meta_metaphor	meta_R_pMTG_pSTS	yy	YY	word_label	yy_21	yy_21	21	-0.377279102326422
sub-27	meta_metaphor	meta_R_pMTG_pSTS	yy	YY	word_label	yy_14	yy_14	14	0.20508461878294412
sub-27	meta_metaphor	meta_R_pMTG_pSTS	yy	YY	word_label	yy_40	yy_40	40	0.23344527757659284
sub-27	meta_metaphor	meta_R_pMTG_pSTS	yy	YY	word_label	yy_10	yy_10	10	0.6167129717007589
sub-27	meta_metaphor	meta_R_pMTG_pSTS	yy	YY	word_label	yy_37	yy_37	37	-0.4312202133687659
sub-27	meta_metaphor	meta_R_pMTG_pSTS	yy	YY	word_label	yy_28	yy_28	28	0.3412979594508756
sub-27	meta_metaphor	meta_R_pMTG_pSTS	yy	YY	word_label	yy_27	yy_27	27	0.2869387368151306
sub-27	meta_metaphor	meta_R_pMTG_pSTS	yy	YY	word_label	yy_2	yy_2	2	-0.03696877017340982
sub-27	meta_metaphor	meta_R_pMTG_pSTS	yy	YY	word_label	yy_3	yy_3	3	0.13166490478727183
sub-27	meta_metaphor	meta_R_pMTG_pSTS	yy	YY	word_label	yy_7	yy_7	7	-0.05023166787842075
sub-27	meta_metaphor	meta_R_pMTG_pSTS	yy	YY	word_label	yy_24	yy_24	24	-0.27147586012562136
sub-27	meta_metaphor	meta_R_pMTG_pSTS	kj	KJ	word_label	kj_7	kj_7	7	0.6658489828780578
sub-27	meta_metaphor	meta_R_pMTG_pSTS	kj	KJ	word_label	kj_31	kj_31	31	-0.11556207618955963
sub-27	meta_metaphor	meta_R_pMTG_pSTS	kj	KJ	word_label	kj_38	kj_38	38	0.17562880939698472
sub-27	meta_metaphor	meta_R_pMTG_pSTS	kj	KJ	word_label	kj_28	kj_28	28	-0.13804736764237538
sub-27	meta_metaphor	meta_R_pMTG_pSTS	kj	KJ	word_label	kj_29	kj_29	29	-0.21335446253532278
sub-27	meta_metaphor	meta_R_pMTG_pSTS	kj	KJ	word_label	kj_12	kj_12	12	0.15391086491500458
sub-27	meta_metaphor	meta_R_pMTG_pSTS	kj	KJ	word_label	kj_8	kj_8	8	0.02949597799073948
sub-27	meta_metaphor	meta_R_pMTG_pSTS	kj	KJ	word_label	kj_24	kj_24	24	0.37364233397717034
sub-27	meta_metaphor	meta_R_pMTG_pSTS	kj	KJ	word_label	kj_17	kj_17	17	-0.5534044110035332
sub-27	meta_metaphor	meta_R_pMTG_pSTS	kj	KJ	word_label	kj_2	kj_2	2	-0.016345033108201224
sub-27	meta_metaphor	meta_R_pMTG_pSTS	kj	KJ	word_label	kj_33	kj_33	33	-0.08989021135620341
sub-27	meta_metaphor	meta_R_pMTG_pSTS	kj	KJ	word_label	kj_25	kj_25	25	-0.3677428641034737
sub-27	meta_metaphor	meta_R_pMTG_pSTS	kj	KJ	word_label	kj_13	kj_13	13	-0.10302048265295514
sub-27	meta_metaphor	meta_R_pMTG_pSTS	kj	KJ	word_label	kj_37	kj_37	37	0.3922366729730134
sub-27	meta_metaphor	meta_R_pMTG_pSTS	kj	KJ	word_label	kj_30	kj_30	30	0.01748006366102256
sub-27	meta_metaphor	meta_R_pMTG_pSTS	kj	KJ	word_label	kj_20	kj_20	20	-0.042637008208825766
sub-27	meta_metaphor	meta_R_pMTG_pSTS	kj	KJ	word_label	kj_22	kj_22	22	0.5106235143758248
sub-27	meta_metaphor	meta_R_pMTG_pSTS	kj	KJ	word_label	kj_10	kj_10	10	-0.04907408032397178
sub-27	meta_metaphor	meta_R_pMTG_pSTS	kj	KJ	word_label	kj_5	kj_5	5	-0.40495584481752556
sub-27	meta_metaphor	meta_R_pMTG_pSTS	kj	KJ	word_label	kj_3	kj_3	3	0.3145426807299933
sub-27	meta_metaphor	meta_R_pMTG_pSTS	kj	KJ	word_label	kj_26	kj_26	26	0.352888309984574
sub-27	meta_metaphor	meta_R_pMTG_pSTS	kj	KJ	word_label	kj_19	kj_19	19	0.2835411648861544
sub-27	meta_metaphor	meta_R_pMTG_pSTS	kj	KJ	word_label	kj_39	kj_39	39	-0.38888815444867
sub-27	meta_metaphor	meta_R_pMTG_pSTS	kj	KJ	word_label	kj_34	kj_34	34	-0.3093980790464023
sub-27	meta_metaphor	meta_R_pMTG_pSTS	kj	KJ	word_label	kj_16	kj_16	16	0.2673127117731123
sub-27	meta_metaphor	meta_R_pMTG_pSTS	kj	KJ	word_label	kj_11	kj_11	11	-0.04013884228053033
sub-27	meta_metaphor	meta_R_pMTG_pSTS	kj	KJ	word_label	kj_36	kj_36	36	0.7154818381746428
sub-27	meta_metaphor	meta_R_pMTG_pSTS	kj	KJ	word_label	kj_15	kj_15	15	-0.5884907032453458
sub-27	meta_metaphor	meta_R_pMTG_pSTS	kj	KJ	word_label	kj_14	kj_14	14	-0.4711173571940643
sub-27	meta_metaphor	meta_R_pMTG_pSTS	kj	KJ	word_label	kj_21	kj_21	21	-0.18791292402142173
sub-27	meta_metaphor	meta_R_pMTG_pSTS	kj	KJ	word_label	kj_1	kj_1	1	0.4532590608675937
sub-27	meta_metaphor	meta_R_pMTG_pSTS	kj	KJ	word_label	kj_23	kj_23	23	0.5207088700902116
sub-27	meta_metaphor	meta_R_pMTG_pSTS	kj	KJ	word_label	kj_9	kj_9	9	-0.08639147125667468
sub-27	meta_metaphor	meta_R_pMTG_pSTS	kj	KJ	word_label	kj_27	kj_27	27	-0.4250844415103687
sub-27	meta_metaphor	meta_R_pMTG_pSTS	kj	KJ	word_label	kj_6	kj_6	6	-0.14449276122296784
sub-27	meta_metaphor	meta_R_temporal_pole	yy	YY	word_label	yy_36	yy_36	36	0.5858576250745059
sub-27	meta_metaphor	meta_R_temporal_pole	yy	YY	word_label	yy_18	yy_18	18	-0.28559007914569823
sub-27	meta_metaphor	meta_R_temporal_pole	yy	YY	word_label	yy_39	yy_39	39	0.42325853710004535
sub-27	meta_metaphor	meta_R_temporal_pole	yy	YY	word_label	yy_4	yy_4	4	-0.4246394383766293
sub-27	meta_metaphor	meta_R_temporal_pole	yy	YY	word_label	yy_1	yy_1	1	-0.2168954194051219
sub-27	meta_metaphor	meta_R_temporal_pole	yy	YY	word_label	yy_35	yy_35	35	-0.47098336411812497
sub-27	meta_metaphor	meta_R_temporal_pole	yy	YY	word_label	yy_5	yy_5	5	0.38737901473290387
sub-27	meta_metaphor	meta_R_temporal_pole	yy	YY	word_label	yy_19	yy_19	19	0.16441579742066198
sub-27	meta_metaphor	meta_R_temporal_pole	yy	YY	word_label	yy_11	yy_11	11	-0.2164028146850621
sub-27	meta_metaphor	meta_R_temporal_pole	yy	YY	word_label	yy_23	yy_23	23	0.2357104429163407
sub-27	meta_metaphor	meta_R_temporal_pole	yy	YY	word_label	yy_33	yy_33	33	0.07328041631418501
sub-27	meta_metaphor	meta_R_temporal_pole	yy	YY	word_label	yy_17	yy_17	17	-0.04768954594735946
sub-27	meta_metaphor	meta_R_temporal_pole	yy	YY	word_label	yy_29	yy_29	29	0.15131354825407625
sub-27	meta_metaphor	meta_R_temporal_pole	yy	YY	word_label	yy_16	yy_16	16	0.26425691931007106
sub-27	meta_metaphor	meta_R_temporal_pole	yy	YY	word_label	yy_15	yy_15	15	0.18058049327934192
sub-27	meta_metaphor	meta_R_temporal_pole	yy	YY	word_label	yy_6	yy_6	6	-0.15248473723876205
sub-27	meta_metaphor	meta_R_temporal_pole	yy	YY	word_label	yy_32	yy_32	32	-0.05124756983779438
sub-27	meta_metaphor	meta_R_temporal_pole	yy	YY	word_label	yy_9	yy_9	9	0.022658969910745078
sub-27	meta_metaphor	meta_R_temporal_pole	yy	YY	word_label	yy_8	yy_8	8	-0.39460760945332085
sub-27	meta_metaphor	meta_R_temporal_pole	yy	YY	word_label	yy_26	yy_26	26	0.16174360345152977
sub-27	meta_metaphor	meta_R_temporal_pole	yy	YY	word_label	yy_12	yy_12	12	-0.07130604932358584
sub-27	meta_metaphor	meta_R_temporal_pole	yy	YY	word_label	yy_38	yy_38	38	-0.5370306470902455
sub-27	meta_metaphor	meta_R_temporal_pole	yy	YY	word_label	yy_22	yy_22	22	0.5014725466502383
sub-27	meta_metaphor	meta_R_temporal_pole	yy	YY	word_label	yy_13	yy_13	13	0.5216935294909033
sub-27	meta_metaphor	meta_R_temporal_pole	yy	YY	word_label	yy_21	yy_21	21	-0.0023338519966366418
sub-27	meta_metaphor	meta_R_temporal_pole	yy	YY	word_label	yy_14	yy_14	14	0.142749896110711
sub-27	meta_metaphor	meta_R_temporal_pole	yy	YY	word_label	yy_40	yy_40	40	0.2741429171576197
sub-27	meta_metaphor	meta_R_temporal_pole	yy	YY	word_label	yy_10	yy_10	10	-0.09039680370867333
sub-27	meta_metaphor	meta_R_temporal_pole	yy	YY	word_label	yy_37	yy_37	37	-0.12538350540993182
sub-27	meta_metaphor	meta_R_temporal_pole	yy	YY	word_label	yy_28	yy_28	28	0.3303679534763492
sub-27	meta_metaphor	meta_R_temporal_pole	yy	YY	word_label	yy_27	yy_27	27	-0.2270360875588407
sub-27	meta_metaphor	meta_R_temporal_pole	yy	YY	word_label	yy_2	yy_2	2	0.529248872086618
sub-27	meta_metaphor	meta_R_temporal_pole	yy	YY	word_label	yy_3	yy_3	3	0.0986586866410767
sub-27	meta_metaphor	meta_R_temporal_pole	yy	YY	word_label	yy_7	yy_7	7	0.17803293780119675
sub-27	meta_metaphor	meta_R_temporal_pole	yy	YY	word_label	yy_24	yy_24	24	-0.32603745292394665
sub-27	meta_metaphor	meta_R_temporal_pole	kj	KJ	word_label	kj_7	kj_7	7	-0.14009958672105738
sub-27	meta_metaphor	meta_R_temporal_pole	kj	KJ	word_label	kj_31	kj_31	31	0.6490211081929216
sub-27	meta_metaphor	meta_R_temporal_pole	kj	KJ	word_label	kj_38	kj_38	38	-0.38424507923583356
sub-27	meta_metaphor	meta_R_temporal_pole	kj	KJ	word_label	kj_28	kj_28	28	-0.08649872457831878
sub-27	meta_metaphor	meta_R_temporal_pole	kj	KJ	word_label	kj_29	kj_29	29	0.023856938145976996
sub-27	meta_metaphor	meta_R_temporal_pole	kj	KJ	word_label	kj_12	kj_12	12	0.15818553519330247
sub-27	meta_metaphor	meta_R_temporal_pole	kj	KJ	word_label	kj_8	kj_8	8	0.2512888495232637
sub-27	meta_metaphor	meta_R_temporal_pole	kj	KJ	word_label	kj_24	kj_24	24	-0.14726790390858163
sub-27	meta_metaphor	meta_R_temporal_pole	kj	KJ	word_label	kj_17	kj_17	17	0.22822933033718718
sub-27	meta_metaphor	meta_R_temporal_pole	kj	KJ	word_label	kj_2	kj_2	2	0.09360037655440867
sub-27	meta_metaphor	meta_R_temporal_pole	kj	KJ	word_label	kj_33	kj_33	33	-0.15694877736238505
sub-27	meta_metaphor	meta_R_temporal_pole	kj	KJ	word_label	kj_25	kj_25	25	0.11628977047055412
sub-27	meta_metaphor	meta_R_temporal_pole	kj	KJ	word_label	kj_13	kj_13	13	-0.04897656890312869
sub-27	meta_metaphor	meta_R_temporal_pole	kj	KJ	word_label	kj_37	kj_37	37	-0.355389745485345
sub-27	meta_metaphor	meta_R_temporal_pole	kj	KJ	word_label	kj_30	kj_30	30	0.3740815273942476
sub-27	meta_metaphor	meta_R_temporal_pole	kj	KJ	word_label	kj_20	kj_20	20	0.056484316148491
sub-27	meta_metaphor	meta_R_temporal_pole	kj	KJ	word_label	kj_22	kj_22	22	-0.15274066620283527
sub-27	meta_metaphor	meta_R_temporal_pole	kj	KJ	word_label	kj_10	kj_10	10	0.23924467310428832
sub-27	meta_metaphor	meta_R_temporal_pole	kj	KJ	word_label	kj_5	kj_5	5	-0.23939610017224291
sub-27	meta_metaphor	meta_R_temporal_pole	kj	KJ	word_label	kj_3	kj_3	3	0.10955245293591007
sub-27	meta_metaphor	meta_R_temporal_pole	kj	KJ	word_label	kj_26	kj_26	26	-0.45034220437221667
sub-27	meta_metaphor	meta_R_temporal_pole	kj	KJ	word_label	kj_19	kj_19	19	0.22059165890908733
sub-27	meta_metaphor	meta_R_temporal_pole	kj	KJ	word_label	kj_39	kj_39	39	-0.0579673312167871
sub-27	meta_metaphor	meta_R_temporal_pole	kj	KJ	word_label	kj_34	kj_34	34	-0.2465063632798455
sub-27	meta_metaphor	meta_R_temporal_pole	kj	KJ	word_label	kj_16	kj_16	16	-0.029009154825063468
sub-27	meta_metaphor	meta_R_temporal_pole	kj	KJ	word_label	kj_11	kj_11	11	0.3311808529581148
sub-27	meta_metaphor	meta_R_temporal_pole	kj	KJ	word_label	kj_36	kj_36	36	0.3286214094716304
sub-27	meta_metaphor	meta_R_temporal_pole	kj	KJ	word_label	kj_15	kj_15	15	-0.37860979304792547
sub-27	meta_metaphor	meta_R_temporal_pole	kj	KJ	word_label	kj_14	kj_14	14	0.07896076333770302
sub-27	meta_metaphor	meta_R_temporal_pole	kj	KJ	word_label	kj_21	kj_21	21	-0.4253019040143253
sub-27	meta_metaphor	meta_R_temporal_pole	kj	KJ	word_label	kj_1	kj_1	1	0.433015157836894
sub-27	meta_metaphor	meta_R_temporal_pole	kj	KJ	word_label	kj_23	kj_23	23	0.2497164986987757
sub-27	meta_metaphor	meta_R_temporal_pole	kj	KJ	word_label	kj_9	kj_9	9	0.4270786156308775
sub-27	meta_metaphor	meta_R_temporal_pole	kj	KJ	word_label	kj_27	kj_27	27	-0.38003605802167867
sub-27	meta_metaphor	meta_R_temporal_pole	kj	KJ	word_label	kj_6	kj_6	6	0.5730146902428607
sub-28	meta_metaphor	meta_L_AG	yy	YY	word_label	yy_12	yy_12	12	-0.005192793796670632
sub-28	meta_metaphor	meta_L_AG	yy	YY	word_label	yy_1	yy_1	1	0.43526956972132097
sub-28	meta_metaphor	meta_L_AG	yy	YY	word_label	yy_4	yy_4	4	-0.39062982252993134
sub-28	meta_metaphor	meta_L_AG	yy	YY	word_label	yy_33	yy_33	33	0.34963044698819173
sub-28	meta_metaphor	meta_L_AG	yy	YY	word_label	yy_19	yy_19	19	-0.11209360368750403
sub-28	meta_metaphor	meta_L_AG	yy	YY	word_label	yy_40	yy_40	40	0.3988518407132853
sub-28	meta_metaphor	meta_L_AG	yy	YY	word_label	yy_37	yy_37	37	0.742752540326033
sub-28	meta_metaphor	meta_L_AG	yy	YY	word_label	yy_2	yy_2	2	0.27462378710985313
sub-28	meta_metaphor	meta_L_AG	yy	YY	word_label	yy_11	yy_11	11	0.11546253986382513
sub-28	meta_metaphor	meta_L_AG	yy	YY	word_label	yy_35	yy_35	35	0.06205979829851713
sub-28	meta_metaphor	meta_L_AG	yy	YY	word_label	yy_8	yy_8	8	-0.01535670151754121
sub-28	meta_metaphor	meta_L_AG	yy	YY	word_label	yy_16	yy_16	16	0.32023113006995824
sub-28	meta_metaphor	meta_L_AG	yy	YY	word_label	yy_3	yy_3	3	0.4484118435273411
sub-28	meta_metaphor	meta_L_AG	yy	YY	word_label	yy_5	yy_5	5	0.7858049208304637
sub-28	meta_metaphor	meta_L_AG	yy	YY	word_label	yy_38	yy_38	38	0.5653154148605525
sub-28	meta_metaphor	meta_L_AG	yy	YY	word_label	yy_26	yy_26	26	-0.08592082977286447
sub-28	meta_metaphor	meta_L_AG	yy	YY	word_label	yy_28	yy_28	28	-0.4472885691959027
sub-28	meta_metaphor	meta_L_AG	yy	YY	word_label	yy_7	yy_7	7	0.05080426243295826
sub-28	meta_metaphor	meta_L_AG	yy	YY	word_label	yy_18	yy_18	18	0.03383149616691671
sub-28	meta_metaphor	meta_L_AG	yy	YY	word_label	yy_14	yy_14	14	0.523439369713791
sub-28	meta_metaphor	meta_L_AG	yy	YY	word_label	yy_32	yy_32	32	0.7495613036027003
sub-28	meta_metaphor	meta_L_AG	yy	YY	word_label	yy_9	yy_9	9	-0.04385506905078389
sub-28	meta_metaphor	meta_L_AG	yy	YY	word_label	yy_27	yy_27	27	0.23051785277433862
sub-28	meta_metaphor	meta_L_AG	yy	YY	word_label	yy_21	yy_21	21	0.32136046903983073
sub-28	meta_metaphor	meta_L_AG	yy	YY	word_label	yy_6	yy_6	6	0.022022283044342342
sub-28	meta_metaphor	meta_L_AG	yy	YY	word_label	yy_23	yy_23	23	0.20380077656384918
sub-28	meta_metaphor	meta_L_AG	yy	YY	word_label	yy_24	yy_24	24	0.12346714511323247
sub-28	meta_metaphor	meta_L_AG	yy	YY	word_label	yy_36	yy_36	36	0.03212954387191316
sub-28	meta_metaphor	meta_L_AG	yy	YY	word_label	yy_39	yy_39	39	0.22646763735913972
sub-28	meta_metaphor	meta_L_AG	yy	YY	word_label	yy_15	yy_15	15	0.2190982082101804
sub-28	meta_metaphor	meta_L_AG	yy	YY	word_label	yy_22	yy_22	22	0.63653428461951
sub-28	meta_metaphor	meta_L_AG	yy	YY	word_label	yy_13	yy_13	13	0.05889552632418094
sub-28	meta_metaphor	meta_L_AG	yy	YY	word_label	yy_29	yy_29	29	-0.46056451759614564
sub-28	meta_metaphor	meta_L_AG	yy	YY	word_label	yy_17	yy_17	17	0.09500683615364527
sub-28	meta_metaphor	meta_L_AG	yy	YY	word_label	yy_10	yy_10	10	0.2936247890416907
sub-28	meta_metaphor	meta_L_AG	kj	KJ	word_label	kj_10	kj_10	10	0.459817390947225
sub-28	meta_metaphor	meta_L_AG	kj	KJ	word_label	kj_7	kj_7	7	0.5844100578081037
sub-28	meta_metaphor	meta_L_AG	kj	KJ	word_label	kj_16	kj_16	16	0.5165418339126178
sub-28	meta_metaphor	meta_L_AG	kj	KJ	word_label	kj_15	kj_15	15	0.4890020944665557
sub-28	meta_metaphor	meta_L_AG	kj	KJ	word_label	kj_5	kj_5	5	0.03357407102675566
sub-28	meta_metaphor	meta_L_AG	kj	KJ	word_label	kj_23	kj_23	23	0.30200053331874827
sub-28	meta_metaphor	meta_L_AG	kj	KJ	word_label	kj_28	kj_28	28	-0.5975950529893158
sub-28	meta_metaphor	meta_L_AG	kj	KJ	word_label	kj_3	kj_3	3	0.11874506871169058
sub-28	meta_metaphor	meta_L_AG	kj	KJ	word_label	kj_34	kj_34	34	0.4722526123826544
sub-28	meta_metaphor	meta_L_AG	kj	KJ	word_label	kj_20	kj_20	20	0.050397316903564304
sub-28	meta_metaphor	meta_L_AG	kj	KJ	word_label	kj_8	kj_8	8	0.192529145717449
sub-28	meta_metaphor	meta_L_AG	kj	KJ	word_label	kj_13	kj_13	13	0.7230099869436153
sub-28	meta_metaphor	meta_L_AG	kj	KJ	word_label	kj_26	kj_26	26	-0.10161236452762558
sub-28	meta_metaphor	meta_L_AG	kj	KJ	word_label	kj_25	kj_25	25	-0.041501364714811896
sub-28	meta_metaphor	meta_L_AG	kj	KJ	word_label	kj_31	kj_31	31	-0.15750113943768293
sub-28	meta_metaphor	meta_L_AG	kj	KJ	word_label	kj_30	kj_30	30	0.3978911993866815
sub-28	meta_metaphor	meta_L_AG	kj	KJ	word_label	kj_9	kj_9	9	-0.1964676496097638
sub-28	meta_metaphor	meta_L_AG	kj	KJ	word_label	kj_27	kj_27	27	0.4129354988143875
sub-28	meta_metaphor	meta_L_AG	kj	KJ	word_label	kj_39	kj_39	39	0.0011606345623088583
sub-28	meta_metaphor	meta_L_AG	kj	KJ	word_label	kj_22	kj_22	22	-0.2015785253908842
sub-28	meta_metaphor	meta_L_AG	kj	KJ	word_label	kj_2	kj_2	2	-0.4859917005141155
sub-28	meta_metaphor	meta_L_AG	kj	KJ	word_label	kj_37	kj_37	37	0.015086475194112162
sub-28	meta_metaphor	meta_L_AG	kj	KJ	word_label	kj_33	kj_33	33	0.32086059421951835
sub-28	meta_metaphor	meta_L_AG	kj	KJ	word_label	kj_14	kj_14	14	0.4100874289681562
sub-28	meta_metaphor	meta_L_AG	kj	KJ	word_label	kj_21	kj_21	21	0.2592216171175842
sub-28	meta_metaphor	meta_L_AG	kj	KJ	word_label	kj_29	kj_29	29	-0.09457088012935931
sub-28	meta_metaphor	meta_L_AG	kj	KJ	word_label	kj_36	kj_36	36	0.47185491858378015
sub-28	meta_metaphor	meta_L_AG	kj	KJ	word_label	kj_1	kj_1	1	0.22299429965919562
sub-28	meta_metaphor	meta_L_AG	kj	KJ	word_label	kj_11	kj_11	11	0.5249152641183354
sub-28	meta_metaphor	meta_L_AG	kj	KJ	word_label	kj_17	kj_17	17	0.10322054352061147
sub-28	meta_metaphor	meta_L_AG	kj	KJ	word_label	kj_19	kj_19	19	0.11011322142305043
sub-28	meta_metaphor	meta_L_AG	kj	KJ	word_label	kj_12	kj_12	12	0.42100069797094
sub-28	meta_metaphor	meta_L_AG	kj	KJ	word_label	kj_6	kj_6	6	0.5687944443769777
sub-28	meta_metaphor	meta_L_AG	kj	KJ	word_label	kj_24	kj_24	24	0.06036022949550592
sub-28	meta_metaphor	meta_L_AG	kj	KJ	word_label	kj_38	kj_38	38	0.4889375942518731
sub-28	meta_metaphor	meta_L_IFG	yy	YY	word_label	yy_12	yy_12	12	-0.2697567767324642
sub-28	meta_metaphor	meta_L_IFG	yy	YY	word_label	yy_1	yy_1	1	0.2112746897556548
sub-28	meta_metaphor	meta_L_IFG	yy	YY	word_label	yy_4	yy_4	4	-0.11442774510062378
sub-28	meta_metaphor	meta_L_IFG	yy	YY	word_label	yy_33	yy_33	33	0.013122843733458149
sub-28	meta_metaphor	meta_L_IFG	yy	YY	word_label	yy_19	yy_19	19	-0.08394986594983293
sub-28	meta_metaphor	meta_L_IFG	yy	YY	word_label	yy_40	yy_40	40	0.1473550840341741
sub-28	meta_metaphor	meta_L_IFG	yy	YY	word_label	yy_37	yy_37	37	0.2811224920632637
sub-28	meta_metaphor	meta_L_IFG	yy	YY	word_label	yy_2	yy_2	2	-0.26296764146970164
sub-28	meta_metaphor	meta_L_IFG	yy	YY	word_label	yy_11	yy_11	11	-0.4258107053651676
sub-28	meta_metaphor	meta_L_IFG	yy	YY	word_label	yy_35	yy_35	35	0.22284891787217964
sub-28	meta_metaphor	meta_L_IFG	yy	YY	word_label	yy_8	yy_8	8	-0.05086532945461689
sub-28	meta_metaphor	meta_L_IFG	yy	YY	word_label	yy_16	yy_16	16	-0.16832964813972942
sub-28	meta_metaphor	meta_L_IFG	yy	YY	word_label	yy_3	yy_3	3	0.37334803981268155
sub-28	meta_metaphor	meta_L_IFG	yy	YY	word_label	yy_5	yy_5	5	-0.013639858852124057
sub-28	meta_metaphor	meta_L_IFG	yy	YY	word_label	yy_38	yy_38	38	0.005630951783958124
sub-28	meta_metaphor	meta_L_IFG	yy	YY	word_label	yy_26	yy_26	26	0.003933699843384624
sub-28	meta_metaphor	meta_L_IFG	yy	YY	word_label	yy_28	yy_28	28	-0.15304748879114727
sub-28	meta_metaphor	meta_L_IFG	yy	YY	word_label	yy_7	yy_7	7	0.01095845285908609
sub-28	meta_metaphor	meta_L_IFG	yy	YY	word_label	yy_18	yy_18	18	-0.012270344716735219
sub-28	meta_metaphor	meta_L_IFG	yy	YY	word_label	yy_14	yy_14	14	0.35949683289176465
sub-28	meta_metaphor	meta_L_IFG	yy	YY	word_label	yy_32	yy_32	32	-0.1774932903363819
sub-28	meta_metaphor	meta_L_IFG	yy	YY	word_label	yy_9	yy_9	9	-0.3496951746531139
sub-28	meta_metaphor	meta_L_IFG	yy	YY	word_label	yy_27	yy_27	27	0.31903915772915764
sub-28	meta_metaphor	meta_L_IFG	yy	YY	word_label	yy_21	yy_21	21	0.28793620245224105
sub-28	meta_metaphor	meta_L_IFG	yy	YY	word_label	yy_6	yy_6	6	0.10532583597468287
sub-28	meta_metaphor	meta_L_IFG	yy	YY	word_label	yy_23	yy_23	23	0.1638032986004218
sub-28	meta_metaphor	meta_L_IFG	yy	YY	word_label	yy_24	yy_24	24	-0.2663873290020412
sub-28	meta_metaphor	meta_L_IFG	yy	YY	word_label	yy_36	yy_36	36	-0.44477105149381735
sub-28	meta_metaphor	meta_L_IFG	yy	YY	word_label	yy_39	yy_39	39	0.397530917473122
sub-28	meta_metaphor	meta_L_IFG	yy	YY	word_label	yy_15	yy_15	15	0.5016203004505598
sub-28	meta_metaphor	meta_L_IFG	yy	YY	word_label	yy_22	yy_22	22	0.010997910295348946
sub-28	meta_metaphor	meta_L_IFG	yy	YY	word_label	yy_13	yy_13	13	0.1162653946924076
sub-28	meta_metaphor	meta_L_IFG	yy	YY	word_label	yy_29	yy_29	29	0.06488493082219615
sub-28	meta_metaphor	meta_L_IFG	yy	YY	word_label	yy_17	yy_17	17	-0.1468397152950598
sub-28	meta_metaphor	meta_L_IFG	yy	YY	word_label	yy_10	yy_10	10	0.09700227139653964
sub-28	meta_metaphor	meta_L_IFG	kj	KJ	word_label	kj_10	kj_10	10	-0.17732847317472694
sub-28	meta_metaphor	meta_L_IFG	kj	KJ	word_label	kj_7	kj_7	7	0.09424926339690182
sub-28	meta_metaphor	meta_L_IFG	kj	KJ	word_label	kj_16	kj_16	16	0.24384036137392617
sub-28	meta_metaphor	meta_L_IFG	kj	KJ	word_label	kj_15	kj_15	15	0.03258598219336854
sub-28	meta_metaphor	meta_L_IFG	kj	KJ	word_label	kj_5	kj_5	5	0.10364900437896765
sub-28	meta_metaphor	meta_L_IFG	kj	KJ	word_label	kj_23	kj_23	23	0.3030458130091484
sub-28	meta_metaphor	meta_L_IFG	kj	KJ	word_label	kj_28	kj_28	28	-0.16894374322558348
sub-28	meta_metaphor	meta_L_IFG	kj	KJ	word_label	kj_3	kj_3	3	0.09817899854133383
sub-28	meta_metaphor	meta_L_IFG	kj	KJ	word_label	kj_34	kj_34	34	0.052497711040471746
sub-28	meta_metaphor	meta_L_IFG	kj	KJ	word_label	kj_20	kj_20	20	0.5725324636477318
sub-28	meta_metaphor	meta_L_IFG	kj	KJ	word_label	kj_8	kj_8	8	-0.3811173921587566
sub-28	meta_metaphor	meta_L_IFG	kj	KJ	word_label	kj_13	kj_13	13	-0.27429615046562333
sub-28	meta_metaphor	meta_L_IFG	kj	KJ	word_label	kj_26	kj_26	26	0.11398660372296832
sub-28	meta_metaphor	meta_L_IFG	kj	KJ	word_label	kj_25	kj_25	25	0.12368559430417018
sub-28	meta_metaphor	meta_L_IFG	kj	KJ	word_label	kj_31	kj_31	31	-0.182616572872596
sub-28	meta_metaphor	meta_L_IFG	kj	KJ	word_label	kj_30	kj_30	30	0.2215886947224551
sub-28	meta_metaphor	meta_L_IFG	kj	KJ	word_label	kj_9	kj_9	9	0.30829276311236187
sub-28	meta_metaphor	meta_L_IFG	kj	KJ	word_label	kj_27	kj_27	27	0.12462818101610978
sub-28	meta_metaphor	meta_L_IFG	kj	KJ	word_label	kj_39	kj_39	39	0.03786582800683839
sub-28	meta_metaphor	meta_L_IFG	kj	KJ	word_label	kj_22	kj_22	22	0.30699285650826447
sub-28	meta_metaphor	meta_L_IFG	kj	KJ	word_label	kj_2	kj_2	2	0.06397182960939189
sub-28	meta_metaphor	meta_L_IFG	kj	KJ	word_label	kj_37	kj_37	37	-0.3793040602779358
sub-28	meta_metaphor	meta_L_IFG	kj	KJ	word_label	kj_33	kj_33	33	0.08213391792620829
sub-28	meta_metaphor	meta_L_IFG	kj	KJ	word_label	kj_14	kj_14	14	0.30117482231546455
sub-28	meta_metaphor	meta_L_IFG	kj	KJ	word_label	kj_21	kj_21	21	0.07926627614803874
sub-28	meta_metaphor	meta_L_IFG	kj	KJ	word_label	kj_29	kj_29	29	-0.046643015217948745
sub-28	meta_metaphor	meta_L_IFG	kj	KJ	word_label	kj_36	kj_36	36	0.22386841279759181
sub-28	meta_metaphor	meta_L_IFG	kj	KJ	word_label	kj_1	kj_1	1	-0.17452810037729133
sub-28	meta_metaphor	meta_L_IFG	kj	KJ	word_label	kj_11	kj_11	11	0.3230279665599719
sub-28	meta_metaphor	meta_L_IFG	kj	KJ	word_label	kj_17	kj_17	17	-0.22337313105721782
sub-28	meta_metaphor	meta_L_IFG	kj	KJ	word_label	kj_19	kj_19	19	-0.1544805228185888
sub-28	meta_metaphor	meta_L_IFG	kj	KJ	word_label	kj_12	kj_12	12	0.010876068177029411
sub-28	meta_metaphor	meta_L_IFG	kj	KJ	word_label	kj_6	kj_6	6	-0.012168234167401412
sub-28	meta_metaphor	meta_L_IFG	kj	KJ	word_label	kj_24	kj_24	24	0.26024084509150025
sub-28	meta_metaphor	meta_L_IFG	kj	KJ	word_label	kj_38	kj_38	38	0.23530167965647433
sub-28	meta_metaphor	meta_L_pMTG_pSTS	yy	YY	word_label	yy_12	yy_12	12	0.34175038890094844
sub-28	meta_metaphor	meta_L_pMTG_pSTS	yy	YY	word_label	yy_1	yy_1	1	0.06297767621905717
sub-28	meta_metaphor	meta_L_pMTG_pSTS	yy	YY	word_label	yy_4	yy_4	4	-0.28267750823498433
sub-28	meta_metaphor	meta_L_pMTG_pSTS	yy	YY	word_label	yy_33	yy_33	33	-0.13464896773252377
sub-28	meta_metaphor	meta_L_pMTG_pSTS	yy	YY	word_label	yy_19	yy_19	19	0.31425570059906727
sub-28	meta_metaphor	meta_L_pMTG_pSTS	yy	YY	word_label	yy_40	yy_40	40	0.1492846535605073
sub-28	meta_metaphor	meta_L_pMTG_pSTS	yy	YY	word_label	yy_37	yy_37	37	-0.166008894831937
sub-28	meta_metaphor	meta_L_pMTG_pSTS	yy	YY	word_label	yy_2	yy_2	2	-0.07816849076938133
sub-28	meta_metaphor	meta_L_pMTG_pSTS	yy	YY	word_label	yy_11	yy_11	11	0.2884220075818281
sub-28	meta_metaphor	meta_L_pMTG_pSTS	yy	YY	word_label	yy_35	yy_35	35	-0.23487820214745037
sub-28	meta_metaphor	meta_L_pMTG_pSTS	yy	YY	word_label	yy_8	yy_8	8	-0.1413897503346464
sub-28	meta_metaphor	meta_L_pMTG_pSTS	yy	YY	word_label	yy_16	yy_16	16	0.16761535010969952
sub-28	meta_metaphor	meta_L_pMTG_pSTS	yy	YY	word_label	yy_3	yy_3	3	0.09307939811923747
sub-28	meta_metaphor	meta_L_pMTG_pSTS	yy	YY	word_label	yy_5	yy_5	5	0.19113531484196178
sub-28	meta_metaphor	meta_L_pMTG_pSTS	yy	YY	word_label	yy_38	yy_38	38	0.21375758362440553
sub-28	meta_metaphor	meta_L_pMTG_pSTS	yy	YY	word_label	yy_26	yy_26	26	0.30767967655611067
sub-28	meta_metaphor	meta_L_pMTG_pSTS	yy	YY	word_label	yy_28	yy_28	28	-0.05726796778996912
sub-28	meta_metaphor	meta_L_pMTG_pSTS	yy	YY	word_label	yy_7	yy_7	7	-0.028967415622792668
sub-28	meta_metaphor	meta_L_pMTG_pSTS	yy	YY	word_label	yy_18	yy_18	18	0.001782983269932348
sub-28	meta_metaphor	meta_L_pMTG_pSTS	yy	YY	word_label	yy_14	yy_14	14	0.2942976304387021
sub-28	meta_metaphor	meta_L_pMTG_pSTS	yy	YY	word_label	yy_32	yy_32	32	0.703512636383051
sub-28	meta_metaphor	meta_L_pMTG_pSTS	yy	YY	word_label	yy_9	yy_9	9	0.4602491583206672
sub-28	meta_metaphor	meta_L_pMTG_pSTS	yy	YY	word_label	yy_27	yy_27	27	0.07525551896523958
sub-28	meta_metaphor	meta_L_pMTG_pSTS	yy	YY	word_label	yy_21	yy_21	21	-0.04579368620072563
sub-28	meta_metaphor	meta_L_pMTG_pSTS	yy	YY	word_label	yy_6	yy_6	6	0.2699607529120321
sub-28	meta_metaphor	meta_L_pMTG_pSTS	yy	YY	word_label	yy_23	yy_23	23	0.16974903421758492
sub-28	meta_metaphor	meta_L_pMTG_pSTS	yy	YY	word_label	yy_24	yy_24	24	0.086213635100894
sub-28	meta_metaphor	meta_L_pMTG_pSTS	yy	YY	word_label	yy_36	yy_36	36	0.17491984301147748
sub-28	meta_metaphor	meta_L_pMTG_pSTS	yy	YY	word_label	yy_39	yy_39	39	-0.35510292048444503
sub-28	meta_metaphor	meta_L_pMTG_pSTS	yy	YY	word_label	yy_15	yy_15	15	-0.17576993939967547
sub-28	meta_metaphor	meta_L_pMTG_pSTS	yy	YY	word_label	yy_22	yy_22	22	0.519291610054646
sub-28	meta_metaphor	meta_L_pMTG_pSTS	yy	YY	word_label	yy_13	yy_13	13	0.007812744154060847
sub-28	meta_metaphor	meta_L_pMTG_pSTS	yy	YY	word_label	yy_29	yy_29	29	0.08118781333031617
sub-28	meta_metaphor	meta_L_pMTG_pSTS	yy	YY	word_label	yy_17	yy_17	17	-0.0665068403459159
sub-28	meta_metaphor	meta_L_pMTG_pSTS	yy	YY	word_label	yy_10	yy_10	10	0.004870549781711432
sub-28	meta_metaphor	meta_L_pMTG_pSTS	kj	KJ	word_label	kj_10	kj_10	10	-0.2044790073963202
sub-28	meta_metaphor	meta_L_pMTG_pSTS	kj	KJ	word_label	kj_7	kj_7	7	0.01542371361265367
sub-28	meta_metaphor	meta_L_pMTG_pSTS	kj	KJ	word_label	kj_16	kj_16	16	0.03915965941854297
sub-28	meta_metaphor	meta_L_pMTG_pSTS	kj	KJ	word_label	kj_15	kj_15	15	-0.24895861213277
sub-28	meta_metaphor	meta_L_pMTG_pSTS	kj	KJ	word_label	kj_5	kj_5	5	-0.18899599163466785
sub-28	meta_metaphor	meta_L_pMTG_pSTS	kj	KJ	word_label	kj_23	kj_23	23	-0.05457199681571017
sub-28	meta_metaphor	meta_L_pMTG_pSTS	kj	KJ	word_label	kj_28	kj_28	28	0.42865025566814735
sub-28	meta_metaphor	meta_L_pMTG_pSTS	kj	KJ	word_label	kj_3	kj_3	3	0.10498186758892743
sub-28	meta_metaphor	meta_L_pMTG_pSTS	kj	KJ	word_label	kj_34	kj_34	34	0.12017344771002178
sub-28	meta_metaphor	meta_L_pMTG_pSTS	kj	KJ	word_label	kj_20	kj_20	20	0.19969065094318747
sub-28	meta_metaphor	meta_L_pMTG_pSTS	kj	KJ	word_label	kj_8	kj_8	8	-0.1709594380921245
sub-28	meta_metaphor	meta_L_pMTG_pSTS	kj	KJ	word_label	kj_13	kj_13	13	0.19617411551505187
sub-28	meta_metaphor	meta_L_pMTG_pSTS	kj	KJ	word_label	kj_26	kj_26	26	0.4147701163977096
sub-28	meta_metaphor	meta_L_pMTG_pSTS	kj	KJ	word_label	kj_25	kj_25	25	0.15838477604253526
sub-28	meta_metaphor	meta_L_pMTG_pSTS	kj	KJ	word_label	kj_31	kj_31	31	0.07899788692078719
sub-28	meta_metaphor	meta_L_pMTG_pSTS	kj	KJ	word_label	kj_30	kj_30	30	-0.1710097560626086
sub-28	meta_metaphor	meta_L_pMTG_pSTS	kj	KJ	word_label	kj_9	kj_9	9	-0.7479700588260818
sub-28	meta_metaphor	meta_L_pMTG_pSTS	kj	KJ	word_label	kj_27	kj_27	27	-0.13851332578922448
sub-28	meta_metaphor	meta_L_pMTG_pSTS	kj	KJ	word_label	kj_39	kj_39	39	-0.23600031536208232
sub-28	meta_metaphor	meta_L_pMTG_pSTS	kj	KJ	word_label	kj_22	kj_22	22	0.5558579177157434
sub-28	meta_metaphor	meta_L_pMTG_pSTS	kj	KJ	word_label	kj_2	kj_2	2	0.3591192189187325
sub-28	meta_metaphor	meta_L_pMTG_pSTS	kj	KJ	word_label	kj_37	kj_37	37	0.054495053713267017
sub-28	meta_metaphor	meta_L_pMTG_pSTS	kj	KJ	word_label	kj_33	kj_33	33	0.17420583680867283
sub-28	meta_metaphor	meta_L_pMTG_pSTS	kj	KJ	word_label	kj_14	kj_14	14	0.18679565497609266
sub-28	meta_metaphor	meta_L_pMTG_pSTS	kj	KJ	word_label	kj_21	kj_21	21	-0.2237347712028965
sub-28	meta_metaphor	meta_L_pMTG_pSTS	kj	KJ	word_label	kj_29	kj_29	29	-0.2300822958476512
sub-28	meta_metaphor	meta_L_pMTG_pSTS	kj	KJ	word_label	kj_36	kj_36	36	0.3655783290736032
sub-28	meta_metaphor	meta_L_pMTG_pSTS	kj	KJ	word_label	kj_1	kj_1	1	-0.12720055870118602
sub-28	meta_metaphor	meta_L_pMTG_pSTS	kj	KJ	word_label	kj_11	kj_11	11	-0.1468507170616138
sub-28	meta_metaphor	meta_L_pMTG_pSTS	kj	KJ	word_label	kj_17	kj_17	17	-0.4360236288193067
sub-28	meta_metaphor	meta_L_pMTG_pSTS	kj	KJ	word_label	kj_19	kj_19	19	0.23993230420659653
sub-28	meta_metaphor	meta_L_pMTG_pSTS	kj	KJ	word_label	kj_12	kj_12	12	0.5525845199758077
sub-28	meta_metaphor	meta_L_pMTG_pSTS	kj	KJ	word_label	kj_6	kj_6	6	0.351118797734477
sub-28	meta_metaphor	meta_L_pMTG_pSTS	kj	KJ	word_label	kj_24	kj_24	24	-0.1926170828411051
sub-28	meta_metaphor	meta_L_pMTG_pSTS	kj	KJ	word_label	kj_38	kj_38	38	-0.18986491491927998
sub-28	meta_metaphor	meta_L_temporal_pole	yy	YY	word_label	yy_12	yy_12	12	0.5191496471929735
sub-28	meta_metaphor	meta_L_temporal_pole	yy	YY	word_label	yy_1	yy_1	1	-0.046076750814786266
sub-28	meta_metaphor	meta_L_temporal_pole	yy	YY	word_label	yy_4	yy_4	4	0.24253591535821215
sub-28	meta_metaphor	meta_L_temporal_pole	yy	YY	word_label	yy_33	yy_33	33	0.1847057144082379
sub-28	meta_metaphor	meta_L_temporal_pole	yy	YY	word_label	yy_19	yy_19	19	-0.012140851137064918
sub-28	meta_metaphor	meta_L_temporal_pole	yy	YY	word_label	yy_40	yy_40	40	0.015659067502876954
sub-28	meta_metaphor	meta_L_temporal_pole	yy	YY	word_label	yy_37	yy_37	37	0.22362854116675612
sub-28	meta_metaphor	meta_L_temporal_pole	yy	YY	word_label	yy_2	yy_2	2	0.3197396546691238
sub-28	meta_metaphor	meta_L_temporal_pole	yy	YY	word_label	yy_11	yy_11	11	0.1564340135689543
sub-28	meta_metaphor	meta_L_temporal_pole	yy	YY	word_label	yy_35	yy_35	35	-0.3506546996914892
sub-28	meta_metaphor	meta_L_temporal_pole	yy	YY	word_label	yy_8	yy_8	8	0.29547172970718416
sub-28	meta_metaphor	meta_L_temporal_pole	yy	YY	word_label	yy_16	yy_16	16	-0.23955435451555418
sub-28	meta_metaphor	meta_L_temporal_pole	yy	YY	word_label	yy_3	yy_3	3	0.033599303682878175
sub-28	meta_metaphor	meta_L_temporal_pole	yy	YY	word_label	yy_5	yy_5	5	0.21932336661888094
sub-28	meta_metaphor	meta_L_temporal_pole	yy	YY	word_label	yy_38	yy_38	38	0.29674776738092484
sub-28	meta_metaphor	meta_L_temporal_pole	yy	YY	word_label	yy_26	yy_26	26	0.2777762301612678
sub-28	meta_metaphor	meta_L_temporal_pole	yy	YY	word_label	yy_28	yy_28	28	-0.17913495189465703
sub-28	meta_metaphor	meta_L_temporal_pole	yy	YY	word_label	yy_7	yy_7	7	0.4451273728047344
sub-28	meta_metaphor	meta_L_temporal_pole	yy	YY	word_label	yy_18	yy_18	18	0.34742959049572925
sub-28	meta_metaphor	meta_L_temporal_pole	yy	YY	word_label	yy_14	yy_14	14	0.5864449227923737
sub-28	meta_metaphor	meta_L_temporal_pole	yy	YY	word_label	yy_32	yy_32	32	0.1841208362659947
sub-28	meta_metaphor	meta_L_temporal_pole	yy	YY	word_label	yy_9	yy_9	9	0.3124156215522742
sub-28	meta_metaphor	meta_L_temporal_pole	yy	YY	word_label	yy_27	yy_27	27	0.24174322206048615
sub-28	meta_metaphor	meta_L_temporal_pole	yy	YY	word_label	yy_21	yy_21	21	0.1057254688972833
sub-28	meta_metaphor	meta_L_temporal_pole	yy	YY	word_label	yy_6	yy_6	6	0.3871450569234517
sub-28	meta_metaphor	meta_L_temporal_pole	yy	YY	word_label	yy_23	yy_23	23	-0.1956650947424
sub-28	meta_metaphor	meta_L_temporal_pole	yy	YY	word_label	yy_24	yy_24	24	-0.1986651716708173
sub-28	meta_metaphor	meta_L_temporal_pole	yy	YY	word_label	yy_36	yy_36	36	-0.18294013972704015
sub-28	meta_metaphor	meta_L_temporal_pole	yy	YY	word_label	yy_39	yy_39	39	0.6117479889705352
sub-28	meta_metaphor	meta_L_temporal_pole	yy	YY	word_label	yy_15	yy_15	15	0.30682188210845135
sub-28	meta_metaphor	meta_L_temporal_pole	yy	YY	word_label	yy_22	yy_22	22	-0.06176158243793257
sub-28	meta_metaphor	meta_L_temporal_pole	yy	YY	word_label	yy_13	yy_13	13	0.1374571487525145
sub-28	meta_metaphor	meta_L_temporal_pole	yy	YY	word_label	yy_29	yy_29	29	-0.25232832603575234
sub-28	meta_metaphor	meta_L_temporal_pole	yy	YY	word_label	yy_17	yy_17	17	-0.45078507046043154
sub-28	meta_metaphor	meta_L_temporal_pole	yy	YY	word_label	yy_10	yy_10	10	-0.038210624260794704
sub-28	meta_metaphor	meta_L_temporal_pole	kj	KJ	word_label	kj_10	kj_10	10	-0.25539288645946395
sub-28	meta_metaphor	meta_L_temporal_pole	kj	KJ	word_label	kj_7	kj_7	7	-0.0863334687389518
sub-28	meta_metaphor	meta_L_temporal_pole	kj	KJ	word_label	kj_16	kj_16	16	0.19733605197067625
sub-28	meta_metaphor	meta_L_temporal_pole	kj	KJ	word_label	kj_15	kj_15	15	0.40754512087021294
sub-28	meta_metaphor	meta_L_temporal_pole	kj	KJ	word_label	kj_5	kj_5	5	0.177096413086874
sub-28	meta_metaphor	meta_L_temporal_pole	kj	KJ	word_label	kj_23	kj_23	23	0.018429706476172387
sub-28	meta_metaphor	meta_L_temporal_pole	kj	KJ	word_label	kj_28	kj_28	28	0.2374833437918598
sub-28	meta_metaphor	meta_L_temporal_pole	kj	KJ	word_label	kj_3	kj_3	3	0.5809139875280619
sub-28	meta_metaphor	meta_L_temporal_pole	kj	KJ	word_label	kj_34	kj_34	34	0.272894839358231
sub-28	meta_metaphor	meta_L_temporal_pole	kj	KJ	word_label	kj_20	kj_20	20	0.15128914924069278
sub-28	meta_metaphor	meta_L_temporal_pole	kj	KJ	word_label	kj_8	kj_8	8	0.2563511940903855
sub-28	meta_metaphor	meta_L_temporal_pole	kj	KJ	word_label	kj_13	kj_13	13	0.47351689161004457
sub-28	meta_metaphor	meta_L_temporal_pole	kj	KJ	word_label	kj_26	kj_26	26	0.38405458088688665
sub-28	meta_metaphor	meta_L_temporal_pole	kj	KJ	word_label	kj_25	kj_25	25	0.2336506114873425
sub-28	meta_metaphor	meta_L_temporal_pole	kj	KJ	word_label	kj_31	kj_31	31	-0.08778784307265164
sub-28	meta_metaphor	meta_L_temporal_pole	kj	KJ	word_label	kj_30	kj_30	30	0.040463876627791114
sub-28	meta_metaphor	meta_L_temporal_pole	kj	KJ	word_label	kj_9	kj_9	9	0.035738551837895885
sub-28	meta_metaphor	meta_L_temporal_pole	kj	KJ	word_label	kj_27	kj_27	27	-0.2558865031298175
sub-28	meta_metaphor	meta_L_temporal_pole	kj	KJ	word_label	kj_39	kj_39	39	0.18514456387878414
sub-28	meta_metaphor	meta_L_temporal_pole	kj	KJ	word_label	kj_22	kj_22	22	-0.10961023068883438
sub-28	meta_metaphor	meta_L_temporal_pole	kj	KJ	word_label	kj_2	kj_2	2	0.4631002951497772
sub-28	meta_metaphor	meta_L_temporal_pole	kj	KJ	word_label	kj_37	kj_37	37	0.5003028829408515
sub-28	meta_metaphor	meta_L_temporal_pole	kj	KJ	word_label	kj_33	kj_33	33	0.18448971469319067
sub-28	meta_metaphor	meta_L_temporal_pole	kj	KJ	word_label	kj_14	kj_14	14	-0.08928745850962608
sub-28	meta_metaphor	meta_L_temporal_pole	kj	KJ	word_label	kj_21	kj_21	21	0.1485073872862414
sub-28	meta_metaphor	meta_L_temporal_pole	kj	KJ	word_label	kj_29	kj_29	29	0.3088881639156213
sub-28	meta_metaphor	meta_L_temporal_pole	kj	KJ	word_label	kj_36	kj_36	36	0.4391657904938449
sub-28	meta_metaphor	meta_L_temporal_pole	kj	KJ	word_label	kj_1	kj_1	1	0.5403870971520099
sub-28	meta_metaphor	meta_L_temporal_pole	kj	KJ	word_label	kj_11	kj_11	11	0.3932119461283598
sub-28	meta_metaphor	meta_L_temporal_pole	kj	KJ	word_label	kj_17	kj_17	17	0.12049291008229518
sub-28	meta_metaphor	meta_L_temporal_pole	kj	KJ	word_label	kj_19	kj_19	19	0.1532705521228045
sub-28	meta_metaphor	meta_L_temporal_pole	kj	KJ	word_label	kj_12	kj_12	12	0.1751819287286877
sub-28	meta_metaphor	meta_L_temporal_pole	kj	KJ	word_label	kj_6	kj_6	6	0.314937227263938
sub-28	meta_metaphor	meta_L_temporal_pole	kj	KJ	word_label	kj_24	kj_24	24	-0.07248227012428915
sub-28	meta_metaphor	meta_L_temporal_pole	kj	KJ	word_label	kj_38	kj_38	38	0.1371209020309965
sub-28	meta_metaphor	meta_R_AG	yy	YY	word_label	yy_12	yy_12	12	-0.5266604466695405
sub-28	meta_metaphor	meta_R_AG	yy	YY	word_label	yy_1	yy_1	1	0.5117829774564712
sub-28	meta_metaphor	meta_R_AG	yy	YY	word_label	yy_4	yy_4	4	-0.543295264345379
sub-28	meta_metaphor	meta_R_AG	yy	YY	word_label	yy_33	yy_33	33	0.25409586522862965
sub-28	meta_metaphor	meta_R_AG	yy	YY	word_label	yy_19	yy_19	19	-0.47928274329879134
sub-28	meta_metaphor	meta_R_AG	yy	YY	word_label	yy_40	yy_40	40	-0.6690569881676085
sub-28	meta_metaphor	meta_R_AG	yy	YY	word_label	yy_37	yy_37	37	-0.651799103746321
sub-28	meta_metaphor	meta_R_AG	yy	YY	word_label	yy_2	yy_2	2	-0.11406045740142091
sub-28	meta_metaphor	meta_R_AG	yy	YY	word_label	yy_11	yy_11	11	-0.6654806925797373
sub-28	meta_metaphor	meta_R_AG	yy	YY	word_label	yy_35	yy_35	35	-0.03475978173799079
sub-28	meta_metaphor	meta_R_AG	yy	YY	word_label	yy_8	yy_8	8	0.20977488937266867
sub-28	meta_metaphor	meta_R_AG	yy	YY	word_label	yy_16	yy_16	16	-0.697331420728828
sub-28	meta_metaphor	meta_R_AG	yy	YY	word_label	yy_3	yy_3	3	-0.44920619938294193
sub-28	meta_metaphor	meta_R_AG	yy	YY	word_label	yy_5	yy_5	5	0.7240071334692525
sub-28	meta_metaphor	meta_R_AG	yy	YY	word_label	yy_38	yy_38	38	-0.06034254789358625
sub-28	meta_metaphor	meta_R_AG	yy	YY	word_label	yy_26	yy_26	26	-0.8494262788553077
sub-28	meta_metaphor	meta_R_AG	yy	YY	word_label	yy_28	yy_28	28	-0.3668417901790513
sub-28	meta_metaphor	meta_R_AG	yy	YY	word_label	yy_7	yy_7	7	0.5909632227338334
sub-28	meta_metaphor	meta_R_AG	yy	YY	word_label	yy_18	yy_18	18	0.5915363701931005
sub-28	meta_metaphor	meta_R_AG	yy	YY	word_label	yy_14	yy_14	14	-0.1427679296830912
sub-28	meta_metaphor	meta_R_AG	yy	YY	word_label	yy_32	yy_32	32	-0.4537938910775366
sub-28	meta_metaphor	meta_R_AG	yy	YY	word_label	yy_9	yy_9	9	0.806329721105352
sub-28	meta_metaphor	meta_R_AG	yy	YY	word_label	yy_27	yy_27	27	0.26644648657765757
sub-28	meta_metaphor	meta_R_AG	yy	YY	word_label	yy_21	yy_21	21	0.16280765498484695
sub-28	meta_metaphor	meta_R_AG	yy	YY	word_label	yy_6	yy_6	6	0.5420387608049789
sub-28	meta_metaphor	meta_R_AG	yy	YY	word_label	yy_23	yy_23	23	-0.03090005086641564
sub-28	meta_metaphor	meta_R_AG	yy	YY	word_label	yy_24	yy_24	24	0.5290870489325237
sub-28	meta_metaphor	meta_R_AG	yy	YY	word_label	yy_36	yy_36	36	-0.6008363485072191
sub-28	meta_metaphor	meta_R_AG	yy	YY	word_label	yy_39	yy_39	39	-0.7449546861144931
sub-28	meta_metaphor	meta_R_AG	yy	YY	word_label	yy_15	yy_15	15	0.06605000162508114
sub-28	meta_metaphor	meta_R_AG	yy	YY	word_label	yy_22	yy_22	22	-0.42064343120198583
sub-28	meta_metaphor	meta_R_AG	yy	YY	word_label	yy_13	yy_13	13	-0.1737941574971929
sub-28	meta_metaphor	meta_R_AG	yy	YY	word_label	yy_29	yy_29	29	-0.1960046308887525
sub-28	meta_metaphor	meta_R_AG	yy	YY	word_label	yy_17	yy_17	17	-0.45666625840776665
sub-28	meta_metaphor	meta_R_AG	yy	YY	word_label	yy_10	yy_10	10	0.2666150806124769
sub-28	meta_metaphor	meta_R_AG	kj	KJ	word_label	kj_10	kj_10	10	0.07960305394812611
sub-28	meta_metaphor	meta_R_AG	kj	KJ	word_label	kj_7	kj_7	7	-0.04514636071998143
sub-28	meta_metaphor	meta_R_AG	kj	KJ	word_label	kj_16	kj_16	16	-0.6220484944848765
sub-28	meta_metaphor	meta_R_AG	kj	KJ	word_label	kj_15	kj_15	15	0.027035796234448455
sub-28	meta_metaphor	meta_R_AG	kj	KJ	word_label	kj_5	kj_5	5	-0.4406568415870625
sub-28	meta_metaphor	meta_R_AG	kj	KJ	word_label	kj_23	kj_23	23	0.3641958570352001
sub-28	meta_metaphor	meta_R_AG	kj	KJ	word_label	kj_28	kj_28	28	0.2006388280648412
sub-28	meta_metaphor	meta_R_AG	kj	KJ	word_label	kj_3	kj_3	3	-0.10339351909117384
sub-28	meta_metaphor	meta_R_AG	kj	KJ	word_label	kj_34	kj_34	34	-0.7046887845818037
sub-28	meta_metaphor	meta_R_AG	kj	KJ	word_label	kj_20	kj_20	20	0.33759995416526545
sub-28	meta_metaphor	meta_R_AG	kj	KJ	word_label	kj_8	kj_8	8	-0.6401842840324569
sub-28	meta_metaphor	meta_R_AG	kj	KJ	word_label	kj_13	kj_13	13	0.40773832333160015
sub-28	meta_metaphor	meta_R_AG	kj	KJ	word_label	kj_26	kj_26	26	-0.5507060635915547
sub-28	meta_metaphor	meta_R_AG	kj	KJ	word_label	kj_25	kj_25	25	-0.16363487754492007
sub-28	meta_metaphor	meta_R_AG	kj	KJ	word_label	kj_31	kj_31	31	-0.2712007951277971
sub-28	meta_metaphor	meta_R_AG	kj	KJ	word_label	kj_30	kj_30	30	0.1900980145067031
sub-28	meta_metaphor	meta_R_AG	kj	KJ	word_label	kj_9	kj_9	9	-0.06031131065243346
sub-28	meta_metaphor	meta_R_AG	kj	KJ	word_label	kj_27	kj_27	27	0.5516247391100986
sub-28	meta_metaphor	meta_R_AG	kj	KJ	word_label	kj_39	kj_39	39	-0.34908524734783025
sub-28	meta_metaphor	meta_R_AG	kj	KJ	word_label	kj_22	kj_22	22	-0.597384496168357
sub-28	meta_metaphor	meta_R_AG	kj	KJ	word_label	kj_2	kj_2	2	-0.11708537326539255
sub-28	meta_metaphor	meta_R_AG	kj	KJ	word_label	kj_37	kj_37	37	0.04200067835333951
sub-28	meta_metaphor	meta_R_AG	kj	KJ	word_label	kj_33	kj_33	33	-0.3984420238420317
sub-28	meta_metaphor	meta_R_AG	kj	KJ	word_label	kj_14	kj_14	14	0.6893173344682244
sub-28	meta_metaphor	meta_R_AG	kj	KJ	word_label	kj_21	kj_21	21	0.47405320249668387
sub-28	meta_metaphor	meta_R_AG	kj	KJ	word_label	kj_29	kj_29	29	-0.4907139578836205
sub-28	meta_metaphor	meta_R_AG	kj	KJ	word_label	kj_36	kj_36	36	-0.16031415945331343
sub-28	meta_metaphor	meta_R_AG	kj	KJ	word_label	kj_1	kj_1	1	-0.7301884393800541
sub-28	meta_metaphor	meta_R_AG	kj	KJ	word_label	kj_11	kj_11	11	0.07562577908021711
sub-28	meta_metaphor	meta_R_AG	kj	KJ	word_label	kj_17	kj_17	17	0.36919241840840217
sub-28	meta_metaphor	meta_R_AG	kj	KJ	word_label	kj_19	kj_19	19	-0.34517017734102307
sub-28	meta_metaphor	meta_R_AG	kj	KJ	word_label	kj_12	kj_12	12	-0.5110187579120339
sub-28	meta_metaphor	meta_R_AG	kj	KJ	word_label	kj_6	kj_6	6	-0.25752625502317356
sub-28	meta_metaphor	meta_R_AG	kj	KJ	word_label	kj_24	kj_24	24	0.07350390768517101
sub-28	meta_metaphor	meta_R_AG	kj	KJ	word_label	kj_38	kj_38	38	-0.39961656038177273
sub-28	meta_metaphor	meta_R_IFG	yy	YY	word_label	yy_12	yy_12	12	-0.3631237712436986
sub-28	meta_metaphor	meta_R_IFG	yy	YY	word_label	yy_1	yy_1	1	0.10775375730888734
sub-28	meta_metaphor	meta_R_IFG	yy	YY	word_label	yy_4	yy_4	4	-0.605184296637386
sub-28	meta_metaphor	meta_R_IFG	yy	YY	word_label	yy_33	yy_33	33	-0.19169155468644555
sub-28	meta_metaphor	meta_R_IFG	yy	YY	word_label	yy_19	yy_19	19	-0.7465917625942841
sub-28	meta_metaphor	meta_R_IFG	yy	YY	word_label	yy_40	yy_40	40	0.08961666108395777
sub-28	meta_metaphor	meta_R_IFG	yy	YY	word_label	yy_37	yy_37	37	-0.023474875357729602
sub-28	meta_metaphor	meta_R_IFG	yy	YY	word_label	yy_2	yy_2	2	-0.15851490530270237
sub-28	meta_metaphor	meta_R_IFG	yy	YY	word_label	yy_11	yy_11	11	0.21505131797520013
sub-28	meta_metaphor	meta_R_IFG	yy	YY	word_label	yy_35	yy_35	35	0.05162449061614191
sub-28	meta_metaphor	meta_R_IFG	yy	YY	word_label	yy_8	yy_8	8	0.08207556336673906
sub-28	meta_metaphor	meta_R_IFG	yy	YY	word_label	yy_16	yy_16	16	-0.51205859633471
sub-28	meta_metaphor	meta_R_IFG	yy	YY	word_label	yy_3	yy_3	3	-0.2910672633285402
sub-28	meta_metaphor	meta_R_IFG	yy	YY	word_label	yy_5	yy_5	5	0.4231286642074226
sub-28	meta_metaphor	meta_R_IFG	yy	YY	word_label	yy_38	yy_38	38	-0.3995675516694315
sub-28	meta_metaphor	meta_R_IFG	yy	YY	word_label	yy_26	yy_26	26	0.5110678625848026
sub-28	meta_metaphor	meta_R_IFG	yy	YY	word_label	yy_28	yy_28	28	0.6300264541620562
sub-28	meta_metaphor	meta_R_IFG	yy	YY	word_label	yy_7	yy_7	7	-0.3880184867469719
sub-28	meta_metaphor	meta_R_IFG	yy	YY	word_label	yy_18	yy_18	18	0.5886875470269
sub-28	meta_metaphor	meta_R_IFG	yy	YY	word_label	yy_14	yy_14	14	0.47640128526946246
sub-28	meta_metaphor	meta_R_IFG	yy	YY	word_label	yy_32	yy_32	32	-0.20093945691282666
sub-28	meta_metaphor	meta_R_IFG	yy	YY	word_label	yy_9	yy_9	9	0.35798871722792325
sub-28	meta_metaphor	meta_R_IFG	yy	YY	word_label	yy_27	yy_27	27	0.3410621016509565
sub-28	meta_metaphor	meta_R_IFG	yy	YY	word_label	yy_21	yy_21	21	-0.2684192524523531
sub-28	meta_metaphor	meta_R_IFG	yy	YY	word_label	yy_6	yy_6	6	-0.013528460368086928
sub-28	meta_metaphor	meta_R_IFG	yy	YY	word_label	yy_23	yy_23	23	0.5469003740786287
sub-28	meta_metaphor	meta_R_IFG	yy	YY	word_label	yy_24	yy_24	24	-0.6204592921286619
sub-28	meta_metaphor	meta_R_IFG	yy	YY	word_label	yy_36	yy_36	36	-0.24122025755586918
sub-28	meta_metaphor	meta_R_IFG	yy	YY	word_label	yy_39	yy_39	39	-0.4263188349067427
sub-28	meta_metaphor	meta_R_IFG	yy	YY	word_label	yy_15	yy_15	15	0.03423291581619337
sub-28	meta_metaphor	meta_R_IFG	yy	YY	word_label	yy_22	yy_22	22	0.012586167612972331
sub-28	meta_metaphor	meta_R_IFG	yy	YY	word_label	yy_13	yy_13	13	0.7773438211097574
sub-28	meta_metaphor	meta_R_IFG	yy	YY	word_label	yy_29	yy_29	29	-0.6543779105111168
sub-28	meta_metaphor	meta_R_IFG	yy	YY	word_label	yy_17	yy_17	17	-0.058185763852874925
sub-28	meta_metaphor	meta_R_IFG	yy	YY	word_label	yy_10	yy_10	10	-0.5843818531081509
sub-28	meta_metaphor	meta_R_IFG	kj	KJ	word_label	kj_10	kj_10	10	0.3109292266193637
sub-28	meta_metaphor	meta_R_IFG	kj	KJ	word_label	kj_7	kj_7	7	-0.5244468044373135
sub-28	meta_metaphor	meta_R_IFG	kj	KJ	word_label	kj_16	kj_16	16	0.04992621121206148
sub-28	meta_metaphor	meta_R_IFG	kj	KJ	word_label	kj_15	kj_15	15	0.38182825374601487
sub-28	meta_metaphor	meta_R_IFG	kj	KJ	word_label	kj_5	kj_5	5	-0.09527773660547074
sub-28	meta_metaphor	meta_R_IFG	kj	KJ	word_label	kj_23	kj_23	23	0.22797045449966788
sub-28	meta_metaphor	meta_R_IFG	kj	KJ	word_label	kj_28	kj_28	28	-0.699674986432584
sub-28	meta_metaphor	meta_R_IFG	kj	KJ	word_label	kj_3	kj_3	3	0.40408731360792477
sub-28	meta_metaphor	meta_R_IFG	kj	KJ	word_label	kj_34	kj_34	34	-0.21563285503625532
sub-28	meta_metaphor	meta_R_IFG	kj	KJ	word_label	kj_20	kj_20	20	0.6737323529404374
sub-28	meta_metaphor	meta_R_IFG	kj	KJ	word_label	kj_8	kj_8	8	-0.5202854661138346
sub-28	meta_metaphor	meta_R_IFG	kj	KJ	word_label	kj_13	kj_13	13	0.018896304758399915
sub-28	meta_metaphor	meta_R_IFG	kj	KJ	word_label	kj_26	kj_26	26	0.3365514512278145
sub-28	meta_metaphor	meta_R_IFG	kj	KJ	word_label	kj_25	kj_25	25	0.5553917172740498
sub-28	meta_metaphor	meta_R_IFG	kj	KJ	word_label	kj_31	kj_31	31	-0.492504191656349
sub-28	meta_metaphor	meta_R_IFG	kj	KJ	word_label	kj_30	kj_30	30	0.21675520339917895
sub-28	meta_metaphor	meta_R_IFG	kj	KJ	word_label	kj_9	kj_9	9	0.19333223602944474
sub-28	meta_metaphor	meta_R_IFG	kj	KJ	word_label	kj_27	kj_27	27	-0.001096520913756968
sub-28	meta_metaphor	meta_R_IFG	kj	KJ	word_label	kj_39	kj_39	39	-0.13283825914811387
sub-28	meta_metaphor	meta_R_IFG	kj	KJ	word_label	kj_22	kj_22	22	0.20698129067520624
sub-28	meta_metaphor	meta_R_IFG	kj	KJ	word_label	kj_2	kj_2	2	-0.22930147565374642
sub-28	meta_metaphor	meta_R_IFG	kj	KJ	word_label	kj_37	kj_37	37	-0.6822965616499258
sub-28	meta_metaphor	meta_R_IFG	kj	KJ	word_label	kj_33	kj_33	33	0.2635668324570607
sub-28	meta_metaphor	meta_R_IFG	kj	KJ	word_label	kj_14	kj_14	14	-0.015807041176808
sub-28	meta_metaphor	meta_R_IFG	kj	KJ	word_label	kj_21	kj_21	21	0.7018235438952141
sub-28	meta_metaphor	meta_R_IFG	kj	KJ	word_label	kj_29	kj_29	29	-0.34352415934423447
sub-28	meta_metaphor	meta_R_IFG	kj	KJ	word_label	kj_36	kj_36	36	0.7218041040971701
sub-28	meta_metaphor	meta_R_IFG	kj	KJ	word_label	kj_1	kj_1	1	-0.6723433381674874
sub-28	meta_metaphor	meta_R_IFG	kj	KJ	word_label	kj_11	kj_11	11	-0.28947637684813193
sub-28	meta_metaphor	meta_R_IFG	kj	KJ	word_label	kj_17	kj_17	17	-0.4819530148576645
sub-28	meta_metaphor	meta_R_IFG	kj	KJ	word_label	kj_19	kj_19	19	-0.1522927281587028
sub-28	meta_metaphor	meta_R_IFG	kj	KJ	word_label	kj_12	kj_12	12	0.3966474480767893
sub-28	meta_metaphor	meta_R_IFG	kj	KJ	word_label	kj_6	kj_6	6	0.31266612707541147
sub-28	meta_metaphor	meta_R_IFG	kj	KJ	word_label	kj_24	kj_24	24	0.6268951164960475
sub-28	meta_metaphor	meta_R_IFG	kj	KJ	word_label	kj_38	kj_38	38	-0.3691123486164316
sub-28	meta_metaphor	meta_R_pMTG_pSTS	yy	YY	word_label	yy_12	yy_12	12	0.3313987796145861
sub-28	meta_metaphor	meta_R_pMTG_pSTS	yy	YY	word_label	yy_1	yy_1	1	0.5644274212919318
sub-28	meta_metaphor	meta_R_pMTG_pSTS	yy	YY	word_label	yy_4	yy_4	4	-0.06438565778486706
sub-28	meta_metaphor	meta_R_pMTG_pSTS	yy	YY	word_label	yy_33	yy_33	33	-0.3649101991948383
sub-28	meta_metaphor	meta_R_pMTG_pSTS	yy	YY	word_label	yy_19	yy_19	19	0.14927432382226474
sub-28	meta_metaphor	meta_R_pMTG_pSTS	yy	YY	word_label	yy_40	yy_40	40	-0.36619173184379644
sub-28	meta_metaphor	meta_R_pMTG_pSTS	yy	YY	word_label	yy_37	yy_37	37	0.2180967495437992
sub-28	meta_metaphor	meta_R_pMTG_pSTS	yy	YY	word_label	yy_2	yy_2	2	0.31887863860329674
sub-28	meta_metaphor	meta_R_pMTG_pSTS	yy	YY	word_label	yy_11	yy_11	11	-0.0008980105130669421
sub-28	meta_metaphor	meta_R_pMTG_pSTS	yy	YY	word_label	yy_35	yy_35	35	0.1321246778280612
sub-28	meta_metaphor	meta_R_pMTG_pSTS	yy	YY	word_label	yy_8	yy_8	8	0.2704197370132755
sub-28	meta_metaphor	meta_R_pMTG_pSTS	yy	YY	word_label	yy_16	yy_16	16	-0.4348589738715624
sub-28	meta_metaphor	meta_R_pMTG_pSTS	yy	YY	word_label	yy_3	yy_3	3	-0.18998491068521398
sub-28	meta_metaphor	meta_R_pMTG_pSTS	yy	YY	word_label	yy_5	yy_5	5	0.39014850132536344
sub-28	meta_metaphor	meta_R_pMTG_pSTS	yy	YY	word_label	yy_38	yy_38	38	0.4078661198890083
sub-28	meta_metaphor	meta_R_pMTG_pSTS	yy	YY	word_label	yy_26	yy_26	26	-0.05882147556959431
sub-28	meta_metaphor	meta_R_pMTG_pSTS	yy	YY	word_label	yy_28	yy_28	28	-0.32208732532289697
sub-28	meta_metaphor	meta_R_pMTG_pSTS	yy	YY	word_label	yy_7	yy_7	7	0.4127487754650622
sub-28	meta_metaphor	meta_R_pMTG_pSTS	yy	YY	word_label	yy_18	yy_18	18	0.5772774667269274
sub-28	meta_metaphor	meta_R_pMTG_pSTS	yy	YY	word_label	yy_14	yy_14	14	0.39328136722499935
sub-28	meta_metaphor	meta_R_pMTG_pSTS	yy	YY	word_label	yy_32	yy_32	32	0.07769114947946186
sub-28	meta_metaphor	meta_R_pMTG_pSTS	yy	YY	word_label	yy_9	yy_9	9	0.5460458034230321
sub-28	meta_metaphor	meta_R_pMTG_pSTS	yy	YY	word_label	yy_27	yy_27	27	-0.2836295646779401
sub-28	meta_metaphor	meta_R_pMTG_pSTS	yy	YY	word_label	yy_21	yy_21	21	0.17536348219419914
sub-28	meta_metaphor	meta_R_pMTG_pSTS	yy	YY	word_label	yy_6	yy_6	6	0.5180857796488758
sub-28	meta_metaphor	meta_R_pMTG_pSTS	yy	YY	word_label	yy_23	yy_23	23	0.17239000800918433
sub-28	meta_metaphor	meta_R_pMTG_pSTS	yy	YY	word_label	yy_24	yy_24	24	-0.2925933780478162
sub-28	meta_metaphor	meta_R_pMTG_pSTS	yy	YY	word_label	yy_36	yy_36	36	0.555501697835963
sub-28	meta_metaphor	meta_R_pMTG_pSTS	yy	YY	word_label	yy_39	yy_39	39	-0.12805997609187939
sub-28	meta_metaphor	meta_R_pMTG_pSTS	yy	YY	word_label	yy_15	yy_15	15	-0.2913411554259534
sub-28	meta_metaphor	meta_R_pMTG_pSTS	yy	YY	word_label	yy_22	yy_22	22	0.5517048300062476
sub-28	meta_metaphor	meta_R_pMTG_pSTS	yy	YY	word_label	yy_13	yy_13	13	-0.2552562464672793
sub-28	meta_metaphor	meta_R_pMTG_pSTS	yy	YY	word_label	yy_29	yy_29	29	-0.2734403086147914
sub-28	meta_metaphor	meta_R_pMTG_pSTS	yy	YY	word_label	yy_17	yy_17	17	-0.4483178943826663
sub-28	meta_metaphor	meta_R_pMTG_pSTS	yy	YY	word_label	yy_10	yy_10	10	0.21259181501358299
sub-28	meta_metaphor	meta_R_pMTG_pSTS	kj	KJ	word_label	kj_10	kj_10	10	0.005679731061983105
sub-28	meta_metaphor	meta_R_pMTG_pSTS	kj	KJ	word_label	kj_7	kj_7	7	0.3531831183478749
sub-28	meta_metaphor	meta_R_pMTG_pSTS	kj	KJ	word_label	kj_16	kj_16	16	0.018899740541166683
sub-28	meta_metaphor	meta_R_pMTG_pSTS	kj	KJ	word_label	kj_15	kj_15	15	0.6314521073144301
sub-28	meta_metaphor	meta_R_pMTG_pSTS	kj	KJ	word_label	kj_5	kj_5	5	0.1606312625918509
sub-28	meta_metaphor	meta_R_pMTG_pSTS	kj	KJ	word_label	kj_23	kj_23	23	0.13763333264774788
sub-28	meta_metaphor	meta_R_pMTG_pSTS	kj	KJ	word_label	kj_28	kj_28	28	-0.27737415430115636
sub-28	meta_metaphor	meta_R_pMTG_pSTS	kj	KJ	word_label	kj_3	kj_3	3	0.63398424757492
sub-28	meta_metaphor	meta_R_pMTG_pSTS	kj	KJ	word_label	kj_34	kj_34	34	0.1687223139869569
sub-28	meta_metaphor	meta_R_pMTG_pSTS	kj	KJ	word_label	kj_20	kj_20	20	0.3505441253962957
sub-28	meta_metaphor	meta_R_pMTG_pSTS	kj	KJ	word_label	kj_8	kj_8	8	0.4442020398172327
sub-28	meta_metaphor	meta_R_pMTG_pSTS	kj	KJ	word_label	kj_13	kj_13	13	0.42424870570980844
sub-28	meta_metaphor	meta_R_pMTG_pSTS	kj	KJ	word_label	kj_26	kj_26	26	0.20887958953047303
sub-28	meta_metaphor	meta_R_pMTG_pSTS	kj	KJ	word_label	kj_25	kj_25	25	0.21289048445824385
sub-28	meta_metaphor	meta_R_pMTG_pSTS	kj	KJ	word_label	kj_31	kj_31	31	0.12379096358731864
sub-28	meta_metaphor	meta_R_pMTG_pSTS	kj	KJ	word_label	kj_30	kj_30	30	-0.12046692953671473
sub-28	meta_metaphor	meta_R_pMTG_pSTS	kj	KJ	word_label	kj_9	kj_9	9	-0.416051388771421
sub-28	meta_metaphor	meta_R_pMTG_pSTS	kj	KJ	word_label	kj_27	kj_27	27	-0.08721207337236189
sub-28	meta_metaphor	meta_R_pMTG_pSTS	kj	KJ	word_label	kj_39	kj_39	39	-0.5023928851480096
sub-28	meta_metaphor	meta_R_pMTG_pSTS	kj	KJ	word_label	kj_22	kj_22	22	0.3828149070753408
sub-28	meta_metaphor	meta_R_pMTG_pSTS	kj	KJ	word_label	kj_2	kj_2	2	0.20022610566095586
sub-28	meta_metaphor	meta_R_pMTG_pSTS	kj	KJ	word_label	kj_37	kj_37	37	-0.28728212181464857
sub-28	meta_metaphor	meta_R_pMTG_pSTS	kj	KJ	word_label	kj_33	kj_33	33	0.354423007890898
sub-28	meta_metaphor	meta_R_pMTG_pSTS	kj	KJ	word_label	kj_14	kj_14	14	0.5460996643264266
sub-28	meta_metaphor	meta_R_pMTG_pSTS	kj	KJ	word_label	kj_21	kj_21	21	0.008165729385094455
sub-28	meta_metaphor	meta_R_pMTG_pSTS	kj	KJ	word_label	kj_29	kj_29	29	0.035680678723439406
sub-28	meta_metaphor	meta_R_pMTG_pSTS	kj	KJ	word_label	kj_36	kj_36	36	0.34090176111692494
sub-28	meta_metaphor	meta_R_pMTG_pSTS	kj	KJ	word_label	kj_1	kj_1	1	-0.04396100591257061
sub-28	meta_metaphor	meta_R_pMTG_pSTS	kj	KJ	word_label	kj_11	kj_11	11	0.28590198539523226
sub-28	meta_metaphor	meta_R_pMTG_pSTS	kj	KJ	word_label	kj_17	kj_17	17	0.49709697859901064
sub-28	meta_metaphor	meta_R_pMTG_pSTS	kj	KJ	word_label	kj_19	kj_19	19	0.16080876909389882
sub-28	meta_metaphor	meta_R_pMTG_pSTS	kj	KJ	word_label	kj_12	kj_12	12	0.525135472235248
sub-28	meta_metaphor	meta_R_pMTG_pSTS	kj	KJ	word_label	kj_6	kj_6	6	0.3162683445243736
sub-28	meta_metaphor	meta_R_pMTG_pSTS	kj	KJ	word_label	kj_24	kj_24	24	0.011142532931304164
sub-28	meta_metaphor	meta_R_pMTG_pSTS	kj	KJ	word_label	kj_38	kj_38	38	0.038203901760755395
sub-28	meta_metaphor	meta_R_temporal_pole	yy	YY	word_label	yy_12	yy_12	12	0.02256633015325084
sub-28	meta_metaphor	meta_R_temporal_pole	yy	YY	word_label	yy_1	yy_1	1	0.6607005040623355
sub-28	meta_metaphor	meta_R_temporal_pole	yy	YY	word_label	yy_4	yy_4	4	0.5155826674383754
sub-28	meta_metaphor	meta_R_temporal_pole	yy	YY	word_label	yy_33	yy_33	33	-0.48619968661492813
sub-28	meta_metaphor	meta_R_temporal_pole	yy	YY	word_label	yy_19	yy_19	19	-0.6694923251738559
sub-28	meta_metaphor	meta_R_temporal_pole	yy	YY	word_label	yy_40	yy_40	40	0.16792439088867173
sub-28	meta_metaphor	meta_R_temporal_pole	yy	YY	word_label	yy_37	yy_37	37	0.41763723480687365
sub-28	meta_metaphor	meta_R_temporal_pole	yy	YY	word_label	yy_2	yy_2	2	-0.4636610053732386
sub-28	meta_metaphor	meta_R_temporal_pole	yy	YY	word_label	yy_11	yy_11	11	-0.3422914987246811
sub-28	meta_metaphor	meta_R_temporal_pole	yy	YY	word_label	yy_35	yy_35	35	0.3510770354021839
sub-28	meta_metaphor	meta_R_temporal_pole	yy	YY	word_label	yy_8	yy_8	8	0.2761849649233158
sub-28	meta_metaphor	meta_R_temporal_pole	yy	YY	word_label	yy_16	yy_16	16	-0.551016020915928
sub-28	meta_metaphor	meta_R_temporal_pole	yy	YY	word_label	yy_3	yy_3	3	0.5486916572818265
sub-28	meta_metaphor	meta_R_temporal_pole	yy	YY	word_label	yy_5	yy_5	5	-0.1217799661546268
sub-28	meta_metaphor	meta_R_temporal_pole	yy	YY	word_label	yy_38	yy_38	38	0.12029100034647984
sub-28	meta_metaphor	meta_R_temporal_pole	yy	YY	word_label	yy_26	yy_26	26	-0.6058215207017242
sub-28	meta_metaphor	meta_R_temporal_pole	yy	YY	word_label	yy_28	yy_28	28	-0.17807482761588161
sub-28	meta_metaphor	meta_R_temporal_pole	yy	YY	word_label	yy_7	yy_7	7	-0.3109048172422244
sub-28	meta_metaphor	meta_R_temporal_pole	yy	YY	word_label	yy_18	yy_18	18	-0.1096605824647075
sub-28	meta_metaphor	meta_R_temporal_pole	yy	YY	word_label	yy_14	yy_14	14	-0.7280122031764763
sub-28	meta_metaphor	meta_R_temporal_pole	yy	YY	word_label	yy_32	yy_32	32	-0.16736779104020616
sub-28	meta_metaphor	meta_R_temporal_pole	yy	YY	word_label	yy_9	yy_9	9	-0.5821835517317449
sub-28	meta_metaphor	meta_R_temporal_pole	yy	YY	word_label	yy_27	yy_27	27	0.3727004745844286
sub-28	meta_metaphor	meta_R_temporal_pole	yy	YY	word_label	yy_21	yy_21	21	0.1343178450003296
sub-28	meta_metaphor	meta_R_temporal_pole	yy	YY	word_label	yy_6	yy_6	6	-0.30176049087707024
sub-28	meta_metaphor	meta_R_temporal_pole	yy	YY	word_label	yy_23	yy_23	23	-0.07422526323077036
sub-28	meta_metaphor	meta_R_temporal_pole	yy	YY	word_label	yy_24	yy_24	24	-0.5742230092768694
sub-28	meta_metaphor	meta_R_temporal_pole	yy	YY	word_label	yy_36	yy_36	36	0.5040541608322103
sub-28	meta_metaphor	meta_R_temporal_pole	yy	YY	word_label	yy_39	yy_39	39	0.4858343227889734
sub-28	meta_metaphor	meta_R_temporal_pole	yy	YY	word_label	yy_15	yy_15	15	-0.13081773272784786
sub-28	meta_metaphor	meta_R_temporal_pole	yy	YY	word_label	yy_22	yy_22	22	-0.4363344196591422
sub-28	meta_metaphor	meta_R_temporal_pole	yy	YY	word_label	yy_13	yy_13	13	0.7374517042050235
sub-28	meta_metaphor	meta_R_temporal_pole	yy	YY	word_label	yy_29	yy_29	29	-0.08609471747196899
sub-28	meta_metaphor	meta_R_temporal_pole	yy	YY	word_label	yy_17	yy_17	17	-0.46308241733070793
sub-28	meta_metaphor	meta_R_temporal_pole	yy	YY	word_label	yy_10	yy_10	10	-0.21333989110063345
sub-28	meta_metaphor	meta_R_temporal_pole	kj	KJ	word_label	kj_10	kj_10	10	-0.6763373698074233
sub-28	meta_metaphor	meta_R_temporal_pole	kj	KJ	word_label	kj_7	kj_7	7	-0.2622461646455114
sub-28	meta_metaphor	meta_R_temporal_pole	kj	KJ	word_label	kj_16	kj_16	16	0.6760830800337042
sub-28	meta_metaphor	meta_R_temporal_pole	kj	KJ	word_label	kj_15	kj_15	15	0.6022882338856435
sub-28	meta_metaphor	meta_R_temporal_pole	kj	KJ	word_label	kj_5	kj_5	5	0.4642143487833855
sub-28	meta_metaphor	meta_R_temporal_pole	kj	KJ	word_label	kj_23	kj_23	23	-0.17958755463724232
sub-28	meta_metaphor	meta_R_temporal_pole	kj	KJ	word_label	kj_28	kj_28	28	-0.07449058908305609
sub-28	meta_metaphor	meta_R_temporal_pole	kj	KJ	word_label	kj_3	kj_3	3	0.6865450759025032
sub-28	meta_metaphor	meta_R_temporal_pole	kj	KJ	word_label	kj_34	kj_34	34	-0.3686501926810661
sub-28	meta_metaphor	meta_R_temporal_pole	kj	KJ	word_label	kj_20	kj_20	20	0.11189641807007716
sub-28	meta_metaphor	meta_R_temporal_pole	kj	KJ	word_label	kj_8	kj_8	8	-0.528109116872407
sub-28	meta_metaphor	meta_R_temporal_pole	kj	KJ	word_label	kj_13	kj_13	13	0.01723868411469313
sub-28	meta_metaphor	meta_R_temporal_pole	kj	KJ	word_label	kj_26	kj_26	26	-0.44224773027879394
sub-28	meta_metaphor	meta_R_temporal_pole	kj	KJ	word_label	kj_25	kj_25	25	0.7515977336254012
sub-28	meta_metaphor	meta_R_temporal_pole	kj	KJ	word_label	kj_31	kj_31	31	0.27203318080948935
sub-28	meta_metaphor	meta_R_temporal_pole	kj	KJ	word_label	kj_30	kj_30	30	-0.24990643183742486
sub-28	meta_metaphor	meta_R_temporal_pole	kj	KJ	word_label	kj_9	kj_9	9	0.33896725815462375
sub-28	meta_metaphor	meta_R_temporal_pole	kj	KJ	word_label	kj_27	kj_27	27	0.36691751417191415
sub-28	meta_metaphor	meta_R_temporal_pole	kj	KJ	word_label	kj_39	kj_39	39	0.14754650523341004
sub-28	meta_metaphor	meta_R_temporal_pole	kj	KJ	word_label	kj_22	kj_22	22	-0.06975420891488636
sub-28	meta_metaphor	meta_R_temporal_pole	kj	KJ	word_label	kj_2	kj_2	2	0.11160333023594446
sub-28	meta_metaphor	meta_R_temporal_pole	kj	KJ	word_label	kj_37	kj_37	37	-0.5672286352582099
sub-28	meta_metaphor	meta_R_temporal_pole	kj	KJ	word_label	kj_33	kj_33	33	0.6737436002288784
sub-28	meta_metaphor	meta_R_temporal_pole	kj	KJ	word_label	kj_14	kj_14	14	-0.4626342094454822
sub-28	meta_metaphor	meta_R_temporal_pole	kj	KJ	word_label	kj_21	kj_21	21	0.16891302018482618
sub-28	meta_metaphor	meta_R_temporal_pole	kj	KJ	word_label	kj_29	kj_29	29	-0.2509518077408184
sub-28	meta_metaphor	meta_R_temporal_pole	kj	KJ	word_label	kj_36	kj_36	36	-0.22615698440643375
sub-28	meta_metaphor	meta_R_temporal_pole	kj	KJ	word_label	kj_1	kj_1	1	-0.2406982511554622
sub-28	meta_metaphor	meta_R_temporal_pole	kj	KJ	word_label	kj_11	kj_11	11	0.7510926239252996
sub-28	meta_metaphor	meta_R_temporal_pole	kj	KJ	word_label	kj_17	kj_17	17	-0.5996581807116321
sub-28	meta_metaphor	meta_R_temporal_pole	kj	KJ	word_label	kj_19	kj_19	19	-0.19781580440665766
sub-28	meta_metaphor	meta_R_temporal_pole	kj	KJ	word_label	kj_12	kj_12	12	-0.45268997800128924
sub-28	meta_metaphor	meta_R_temporal_pole	kj	KJ	word_label	kj_6	kj_6	6	0.4543898262415149
sub-28	meta_metaphor	meta_R_temporal_pole	kj	KJ	word_label	kj_24	kj_24	24	0.09123835964574853
sub-28	meta_metaphor	meta_R_temporal_pole	kj	KJ	word_label	kj_38	kj_38	38	0.5033272485407656
